181.0000,189.2500,175.0000,188.0000,165481104
188.0000,189.1300,183.9450,186.5000,39875400
188.0000,190.0000,182.5320,188.0000,15910100
188.2500,189.7500,186.0830,189.2500,15913100
190.0000,194.0830,188.4150,193.0000,16412900
192.5000,194.0000,189.0000,192.7500,7572500
193.7500,195.7500,191.6580,195.0000,11959200
195.0000,195.0000,191.6180,193.0000,5216200
192.5000,192.5000,188.9080,189.2500,6784800
188.0000,192.0350,188.0000,190.0000,5353100
190.2500,193.7500,188.3880,191.5000,3279300
190.0000,192.7500,189.1680,192.5000,2555400
193.0000,193.0000,190.0000,190.2500,2579900
191.0000,193.5000,189.6930,193.5000,3211700
193.5000,195.0000,191.6750,194.5000,2772600
193.2500,199.0000,192.4300,199.0000,3129500
197.0000,199.0000,193.7500,195.2500,3644100
198.0000,198.0000,193.5000,196.0000,2219000
197.7500,198.0000,193.5000,196.0000,1968500
195.7500,197.3900,193.0000,194.0000,2066500
197.5000,197.5000,193.5000,195.0000,749000
193.2500,195.0000,191.7500,194.0000,2564700
191.0000,196.0000,191.0000,194.5000,1402700
199.0000,199.0000,193.5000,195.5000,879100
197.2500,197.2500,193.3700,194.7500,943400
194.7500,195.8800,192.7500,194.7500,1647500
197.0000,197.0000,192.5000,194.7500,1435300
197.0000,197.0000,193.4120,195.2500,506200
196.7500,197.0000,192.5000,195.5000,812000
197.0000,198.0000,194.0000,197.0000,2365300
194.5000,202.0000,194.4650,200.0000,2422100
202.0000,203.2500,198.6180,202.2500,1053500
197.0000,204.0000,197.0000,200.7500,1485000
197.5000,203.7500,197.5000,202.0000,1454900
198.0000,203.7500,198.0000,203.7500,631800
204.0000,205.5000,201.0850,203.0000,656200
201.0000,202.7500,199.8100,202.7500,532200
198.0000,203.5280,198.0000,202.0000,1750700
203.0000,203.6680,197.2500,199.0000,886300
200.0000,201.0000,198.5000,199.0000,2003300
198.0000,202.1300,197.7500,199.2500,6942900
203.7500,203.7500,197.9630,201.0000,1393800
201.5000,202.2500,197.6500,200.2500,832800
197.5000,208.5200,197.0000,206.0000,2645900
201.2500,209.0000,201.2500,209.0000,2360100
207.7500,213.7500,204.4730,211.7500,4332000
211.0000,212.3100,208.0000,210.0000,2493600
210.5000,211.7500,207.8750,210.0000,2211200
211.0000,213.0000,206.4000,213.0000,2586300
213.0000,215.0000,209.0000,210.0000,2783100
214.0000,214.2500,207.9750,210.5000,3256000
215.0000,217.7500,207.2500,214.0000,29936700
213.0000,217.5000,210.1000,213.0000,338900
213.0000,213.0000,213.0000,213.0000,0
216.0000,217.0000,210.3000,212.5000,532000
213.2000,218.1000,211.0000,213.4000,703700
212.7000,216.4000,210.2200,216.4000,210500
216.4000,216.4000,216.4000,216.4000,0
217.5000,217.5000,211.5000,214.3000,1515600
213.9000,214.9000,210.3000,213.3000,1279100
212.0000,214.2000,211.4250,214.0000,998500
213.7000,216.2000,211.2000,212.1000,797200
210.0000,214.3000,210.0000,211.4000,1482900
214.6000,217.0000,210.2100,211.4000,2718600
211.3000,214.2500,211.3000,211.3000,717500
210.9000,213.1000,210.0000,211.0000,708500
210.6000,215.6100,210.4000,213.0000,2374600
212.0000,215.4500,210.8000,214.0000,1200600
213.6000,214.2000,210.0000,213.4000,1235900
210.0000,214.1000,210.0000,213.5000,4503300
212.9000,213.8300,211.0000,213.0000,1368000
215.1000,215.3420,213.0000,214.3000,333500
214.5000,218.4000,212.8450,217.7000,1499700
220.1000,220.1000,216.2760,218.8000,1877300
218.1000,223.3000,217.5000,223.3000,1552900
222.0000,225.5000,222.0000,223.6000,1766400
223.0000,226.5000,220.9000,225.0000,1337000
224.0000,225.3000,219.1170,219.8000,2730300
224.0000,224.0000,219.1600,220.6000,1248600
220.0000,225.7000,219.0870,222.9000,1762300
221.1000,223.1470,218.8620,221.0000,1186700
219.3000,221.7000,218.6000,218.7000,655900
221.0000,221.0000,218.6000,219.0000,1058400
219.6000,219.6000,216.5000,217.7000,3138400
217.5000,218.4600,215.8000,216.7000,628200
220.0000,220.0000,216.3700,219.0000,530300
219.6000,220.4000,215.8000,218.9000,595700
219.4000,219.9000,217.5700,219.1000,405800
219.4000,219.8000,218.1000,219.5000,812100
219.5000,219.5000,215.5860,216.0000,2797000
215.9000,218.6600,214.9260,216.4000,479700
217.1000,217.6000,215.1000,215.6000,241300
216.0000,216.6070,213.1000,214.3000,1432700
215.0000,218.1000,204.5730,206.0000,3630900
210.0000,210.0000,203.5780,208.0000,1514500
207.6000,211.8000,207.6000,210.0000,1658900
209.9000,213.0000,209.5000,211.0000,1194400
209.2000,212.9400,208.2000,211.3000,1101900
211.9000,212.0000,208.9730,210.5000,1374600
210.0000,214.3750,209.0000,211.0000,2588100
211.0000,211.0000,207.4000,208.0000,2205200
207.0000,208.9380,204.4400,206.5000,2236600
209.7000,211.2000,206.7000,206.7000,2601100
202.2000,202.4000,197.8000,201.4000,2553300
204.0000,206.7000,200.8000,206.1000,1726500
206.0000,216.0000,204.3400,209.3000,1594500
207.5000,214.0000,206.6930,210.3000,1445900
210.8000,212.7000,208.0000,210.2000,1836400
204.0000,209.1000,202.2000,205.0000,22467900
206.0000,208.0000,204.6900,206.0000,5138200
205.0000,206.7000,203.9400,205.0000,11676300
202.0000,205.1000,197.5000,204.7000,7396600
202.5000,205.7000,202.2000,203.6000,3134900
205.1000,207.7000,202.1000,207.0000,15638400
205.4000,208.8000,203.6000,203.8000,2622500
204.6000,207.3000,204.1000,204.7000,2739200
207.6000,207.6000,201.2000,201.2000,2157600
202.0000,203.6000,200.3000,202.0000,3971200
203.0000,203.3000,199.8600,201.5000,1869900
202.3000,205.1000,201.6500,203.8000,1817300
203.8000,203.8000,203.8000,203.8000,0
203.8000,203.8000,203.8000,203.8000,0
205.1000,205.1000,203.0000,204.4000,1842000
204.7000,206.9000,203.8000,204.0000,1514400
206.1000,206.1000,202.0200,202.2000,1660200
201.6000,202.6500,195.3000,198.2000,1942800
197.2000,200.1000,196.9600,199.5000,1692700
199.6000,202.0000,195.6200,200.1000,1895000
201.5000,204.3400,200.5000,203.9000,1332200
203.4000,205.4000,203.4000,204.8000,3970200
203.7000,208.3200,202.6000,207.6000,2635400
208.6000,208.6000,202.9000,207.0000,1553100
205.7000,206.9000,204.3000,206.3000,1292000
205.5000,206.9000,204.0500,204.8000,5789200
205.7000,205.7000,201.4000,202.0000,2361200
204.5000,204.5000,201.9000,202.7000,1075000
204.0000,204.5000,201.1000,201.8000,1081400
201.3000,202.8000,201.0000,201.7000,3299400
201.9000,205.0000,201.5000,202.0000,2388600
203.4000,203.4000,197.5000,199.6000,1844800
199.5000,200.5000,194.6900,200.5000,2285300
200.0000,201.2000,198.1600,199.9000,2099900
202.0000,202.7000,200.0000,202.5000,2301400
203.9000,204.1000,199.8450,204.1000,1012400
204.3000,206.4000,202.2000,203.8000,3025500
205.0000,205.0000,199.1000,201.6000,1967100
201.6000,201.6000,201.6000,201.6000,0
206.4000,206.4000,197.6000,200.0000,3197900
200.5000,201.4000,198.8000,199.2000,4200300
199.0000,200.1000,198.1000,198.6000,4447400
198.3000,201.5760,198.3000,200.5000,7207800
199.4000,202.7400,199.4000,200.1000,2470600
204.0000,204.2000,200.4000,203.4000,3907500
204.3000,207.7000,204.2850,205.1000,6609600
207.5000,208.9000,205.5000,205.5000,5788200
212.0000,221.6000,207.8800,208.5000,8753100
209.8000,212.9000,207.8000,211.3000,4548300
210.5000,212.6000,209.6000,212.1000,1915800
212.0000,217.0000,211.4500,214.6000,3192800
213.1000,213.1000,208.5000,210.9000,3198400
212.6000,212.6000,207.5000,209.4000,2195700
209.4000,209.4000,209.4000,209.4000,0
212.8000,212.8000,207.8000,209.6000,3969200
209.1000,209.6000,205.6000,206.0000,2286000
207.0000,209.4000,205.5000,207.4000,2769500
207.9000,212.7000,205.7000,212.0000,47500000
211.6000,213.0000,209.0000,211.5000,3456400
212.0000,214.3000,210.9000,213.4000,3834600
213.0000,216.4000,212.7200,213.9000,3601500
213.9000,216.1000,211.3000,211.5000,2536200
211.8000,212.9000,210.7000,212.2000,2038500
210.9000,214.4000,210.9000,213.3000,1250600
214.5000,215.2500,212.2000,214.8000,2755800
213.9000,214.8000,211.9300,214.1000,2658700
212.8000,214.8000,209.6000,214.0000,1314500
214.3000,215.1800,211.5000,212.2000,2056800
213.6000,215.3000,212.2000,213.4000,1442700
212.9000,216.1000,212.3000,215.4000,1919100
216.2000,217.1000,214.0000,216.5000,3328700
215.1000,216.8000,211.1000,213.3000,1753000
213.5000,219.0000,212.2000,219.0000,10466200
218.1000,219.4000,215.5000,218.0000,3135100
218.3000,220.1000,217.4000,219.1000,2108400
222.0000,232.7000,222.0000,227.4000,8412000
227.5000,232.5000,225.0000,228.7000,5683800
230.0000,234.5000,228.6000,233.0000,4711300
235.0000,238.0000,231.5000,234.1000,2586300
234.2000,234.2000,229.3500,230.6000,2644400
230.3000,230.3000,226.4000,227.6000,2714000
227.7000,230.3000,226.3000,227.3000,2625500
227.4000,228.5000,225.4000,225.9000,1752400
226.0000,230.3000,225.5800,229.1000,2181000
229.7000,230.4000,224.7000,225.3000,4005000
224.8000,226.0500,218.6000,225.3000,3042400
225.8000,227.3000,221.6000,222.0000,4064600
221.9000,226.0000,221.9000,225.7000,1011800
225.8000,227.9000,225.3000,227.4000,2086500
227.3000,228.6000,223.3000,225.8000,2417900
225.9000,229.8000,225.3000,227.6000,2946300
228.0000,229.2000,225.9000,226.7000,2698300
226.8000,227.9000,223.7000,225.0000,1847200
225.1000,226.2000,223.8000,225.0000,1467600
225.1000,227.1000,222.7000,222.8000,1650400
222.9000,226.4000,222.9000,224.6000,1275700
224.5000,227.3000,223.6000,225.9000,2238400
226.0000,226.7000,224.1000,225.9000,966100
225.8000,225.8000,222.3560,224.7000,1258500
224.6000,226.4000,223.0000,225.8000,790000
225.7000,228.6000,224.5000,226.8000,1660900
226.8000,231.0000,225.4000,229.5000,1876000
230.7000,237.6000,226.6710,236.2000,3262500
235.6000,235.6000,231.8000,232.6000,2301900
232.5000,232.5810,225.2000,226.4000,3651800
226.2000,228.0000,221.7000,221.8000,2452900
221.9000,224.0000,221.6000,223.0000,1445100
223.1000,224.8000,218.9000,221.3000,3040100
221.4000,223.8000,220.5000,223.5000,1220800
223.4000,233.9000,223.2000,232.3000,9324600
228.0000,228.0000,223.2000,223.4000,1827300
223.3000,223.5000,214.3000,216.2000,1975200
216.1000,218.4000,214.6000,216.7000,2114500
216.6000,218.3000,215.7200,217.0000,1166800
216.9000,218.2000,215.1000,216.5000,780300
216.6000,217.0000,212.6000,214.8000,1129600
214.7000,217.0000,213.4000,216.4000,1364500
216.5000,218.0000,215.6000,217.0000,1978200
217.0000,217.0000,217.0000,217.0000,0
216.9000,217.1000,212.9000,213.0000,1335700
213.0000,215.1000,212.5000,213.3000,954200
213.4000,217.2000,213.1000,216.5000,1790000
216.6000,217.9000,215.7000,216.8000,2539600
216.9000,219.4100,215.3000,216.1000,1285100
216.0000,217.5800,214.8000,215.6000,1704300
215.7000,217.5000,214.6000,215.9000,1682100
216.0000,217.1000,214.4000,216.3000,1705400
216.2000,216.6000,213.0250,215.6000,1209800
215.7000,216.6000,214.3000,215.5000,1008700
215.6000,219.5000,215.3000,219.0000,3424300
219.1000,220.6010,218.0000,219.7000,1426800
219.8000,220.3000,218.8000,219.8000,1585700
218.5000,219.5000,216.2000,217.3000,1799600
217.2000,219.3000,216.4500,216.8000,1214000
216.7000,219.0000,214.5000,215.7000,1940700
217.0000,217.8000,215.5060,217.8000,1460900
217.5000,220.2000,217.5000,218.0000,2649900
211.0000,215.0000,210.0000,210.0000,19311400
212.1000,215.0000,211.8000,212.9000,2891900
213.5000,213.9000,212.1000,213.0000,2580100
212.0000,213.6400,212.0000,213.1000,2250600
213.3000,214.0000,211.3000,211.7000,2863500
212.0000,1386.8350,211.0000,212.6000,19131000
211.7000,213.2000,210.0000,213.2000,4847200
213.0000,213.4000,211.0000,211.3000,1763400
210.0000,211.0000,209.0000,210.4000,2522500
210.4000,211.9000,209.8000,209.9000,2125800
209.4000,210.4000,209.0000,209.5000,1362100
209.3000,209.5000,206.6000,207.0000,1717800
211.7000,211.7000,208.0300,209.0000,1582200
208.3000,208.9000,207.4000,208.6000,1803000
208.6000,210.2000,208.0000,209.9000,2348100
210.4000,210.9500,208.7000,209.3000,2456400
207.8000,211.0000,207.8000,210.0000,1909700
210.7000,212.5000,209.2600,211.1000,3381800
210.4000,212.4000,209.0000,212.2000,3718100
211.3000,220.0700,210.9000,215.6000,7452400
215.8000,220.3000,215.7500,218.6000,2957300
218.1000,219.9000,217.4000,219.1000,2588700
219.0000,220.7000,218.2000,220.0000,2305500
220.3000,221.7000,219.4000,220.5000,2826600
220.3000,222.6000,220.3000,221.0000,3198300
221.3000,224.5000,221.3000,224.5000,3050900
223.2000,225.0000,223.2000,223.7000,1863200
222.8000,227.2000,222.8000,226.0000,1379800
225.5000,228.5000,225.3000,227.2000,2219300
227.4000,228.3000,223.7000,225.0000,3181100
225.4000,232.4000,225.4000,228.5000,4050300
230.5000,231.4030,226.9000,227.4000,2102600
226.1000,226.8800,224.6840,226.2000,1720300
228.0000,230.8000,226.5000,229.3000,2773800
227.9000,231.8000,227.2000,230.1000,2928800
230.2000,232.7000,228.0000,229.9000,2747000
231.5000,234.3000,229.8230,233.6000,1496900
234.5000,236.2000,230.0000,232.7000,2223900
232.6000,233.0000,225.8000,229.2000,2259300
230.0000,231.6000,229.4010,231.3000,1838100
232.7000,233.5000,230.2930,232.2000,1702700
232.3000,236.8000,232.2000,235.1000,2405000
233.5000,236.6000,233.1000,236.5000,1634700
234.9010,236.0000,230.7000,232.0000,2160300
230.5000,231.1000,229.8000,230.4000,1830200
230.4000,233.7000,230.2000,233.0000,2352800
234.8000,235.3000,232.6500,233.2000,1487000
233.6000,236.8000,231.2710,232.2000,17983300
232.6000,234.9280,226.8960,229.5000,3546600
230.3000,231.2000,228.1000,230.7000,905800
231.2000,236.3000,230.6000,235.2000,2353300
236.0000,236.0000,230.3000,231.2000,1595600
231.8000,232.8500,227.2000,228.9000,2515100
228.0000,228.0000,219.2500,221.4000,2881100
220.9000,224.3000,219.3000,223.8000,1996800
226.4000,226.4000,220.4100,223.5000,3721900
223.1000,226.0000,223.1000,225.8000,1234900
226.0000,232.6000,226.0000,228.8000,2474200
227.8000,229.7000,227.5960,228.1000,1105300
226.0000,230.1000,225.9000,228.9000,2410200
229.5000,230.5000,227.9000,229.5000,2949400
230.5000,233.3080,228.7080,232.6000,2047600
230.5000,233.9000,230.0000,230.9000,1834000
232.0000,234.7000,230.3000,234.3000,1496400
236.6000,240.0000,236.3750,239.0000,1586600
239.3000,243.5000,238.5000,243.3000,4281400
241.9000,246.1000,241.9000,245.2000,1045200
241.2000,246.7000,241.2000,245.9010,204500
245.9010,245.9010,245.9010,245.9010,0
245.9010,245.9010,245.9010,245.9010,0
248.6000,248.6000,243.7010,246.3000,949700
246.1000,249.4000,244.7000,246.8000,1095000
244.9000,251.1810,244.9000,249.6000,1468000
249.6000,249.6000,249.6000,249.6000,0
250.6000,251.6000,243.6000,245.8000,2289000
245.0000,248.0000,243.2000,246.4000,1117300
245.5000,247.9000,243.6000,246.7000,1660200
245.6000,248.1010,244.6000,244.9000,3996600
246.8000,247.6000,244.8000,246.4000,2089400
246.0000,249.2010,244.9000,247.5000,1771900
247.1000,249.2010,247.1000,248.5000,1579400
249.2010,250.3000,248.3000,249.1000,1830900
248.2000,251.2000,247.7100,250.6000,1388700
248.0000,252.4000,248.0000,252.2000,1833300
253.2000,255.8000,250.9000,255.4000,2403400
255.0000,267.1000,255.0000,266.6000,4780100
266.5000,269.0000,266.0000,266.8010,2233000
267.9010,267.9010,261.8000,265.0000,2266500
264.7000,268.4000,263.5600,267.2000,1569000
265.0000,268.1000,261.4000,265.5000,2286700
264.6010,267.1000,260.0000,260.8000,3604500
259.3000,260.0000,255.1000,257.5000,2374700
258.6000,266.9000,258.6000,265.1000,3500300
265.6000,269.4460,260.9710,265.8000,2375700
267.1000,268.5000,264.9600,267.9010,2108400
267.2000,268.3000,262.1000,264.8000,2601300
263.3000,265.9000,262.2000,263.2000,2081100
262.5000,263.6000,260.8000,261.7000,1607000
261.6000,261.6000,257.7000,258.3000,2013100
261.1000,262.4010,258.5000,261.1000,2794900
263.0000,263.0000,259.5000,260.0000,2441000
259.4000,262.4010,259.3000,259.4000,2061200
261.0000,261.0000,250.9000,259.7000,3918300
260.9000,261.6000,255.0000,258.0000,3561700
256.2000,258.0000,254.1000,257.3000,2438800
257.5000,260.0300,253.9960,258.3000,1901000
257.0000,259.3000,253.3100,257.5000,1679400
258.6000,259.8000,257.1000,258.8000,1659500
258.3000,259.9000,256.5000,258.6000,1827400
257.3000,260.0000,255.6000,259.8000,1430800
260.0000,262.6000,258.4000,260.8000,2341900
259.3000,262.4010,259.3000,262.4010,2638700
260.2010,262.7000,259.2000,261.0000,3134200
263.0000,271.5000,260.0000,263.0000,12323800
266.0000,267.5000,257.8000,258.0000,182999008
258.2000,264.5000,258.2000,264.5000,13969800
261.4000,263.4000,259.4000,261.3010,8624300
263.1000,266.2000,262.4010,264.2000,4492800
264.9000,266.7000,263.2620,265.4000,7009000
266.2000,268.1000,263.9000,267.9010,31637900
268.2000,268.2000,264.2000,265.2000,7904500
265.4000,270.0000,265.1000,268.0000,5052100
267.8000,269.1000,265.0000,267.2000,5545200
254.4000,269.3000,252.2100,254.9000,5665900
255.1000,255.1000,252.8000,253.4000,3993100
251.9000,252.7000,247.4000,248.1010,4565200
248.4000,249.9000,248.0560,248.5000,4063400
248.4000,250.8360,246.0000,249.9000,4614000
249.8000,252.0000,248.5000,251.5000,5829800
250.8000,251.8000,247.2000,248.3000,3678100
248.8000,249.0000,243.5760,243.6000,23084100
243.7010,245.5000,240.4010,242.5000,5633400
243.2000,244.8000,242.2000,244.0000,3398700
244.6000,246.0000,243.1000,243.5000,2764600
242.6000,245.4230,240.8750,243.7010,3131600
244.2000,245.0000,240.7000,241.5000,4844500
241.2000,242.7000,237.0000,237.5000,5626000
238.6000,240.8000,236.5000,240.3000,8400500
241.1000,245.0000,241.0000,244.0000,8305700
243.5000,246.7000,243.4000,243.8000,3904600
243.4000,247.5000,243.4000,244.8000,5996600
243.2000,244.3000,241.0000,242.0000,2623500
241.8000,242.5000,235.4000,238.8000,3920700
237.4000,238.7240,230.7000,233.4000,8661400
233.2000,237.5000,233.2000,234.9010,2310100
233.2000,234.7500,231.1000,231.6000,4407700
231.5000,232.3000,227.7000,230.3000,3160100
230.9000,235.2000,229.8000,233.1000,5286000
236.7000,237.7000,234.4000,235.9000,5467100
235.4000,242.4000,235.4000,239.5000,4333200
239.5000,239.5000,239.5000,239.5000,0
239.5000,239.5000,239.5000,239.5000,0
241.5000,242.3000,239.1000,240.0000,3816000
240.4010,242.4000,237.8000,242.3000,3151900
242.2000,244.7000,242.2000,243.0000,2014700
245.4000,246.2410,240.4010,241.2000,3124200
241.0000,244.1000,239.5670,243.2000,1864900
244.9000,246.6000,244.2000,246.0000,3051200
244.9000,251.1000,244.9000,250.3000,5522700
247.9000,249.2010,245.3000,247.8000,3584900
258.9000,258.9000,247.2000,249.0000,4139600
249.0000,249.0000,249.0000,249.0000,0
250.6000,251.3000,247.7000,249.0000,2894600
249.6000,249.7300,246.7000,248.4000,2912200
248.9000,250.3310,248.0000,249.5000,2432900
249.9000,249.9000,246.6000,248.6000,2606900
250.3000,251.3000,248.4000,249.5000,16318600
250.8000,252.0000,250.1000,250.4000,2720600
250.1000,252.4800,245.2000,248.5000,3596500
248.8000,250.1000,243.3000,244.6000,5123400
245.7000,246.8000,240.3000,242.3000,4357900
240.4010,243.5000,240.4010,242.3000,2189100
242.9000,245.7000,242.3000,242.9000,2477500
241.7000,243.9000,241.7000,243.8000,2751500
243.9000,244.7000,241.2000,242.3000,2963300
242.1000,243.0000,239.7000,243.0000,3516100
243.0000,243.0000,243.0000,243.0000,0
243.8000,245.2000,242.0000,244.8000,4020100
244.6000,247.3000,242.3000,246.7000,3494000
245.7000,252.4000,245.7000,251.0000,6485700
252.1000,256.4000,252.1000,253.3000,30058200
254.1000,258.3000,253.4000,257.9000,6727900
257.8000,258.5000,253.9000,254.5000,2882200
254.2000,257.3000,253.6010,256.3000,3864900
257.0000,259.2600,256.3900,258.2000,2936100
257.9000,261.6000,257.7000,260.7000,2405100
261.1000,261.9000,259.7000,261.4000,1299600
261.0000,261.0000,257.8000,258.2000,2203600
256.9010,260.6300,256.9010,260.1000,3011500
261.9000,265.3000,259.1010,264.5000,3863500
264.0000,267.4000,263.0000,264.3000,4818300
263.5000,264.9000,261.6000,263.8000,2255900
264.1000,264.8000,262.0000,263.6000,3693500
264.1000,265.9000,263.6000,264.8000,2318000
266.4000,267.8000,265.0000,266.5000,3602500
265.9000,268.1000,265.3000,265.3000,4901600
264.7000,266.2000,262.7600,265.5000,2015300
267.0000,270.2000,262.2000,265.1000,3730100
265.1000,266.3000,262.7000,265.5000,2008900
266.5000,270.5000,265.8250,270.0000,3732100
269.8000,270.6000,265.7010,268.2000,3687500
269.0000,270.9000,267.6000,269.8000,3426100
270.8000,272.5000,269.5000,272.1000,2028700
272.0000,275.3000,271.0000,274.7000,3653700
274.4000,279.8000,274.0000,277.8010,3494000
281.3000,283.6000,279.2000,281.3000,2987200
280.4000,282.2010,279.5000,280.9000,1981100
280.5000,280.7520,276.0000,277.1000,3736900
276.7010,277.0000,272.0000,275.0000,3960800
275.5000,276.3000,272.0000,274.8000,2971000
274.7000,278.0000,274.7000,277.4000,2653800
278.6000,287.1460,278.3100,284.9000,4743800
286.2000,286.6010,283.3010,283.9000,4449700
284.4010,285.8000,282.2010,283.7000,3687800
283.2000,285.3000,281.6000,284.8000,4376400
284.1000,284.8000,281.1010,284.1000,2858500
284.0000,284.9000,282.6000,283.7000,6614100
285.0000,285.8000,283.5000,284.8000,2667800
283.0000,286.9000,280.0010,286.5000,4537500
287.6000,287.6000,284.7000,285.3000,4371600
285.3000,289.6000,284.9000,287.0000,3214900
287.0000,288.8010,284.8000,286.7000,5720200
288.2000,290.9000,287.1110,290.2000,3430200
291.1000,291.2000,286.0000,287.4000,2406100
286.4000,288.5000,282.5000,285.0000,5294100
292.0000,299.4900,292.0000,299.4000,9127700
299.4000,304.9000,298.5800,304.0000,5563700
305.5000,307.0000,301.9000,304.2010,5137900
302.8000,303.0000,295.9400,297.9000,6084300
298.3000,298.5000,295.1000,295.1000,3116300
292.8000,295.2000,292.1010,292.9000,3707700
296.4000,297.6100,294.0000,295.1000,3639000
295.0000,297.0000,292.7000,296.4000,3876500
287.0000,287.0000,280.6000,281.1010,7314100
281.0000,282.4000,278.1000,278.2000,5711000
278.5000,279.2000,276.8280,278.5000,4616800
281.8000,283.5000,278.5000,281.0000,4022400
282.9000,284.3000,281.0000,282.0000,2116000
282.4000,283.3010,280.0010,283.1000,3758200
283.7000,288.8010,282.7000,288.6000,3450900
288.8010,289.5000,286.6010,287.3000,3095700
287.3000,287.3000,287.3000,287.3000,0
288.4000,290.5000,286.3000,289.2000,3463400
289.1000,292.2000,287.4000,292.2000,4279900
291.1000,295.1000,286.1000,289.2000,4340300
290.0000,298.9000,289.9010,298.9000,7464700
298.4000,300.6000,296.8560,300.2000,2604000
299.4000,304.3000,299.4000,302.6000,4857100
303.6000,306.7000,299.2000,300.7000,5815500
299.3000,300.7000,294.8000,295.9000,6806900
296.5010,298.2000,294.3010,295.6000,3460000
296.3000,296.3000,290.7000,294.6000,2761100
293.4000,295.1000,289.7000,292.9000,2445900
293.0000,295.3000,291.6000,292.2000,2946200
290.0000,292.2000,286.9800,292.2000,6480600
293.0000,296.7000,292.6000,296.1000,4719000
296.1000,296.3500,292.2000,293.5000,2615800
292.0000,294.0000,289.2000,291.3000,2768900
292.6000,293.2010,286.6010,289.2000,4806400
288.3000,292.7000,286.5850,292.0000,5891800
295.1000,300.0000,292.6000,300.0000,42211900
299.5000,300.6000,296.9000,300.1000,6058500
300.4000,302.0010,295.4010,297.0000,5381100
297.2000,298.3000,294.5000,297.1000,4495400
304.6000,306.2000,296.3000,298.5000,11634100
298.7010,300.2040,296.1000,299.7000,3398700
300.2000,303.0000,296.9000,299.1000,3500700
299.1000,299.6000,292.5000,294.2000,6331200
293.5000,294.0000,291.0010,291.8000,5599300
289.6000,290.3000,284.6000,284.9000,6993200
286.0000,289.5000,285.2000,287.8000,4466200
288.6000,289.4000,285.4000,287.5000,15698300
286.4000,287.0880,281.5000,283.6000,6011500
283.0000,283.9000,276.6000,280.6000,4693900
282.9000,283.3250,277.4000,278.2000,5065300
276.2000,278.6630,274.8640,276.0000,6336600
274.4000,277.6700,272.4000,275.2000,4080400
273.4010,274.9000,272.1000,273.6000,4913700
274.5000,274.5000,267.0000,267.2000,5032100
269.0000,269.9000,260.3000,264.4000,5791400
264.7000,265.1000,261.9680,264.6010,7474900
265.5000,268.8000,265.3000,268.4000,7500600
268.5000,271.5000,267.4000,271.1000,9631500
271.9000,280.1000,271.9000,279.6000,9206000
279.1000,281.8630,277.9000,278.0000,5719400
277.8010,278.1000,274.4000,276.5000,6032800
278.8000,279.5000,272.9000,276.1000,5191100
277.5000,280.5000,277.5000,279.0000,5464700
280.4000,280.4000,277.6000,278.9010,4517100
278.5000,281.5000,278.0000,281.5000,5006800
284.0000,285.8000,273.6000,276.0000,9250600
275.8000,275.8000,271.2010,274.5000,6503500
274.7000,278.2000,273.9000,277.9000,4409200
278.3000,281.1010,276.0000,279.4000,6384000
278.1000,279.8000,276.8000,277.0000,4979700
278.1000,280.6000,270.5000,271.2010,3936800
271.2010,273.9000,270.6250,273.9000,2624200
274.3000,277.8750,271.9370,276.9000,2809500
276.0000,277.6000,275.6010,276.4000,3534000
278.4000,281.3000,277.0000,280.3000,3300800
281.5000,281.5000,278.6000,280.4000,4301400
278.7000,281.4000,277.9690,281.2000,2554200
282.3000,284.1000,281.0000,282.5000,3308100
283.3010,283.8000,281.1010,283.3010,3201900
282.7000,286.9000,282.2010,285.5010,3380600
285.9000,286.7000,283.6000,284.6000,3943100
285.1000,286.3000,284.0000,285.2000,2141600
285.6000,289.0000,285.5560,287.4000,4310800
288.1000,291.0010,287.9000,289.5000,3301200
290.0000,294.3010,290.0000,292.5000,3655100
291.6000,296.4000,291.6000,294.5000,2999400
293.7000,296.3000,289.6000,291.5000,4233800
291.4000,294.8000,291.0010,291.2000,3460400
291.1000,292.9000,289.6000,290.5000,2892300
291.3000,292.2000,289.9010,290.7000,3200900
291.6000,292.5350,290.5000,291.7000,2146500
290.3000,293.2010,290.3000,292.2000,8494000
290.9000,292.7000,286.1490,288.0000,5014000
288.7000,291.4000,286.8350,290.0000,4135200
289.9010,293.1000,288.6000,288.9000,3914300
288.0000,288.4000,283.8000,284.8000,4832600
283.7000,284.7040,276.7350,279.1000,4105300
279.6000,282.4000,276.7010,282.4000,4228900
280.6000,281.6000,278.5000,280.1000,4505000
282.6000,289.4000,281.8000,287.4000,5814700
288.7000,292.9000,288.7000,288.8010,8431400
290.9000,293.1000,288.1000,291.7000,2357400
293.4000,294.2000,289.7000,290.4000,1848100
295.8000,295.8000,292.0000,292.0000,691300
292.0000,292.0000,292.0000,292.0000,0
292.0000,292.0000,292.0000,292.0000,0
292.8000,295.5120,290.4000,291.8000,1366400
290.1000,293.4900,289.5000,291.2000,1915800
291.8000,294.6000,274.9650,291.3000,935600
291.3000,291.3000,291.3000,291.3000,0
294.9000,295.2000,291.5540,292.4000,3603600
292.0000,295.9000,291.0200,292.9000,4625700
292.9000,294.1000,289.6000,289.7000,4903600
291.1000,295.7000,288.8010,293.4000,5683200
295.0000,300.0000,293.5000,297.1000,4816200
298.0000,300.5000,295.9250,299.2000,4282900
299.6000,305.0000,299.1000,302.1000,5357600
302.1000,309.0000,301.0000,308.1000,7135600
305.2000,307.3000,301.5000,302.6000,4343400
303.5000,305.8000,298.1000,305.6000,7343800
304.5000,306.6000,301.3000,305.5000,4069200
305.0000,310.4000,304.4000,309.8000,2755600
308.5000,310.3000,306.0000,307.0000,5503900
306.9000,308.3000,305.2000,307.3000,4106800
307.7000,310.9000,303.6000,307.2000,5891700
308.2000,312.1130,307.9130,311.3000,3562700
310.5000,313.5000,307.8350,313.2000,2466300
312.1000,314.4000,309.7010,313.8000,4643100
314.6000,315.2010,311.7000,315.2010,3705700
313.4000,316.9000,313.4000,316.2000,3190800
317.0000,318.0000,312.2000,312.5000,3741600
312.9000,312.9000,309.5000,311.5000,3498700
311.4000,317.3000,309.9000,316.8000,4825900
316.5000,318.8000,315.6000,318.3000,3524700
317.4010,319.4000,314.6000,316.2000,2919500
315.7000,317.9000,314.1010,315.5000,2622700
314.9000,314.9000,311.3000,313.0010,3384100
312.9000,319.6010,312.9000,317.0000,4836300
318.0000,319.8000,315.6000,316.8000,2818600
316.5000,318.4000,316.3010,317.0000,2670200
318.0000,319.4000,314.6000,317.0000,4246700
317.0000,317.6250,314.3000,315.7000,3110800
318.0000,318.7400,314.6000,318.0000,2841600
316.8000,323.6000,316.2000,323.0000,4650100
322.9010,324.5000,320.8000,323.7000,3413000
322.1000,327.9000,322.0000,327.5000,4561300
328.0000,331.5910,327.9000,331.1000,3806400
330.6010,332.2000,329.4000,330.9000,3145200
330.7000,333.1000,329.7760,332.0000,2643600
327.2000,328.9000,325.4790,326.0000,9048800
325.8000,328.3000,324.6000,327.4000,3664500
327.0000,330.5000,326.7750,330.5000,4250100
330.8000,336.7000,327.6000,328.4010,5132900
328.6000,332.6000,324.0010,332.6000,5208000
332.2000,343.3000,332.2000,341.1000,6510100
339.5000,343.3000,339.4010,341.7000,3183100
339.9000,341.9000,338.3010,341.4000,6391000
343.2000,343.2000,332.3000,332.3000,6313800
332.6000,333.6000,329.2000,330.0000,5149300
319.3000,322.4000,317.5490,321.0000,5731300
320.9000,321.7000,317.2000,319.5000,5323200
319.2000,323.1500,318.4790,321.7000,4127800
322.7000,323.6000,320.7010,321.5000,3818100
321.0000,326.5000,321.0000,325.1010,4772500
326.3000,329.2000,324.7000,326.9000,4553200
327.5000,328.9000,325.1010,328.8000,7327100
328.9000,330.9000,324.6000,330.4000,4654400
329.0000,332.6000,328.0000,331.0000,3635800
330.1000,333.9010,330.0000,330.0000,4295900
327.7000,327.7000,305.1000,320.3000,8040100
321.5000,323.2000,318.8000,320.2000,4250300
323.4000,324.1000,320.6000,323.3000,3058900
322.9010,324.4000,318.4000,319.0000,7496800
317.7000,321.5000,316.8000,317.5000,5237000
317.5000,320.1000,316.5000,319.6010,3190300
319.6010,319.6010,319.6010,319.6010,0
319.6010,319.6010,319.6010,319.6010,0
320.2000,320.9000,318.0000,318.8000,4231700
319.1000,323.5000,318.1000,322.7000,9200400
324.7000,325.1010,322.6000,324.9000,5104100
326.1000,331.1000,325.0000,330.2000,4500700
330.0000,330.5000,327.4000,328.2000,3557500
326.6000,330.2000,326.6000,329.5010,3371700
330.0000,330.0000,327.8000,329.5010,5032200
330.8000,330.8000,326.5000,328.8000,3533100
327.7000,329.4000,323.2000,324.5000,5853900
324.9000,327.7000,323.1000,324.8000,2080200
326.4000,328.3000,324.5000,326.1000,4465700
327.7000,327.8000,322.9010,325.8000,3776200
325.9000,327.5000,322.7000,325.5000,8577400
324.7000,327.9000,323.1000,326.1000,4315100
326.1000,327.3010,322.8000,326.2010,3026200
325.7000,326.0020,320.0490,323.5000,4985300
323.6000,327.0000,317.7000,318.3000,4947900
318.1000,319.2000,314.5600,319.1000,4815000
318.6000,320.4960,314.7000,318.0000,2059700
318.0000,318.0000,318.0000,318.0000,0
323.1000,324.0010,313.0010,314.0000,7667200
312.8000,318.4000,312.8000,316.5000,4239700
315.6000,319.3000,312.2000,317.4010,6659500
322.5000,328.3000,318.3000,322.0000,5877100
322.9010,325.3000,320.8000,323.2000,3412200
322.4000,322.4000,318.6000,319.0000,5576600
319.4000,320.9000,318.7000,320.0000,3392000
320.0000,322.0000,318.2000,321.0000,3175300
321.7000,324.8600,321.3000,323.2000,2329900
324.4000,325.8000,321.5000,323.9000,2235900
325.9000,327.5000,325.1010,326.5000,3384400
327.5000,329.2000,326.3000,326.9000,2912600
326.2010,329.2600,326.2010,328.5000,2843900
329.2000,331.8300,327.9000,330.1000,3083900
330.1000,330.1000,330.1000,330.1000,0
330.1000,332.9000,327.7000,330.6010,3364200
329.6000,333.9010,329.6000,331.0000,4786200
335.0010,337.7000,333.5000,337.0000,6343900
337.4000,341.3000,334.5000,337.2010,6679600
338.7000,341.0000,337.0400,338.3010,3793000
339.4010,339.9000,335.4000,339.0000,6542100
339.3000,347.0000,339.3000,346.4000,9863300
345.8000,347.1010,342.3000,345.4000,3841500
344.7000,345.2130,341.7000,344.0000,3073100
344.3000,344.6000,342.0000,342.4000,2552800
342.6000,345.3500,342.2000,344.2000,5199400
344.0000,345.8000,342.7010,345.1000,4888600
344.8000,347.6000,344.4000,345.3000,4735700
344.7000,346.2000,342.2000,343.0000,4642300
341.1000,341.3000,339.0000,340.0000,4177200
339.8000,341.0000,336.3000,338.9000,4868200
339.2000,342.0000,335.8000,337.9000,3376000
337.3000,338.3010,334.5000,338.2000,2926900
338.3010,339.3750,336.9000,337.6000,3523500
341.7000,342.8000,339.7000,340.1000,3871400
341.5000,344.7000,340.7250,342.5000,3339700
343.7000,343.7000,339.3000,339.3000,4933700
339.4010,342.3000,338.2000,341.2000,4773300
341.2000,344.2500,340.4000,341.8000,3422900
334.0000,341.5000,334.0000,338.2000,6129300
336.9000,339.8000,332.6000,335.8000,8068700
337.6000,340.7000,336.2000,337.4000,5685000
338.2000,340.9000,336.5000,340.2000,5258500
339.3000,341.9000,338.2000,339.3000,2943100
336.4000,341.2000,336.2000,338.8000,2996300
339.3000,339.5000,332.0000,333.1000,4722900
333.1000,337.0000,332.0000,335.5000,3372600
337.3000,338.1000,335.6000,336.2000,4111800
339.5000,341.3000,336.0000,339.6000,4248600
343.0000,347.7000,342.1200,346.0000,4856000
346.5000,351.0000,345.3000,350.3000,7036500
350.5000,357.1000,350.4000,355.0000,5754300
356.6000,357.6000,355.0000,356.9000,4963300
357.4000,359.8000,356.0000,359.3000,2610100
356.0000,359.7000,355.7000,356.7000,2609600
356.5000,362.9000,356.5000,359.1000,4818900
357.6000,363.3000,357.2000,361.5000,2930600
363.7000,363.7000,359.4000,362.5000,4271200
361.1000,363.9000,358.9000,359.9000,3808800
358.6000,361.1320,354.8000,356.0000,2502800
357.5000,366.9000,357.1000,364.9000,6512500
367.0000,367.8440,364.6920,367.7000,5386700
367.5000,369.3000,363.0000,364.6000,3690100
365.4000,366.2000,359.1000,365.9000,4558200
364.3000,366.7000,361.9000,366.0000,4605000
374.2000,375.8000,369.4000,375.8000,6376700
377.0000,384.6000,376.9920,384.6000,6058700
384.6000,387.1000,382.1000,385.9000,5087800
385.4000,386.6000,383.0000,384.1000,3994900
386.7000,388.7000,383.2000,387.8000,5200600
386.8000,386.8000,380.8000,382.7000,4970400
381.6000,382.5950,374.4000,375.5000,5660300
375.3000,376.3000,372.5050,373.1000,4599800
374.5000,374.5000,371.9000,371.9000,3987800
374.5000,374.5000,369.4000,370.0000,3766500
371.0000,372.6400,367.9000,368.9000,4706100
367.4000,367.8000,363.4000,363.6000,6470400
360.8000,365.8000,360.2000,361.1000,4306900
357.6000,360.6000,356.5000,357.2000,6275500
349.4000,352.9280,340.9000,346.0000,8852600
350.2000,353.7000,348.7880,351.9000,6184700
349.7000,350.7000,345.4000,346.9000,6743000
352.5000,354.7000,347.4000,351.2000,7447600
352.4000,353.1000,349.8000,353.1000,4445400
353.1000,353.1000,353.1000,353.1000,0
349.9000,354.2000,345.7000,348.1000,5877800
350.1000,352.8000,347.6000,351.2000,3957300
355.0000,356.4000,353.5000,354.0000,4647900
352.1000,354.9000,350.1000,351.1000,3666900
353.0000,353.9100,349.8000,352.4000,1609000
353.7000,357.9000,352.5300,355.8000,3281200
360.8000,362.8000,359.2000,361.0000,3978446
358.8000,366.1000,357.0500,364.2000,6002368
364.7000,366.6000,361.0300,362.3000,2588494
364.0000,365.0000,360.7000,361.1000,4242894
361.4000,365.9000,358.2000,365.2000,3868841
367.2000,367.4000,362.5000,364.1000,4616379
365.1000,367.2000,363.9000,364.3000,3506516
364.0000,367.9000,363.2000,364.2000,6463932
361.8000,369.1000,361.8000,365.0000,3743942
364.9000,366.2000,360.9100,361.7000,4902101
361.2000,367.5000,360.4000,365.0000,3917005
364.1000,366.9000,363.9000,365.6000,4922439
370.9000,372.0000,368.2000,371.0000,3753091
