104.0000,104.0000,104.0000,104.0000,0
108.0000,108.0000,108.0000,108.0000,0
112.7500,112.7500,112.7500,112.7500,0
114.0000,116.0000,114.0000,116.0000,160700
113.0000,113.0000,113.0000,113.0000,7300
110.0000,110.0000,110.0000,110.0000,0
110.0000,110.0000,109.2500,109.2500,8900
110.0000,112.0000,109.5000,110.0000,6900
109.2500,110.0000,109.2500,110.0000,27100
110.0000,110.0000,110.0000,110.0000,0
109.5000,110.0000,108.5000,110.0000,1700
109.5000,109.5000,108.9990,109.4990,0
109.0000,110.0000,108.7500,110.0000,7000
108.7500,112.0000,108.7500,112.0000,200
112.0000,112.0000,112.0000,112.0000,0
112.0000,112.0000,112.0000,112.0000,0
109.0000,110.0000,109.0000,110.0000,3700
109.5000,109.5000,109.5000,109.5000,0
108.7500,111.0000,108.7500,111.0000,16800
111.0000,111.0000,111.0000,111.0000,0
108.2500,108.2500,108.2500,108.2500,0
109.5000,109.5000,109.5000,109.5000,0
110.0000,110.0000,110.0000,110.0000,0
109.5000,109.5000,108.4990,109.4990,0
108.5000,110.0000,107.2500,110.0000,3300
109.5000,110.0000,108.5000,108.5000,7800
109.2500,110.0000,109.2500,109.2500,45500
110.0000,110.0000,110.0000,110.0000,0
108.5000,110.0000,108.5000,108.5000,10400
109.0000,110.0000,109.0000,110.0000,7800
111.7500,111.7500,111.7500,111.7500,0
109.5000,110.0000,108.7500,110.0000,3200
109.0000,110.0000,109.0000,110.0000,4500
109.0000,109.5000,107.5000,107.5000,15700
107.5000,107.5000,107.4990,107.4990,0
103.0000,103.0000,103.0000,103.0000,100
105.0000,107.0000,104.0000,105.0000,67200
106.0000,106.0000,104.0000,104.0000,0
105.0000,106.0000,104.2500,105.0000,13400
105.0000,105.5000,104.0000,105.5000,3800
105.0000,105.0000,103.9990,105.0000,0
103.7500,103.7500,103.7500,103.7500,0
100.7500,102.5000,100.7500,102.5000,5300
103.0000,107.0000,103.0000,107.0000,15000
108.0000,110.0000,108.0000,110.0000,18900
108.5000,110.5000,108.5000,110.5000,25200
109.7500,109.7500,109.7500,109.7500,0
109.5000,109.5000,109.5000,109.5000,0
110.0000,110.0000,108.7500,108.7500,2100
110.0000,110.0000,108.7490,110.0000,0
109.2500,109.2500,109.2500,109.2500,0
108.5000,109.7500,108.5000,109.7500,14700
109.2500,110.0000,108.2500,108.2500,63200
110.0000,110.0000,110.0000,110.0000,0
110.0000,110.0000,109.0000,109.0000,2500
109.5000,109.5000,108.4990,109.4990,0
108.5000,110.0000,108.5000,110.0000,300
108.5000,109.2500,108.5000,108.5000,16500
107.0000,107.0000,107.0000,107.0000,0
108.0000,108.0000,106.0000,106.0000,38500
105.0000,108.0000,105.0000,108.0000,181900
106.0000,106.7500,106.0000,106.7500,14100
107.5000,107.5000,107.5000,107.5000,0
108.0000,108.0000,108.0000,108.0000,0
108.0000,108.0000,107.4990,108.0000,800
108.0000,108.0000,103.5000,107.7500,66600
102.5000,102.5000,92.0000,92.0000,34500
92.7500,92.7500,92.7500,92.7500,300
92.7500,92.7500,92.7500,92.7500,0
93.7500,93.7500,90.0000,91.5000,87200
93.5000,93.5000,93.5000,93.5000,0
93.7500,99.7500,93.7500,99.7500,98800
98.0000,100.0000,97.0000,97.0000,7300
97.5000,97.5000,95.0000,95.0000,7300
95.0000,95.0000,95.0000,95.5000,72600
96.0000,96.0000,96.0000,96.0000,0
97.0000,97.0000,95.0000,95.0000,3800
95.0000,97.7500,95.0000,95.0000,54400
94.7500,94.7500,94.7500,94.7500,0
94.7500,94.7500,94.2500,94.2500,5300
93.0000,98.5000,93.0000,98.5000,63600
97.0000,99.5000,95.2500,99.5000,43100
99.7500,102.0000,99.0000,102.0000,108000
102.0000,102.7500,100.0000,102.0000,41300
101.0000,105.0000,100.0000,105.0000,209200
104.0000,105.0000,101.0000,101.0000,6700
105.0000,105.0000,100.2500,100.2500,3000
100.0000,112.0000,100.0000,112.0000,28600
100.0000,100.0000,100.0000,100.0000,0
98.0000,98.0000,98.0000,98.0000,0
98.0000,98.0000,98.0000,98.0000,0
98.0000,98.0000,98.0000,98.0000,0
96.0000,98.7500,96.0000,98.7500,8100
96.2500,100.2500,96.2500,100.2500,25000
100.2500,100.2500,97.9990,100.2500,0
98.0000,100.0000,98.0000,100.0000,16600
101.0000,101.0000,99.0000,99.5000,6300
100.0000,100.0000,98.5000,98.5000,3000
99.0000,99.0000,97.9990,99.0000,0
99.0000,99.0000,98.0000,98.0000,400
98.0000,100.0000,98.0000,98.0000,0
98.0000,98.0000,97.0000,97.0000,11200
97.0000,97.0000,95.0000,95.0000,600
95.2500,95.2500,95.2500,95.2500,0
97.7500,97.7500,95.5000,95.5000,200
95.2500,95.5000,95.2500,95.5000,0
95.5000,95.5000,95.5000,95.5000,0
95.2500,96.0000,95.0000,96.0000,12700
95.0000,96.0000,95.0000,96.0000,1800
95.0000,96.2500,95.0000,95.0000,20800
98.2500,98.2500,98.2500,98.2500,0
98.5000,100.7500,98.5000,98.5000,2900
101.0000,101.0000,98.0000,98.0000,12300
98.5000,99.2500,96.2500,96.2500,300
98.0000,98.0000,98.0000,98.0000,0
98.7500,98.7500,97.9990,98.7500,0
98.5000,98.7500,98.5000,98.5000,900
101.5000,101.5000,101.5000,101.5000,0
99.0000,100.0000,99.0000,100.0000,300
98.5000,99.7500,98.5000,99.7500,4900
99.5000,99.5000,99.5000,99.5000,0
99.5000,99.5000,99.5000,99.5000,0
102.0000,102.0000,99.0000,99.0000,0
98.0000,98.0000,98.0000,98.0000,0
95.0000,95.0000,95.0000,95.0000,0
97.0000,101.5000,96.0000,101.5000,31100
99.0000,99.0000,99.0000,99.0000,0
98.7500,98.7500,97.0000,97.5000,1300
97.0000,98.0000,95.7500,97.0000,1200
95.5000,99.5000,95.5000,97.5000,300
98.0000,98.0000,95.0000,95.0000,2100
95.7500,95.7500,95.7500,95.7500,0
94.5000,95.2500,94.5000,94.5000,200
94.7500,94.7500,94.2500,94.2500,900
94.5000,94.5000,93.7500,93.7500,1000
91.5000,91.5000,91.4990,91.4990,0
91.5000,91.5000,90.2490,91.5000,0
90.2500,92.5000,90.2500,92.5000,0
92.5000,92.5000,92.5000,92.5000,0
92.7500,92.7500,92.4990,92.7500,0
92.5000,94.0000,92.5000,94.0000,1000
93.5000,93.5000,89.5000,91.2500,21500
92.0000,92.0000,92.0000,92.0000,0
92.0000,92.0000,92.0000,92.0000,0
92.5000,92.5000,91.4990,92.5000,0
92.2500,92.7500,92.2500,92.7500,400
90.2500,90.2500,90.2500,90.2500,0
91.5000,91.7500,89.0000,89.0000,3200
91.0000,91.0000,90.0000,90.0000,2800
90.7500,90.7500,90.4990,90.4990,0
91.5000,91.5000,90.9990,91.5000,0
91.5000,92.0000,90.0000,90.0000,200
91.2500,92.0000,91.2500,91.2500,200
90.5000,91.0000,88.0000,88.0000,900
88.5000,89.7500,88.5000,88.5000,300
90.2500,90.2500,90.2500,90.2500,0
90.0000,90.0000,88.2500,88.2500,900
89.2500,89.2500,89.2500,89.2500,0
90.2500,90.5000,87.5000,87.5000,700
88.5000,88.5000,88.5000,88.5000,0
89.2500,92.2500,88.0000,92.2500,2600
92.0000,92.0000,90.2500,90.2500,200
90.2500,91.5000,88.0000,88.0000,2900
88.2500,91.0000,88.2500,91.0000,200
89.5000,89.5000,89.5000,89.5000,0
90.0000,91.0000,90.0000,91.0000,0
89.2500,91.7500,87.2500,91.7500,500
90.5000,90.7500,90.5000,90.5000,100
89.2500,89.2500,89.2500,89.2500,0
88.5000,90.0000,88.0000,88.0000,900
90.0000,90.0000,90.0000,90.0000,0
89.7500,90.0000,89.0000,89.0000,0
89.5000,89.5000,89.0000,89.5000,300
89.0000,89.5000,88.2500,88.2500,600
90.0000,90.0000,88.2500,90.0000,3700
90.0000,90.0000,88.2500,88.2500,0
88.2500,88.2500,88.2500,88.2500,0
82.7500,82.7500,82.7500,82.7500,0
81.7500,86.0000,81.5000,86.0000,137900
86.5000,86.5000,82.9990,84.9990,0
85.0000,85.0000,85.0000,85.0000,200
85.0000,85.0000,85.0000,85.0000,0
83.5000,87.0000,83.5000,87.0000,35900
84.5000,85.7500,84.5000,84.5000,107500
87.7500,87.7500,87.7500,87.7500,0
90.2500,90.2500,90.2500,90.2500,0
90.5000,93.0000,90.0000,93.0000,12400
93.0000,95.2500,92.7500,95.2500,9100
94.2500,94.2500,94.2500,94.2500,0
93.5000,93.5000,93.5000,93.5000,0
94.0000,95.0000,93.5000,95.0000,37200
95.0000,95.0000,95.0000,95.0000,0
95.0000,95.5000,93.0000,95.0000,17700
94.7500,95.0000,92.5000,92.5000,13000
95.0000,95.0000,92.0000,92.0000,16300
92.0000,92.0000,90.4990,92.0000,0
92.0000,92.7500,90.5000,92.7500,17000
93.5000,94.7500,93.5000,94.7500,47400
94.5000,94.5000,94.5000,94.1400,43000
93.5000,93.5000,93.5000,93.5000,0
92.7500,92.7500,92.4990,92.7500,0
93.0000,93.0000,92.2490,93.0000,0
93.0000,94.0000,93.0000,94.0000,17300
94.5000,94.5000,94.5000,94.5000,0
95.0000,95.0000,94.5000,94.5000,37200
95.2500,95.2500,93.9990,95.2500,0
94.2500,94.2500,94.2500,94.2500,0
94.5000,94.7500,94.5000,94.5000,29800
94.0000,95.0000,94.0000,95.0000,18700
94.7500,94.7500,94.7500,94.7500,0
94.2500,95.0000,94.2500,94.2500,50500
94.2500,94.7500,94.2500,94.2500,20800
94.2500,95.0000,93.7500,95.0000,42100
93.5000,93.5000,93.5000,93.5000,0
92.5000,94.7500,92.5000,93.5000,42600
94.2500,95.2500,93.5000,94.2500,87100
93.2500,93.2500,93.2500,93.2500,0
93.5000,93.5000,93.5000,93.5000,0
92.5000,93.7500,92.5000,92.5000,20700
93.5000,93.5000,93.5000,93.5000,0
93.2500,93.7500,93.2500,93.2500,37600
93.5000,93.5000,92.9990,93.4990,0
91.7500,91.7500,91.7500,91.7500,0
91.5000,91.5000,90.9990,91.4990,0
91.7500,93.2500,91.5000,93.2500,33600
94.0000,94.5000,92.0000,92.0000,17400
92.5000,93.5000,92.5000,92.5000,71500
91.7500,91.7500,91.7500,91.7500,2400
91.7500,91.7500,89.2490,91.7500,0
91.5000,91.5000,89.2490,91.4990,1300
89.7500,89.7500,89.7500,89.7500,1500
88.7500,88.7500,88.7500,88.7500,3500
88.5000,90.0000,88.5000,88.5000,155900
91.0000,91.0000,91.0000,91.0000,3800
90.5000,94.0000,89.7500,94.0000,275200
89.7500,89.7500,89.7500,89.7500,38500
93.0000,98.0000,92.7500,98.0000,166300
97.0000,97.0000,97.0000,97.0000,6100
97.0000,97.0000,97.0000,97.0000,4400
94.7500,94.7500,94.7500,94.7500,7100
94.5000,96.0500,94.5000,96.0500,258500
96.4500,97.5000,95.4500,96.4500,148000
96.9000,97.6500,95.5500,96.9000,234100
97.1500,97.1500,94.3990,97.1500,6700
96.0000,96.0000,96.0000,96.0000,27900
96.0000,96.0000,92.5000,92.5000,283900
93.0000,93.5000,90.0250,93.0000,173600
92.0000,92.4500,88.5000,89.9500,240800
89.0000,89.7000,86.6500,89.6500,427900
90.0000,90.7500,87.9000,90.3000,166600
91.0000,91.0000,87.3500,88.5000,277000
88.5500,90.7000,88.0000,90.5000,143100
90.0000,90.0000,87.7500,88.7500,183600
89.6000,89.6000,85.0000,86.5000,267200
87.5000,87.5500,81.0000,82.1500,199400
82.4500,85.0000,81.8500,84.4000,190900
84.0500,84.5000,82.2500,84.5000,960700
83.8000,85.7000,83.4990,84.6000,158800
84.9500,84.9500,82.2500,83.9000,217000
83.9000,84.5000,81.7500,81.8500,252400
82.6500,82.6500,79.7000,82.0000,153400
82.6000,83.6000,81.7000,82.0000,133200
81.7500,82.5000,80.1500,80.8500,146000
80.2500,81.0000,78.0000,78.3000,180000
78.7500,79.2500,77.4500,79.2500,130800
79.8500,81.5000,78.7000,78.8500,149300
79.3500,80.0000,78.6000,78.9000,99100
79.2000,79.4000,78.0500,78.6000,76500
78.6000,83.2000,78.6000,82.5000,180100
81.5500,83.2000,81.1500,82.9500,163200
83.2000,85.6500,82.5000,84.4000,321600
84.8000,87.3500,84.7500,87.0000,81100
87.0000,88.9500,86.8000,88.0500,103000
88.6000,90.0000,88.3500,89.5000,54900
89.5000,90.0000,88.4500,89.5000,34700
88.6000,91.2500,88.6000,90.5500,102300
90.0000,90.5000,89.0000,89.1000,30800
89.1000,90.3500,88.6000,89.4000,17900
89.4000,89.4000,89.4000,89.4000,0
88.2500,90.9500,88.0000,88.5500,90700
89.4500,89.4500,87.0000,88.0000,171500
87.7000,89.3000,87.6000,89.2500,218700
88.6000,90.2500,88.6000,89.5000,212900
89.4500,90.5000,88.9000,89.7500,143700
89.5000,90.2500,88.4000,88.7500,87500
89.1500,89.1500,86.9000,87.0000,255700
87.0000,87.9000,85.7000,86.8500,139600
86.6000,87.4000,85.9500,86.3500,60200
85.8000,86.5000,84.0000,84.2500,210500
85.4500,85.8000,83.7500,85.8000,59200
85.3500,85.8000,84.1000,85.4500,101700
85.0000,85.7000,83.0500,83.6500,130400
83.4500,84.9500,83.4500,83.5000,176100
83.9500,83.9500,80.0000,80.3000,257000
80.0500,80.8000,79.4500,79.9000,161800
79.4500,80.1500,79.1500,79.6500,78800
79.8000,82.0000,78.8500,81.5500,193400
82.1500,82.1500,78.9500,79.0000,230200
79.4000,81.0500,79.3000,79.9000,192800
79.7500,80.5500,79.1500,80.2000,69800
80.2000,81.7500,80.0500,81.6000,92300
81.7000,81.8500,80.0500,80.2000,89500
80.2000,81.2000,79.1000,80.0000,128000
79.2000,79.9000,78.2500,78.5500,195400
78.8500,78.8500,77.0000,77.0000,159600
76.9500,76.9500,74.2000,75.0000,207800
75.5500,75.5500,72.9500,74.0000,254600
75.5000,75.9500,73.8000,75.2000,266600
75.3000,75.7500,74.5500,75.5000,179400
76.0500,76.1000,75.1000,75.2000,41300
75.5000,75.7500,74.6500,75.0000,155200
75.4000,76.2000,75.3500,75.5000,140900
75.7500,75.8500,74.4500,74.5500,110100
74.1500,74.7500,73.4500,73.8500,271500
73.9500,74.0500,73.3500,73.8500,119400
74.0000,74.1000,72.9000,73.2500,107600
73.0000,74.4000,72.9000,73.5000,72200
73.1000,73.3500,72.0000,72.0000,127000
72.5000,73.2500,71.4990,72.2500,167300
72.6500,72.9500,71.8500,72.2000,98400
72.5000,72.9000,71.6500,72.2500,116800
71.8500,72.4500,70.6000,70.9000,233600
72.0000,72.0000,67.9000,70.0500,330900
70.2500,70.5000,68.7000,68.7500,212500
68.9000,72.5500,68.7500,72.1500,411300
72.3500,72.4000,70.0000,71.9500,448800
72.0000,73.5000,71.9500,73.5000,495500
73.4000,75.1000,73.1500,73.6000,333200
73.6500,74.4500,72.0500,72.4500,218800
72.6000,73.3500,71.0000,71.6000,206900
71.7000,73.0000,71.2000,71.5500,208000
72.0000,74.5000,71.9000,73.9500,344000
73.5500,74.3500,73.0000,73.3500,418400
73.3500,75.0000,73.2000,74.0500,2848100
74.0000,75.9000,73.4990,74.0500,513900
74.0500,78.0000,74.0490,77.4000,320900
77.5000,78.9500,75.8000,78.0000,402900
78.3500,78.9500,78.0500,78.6000,209600
78.8000,79.1500,77.6000,77.9500,245100
77.9500,78.7000,77.9500,78.6000,164100
79.0000,82.6000,78.7000,81.9500,258100
82.1500,82.9500,80.8490,81.9500,293400
82.0500,83.1000,81.8900,83.1000,121100
83.1000,83.1000,83.1000,83.1000,0
83.1000,83.1000,83.1000,83.1000,0
82.9000,85.3000,81.8000,85.2500,141500
83.0000,85.0000,82.1500,84.1500,217100
84.2500,85.0000,82.8500,83.3000,185700
83.7500,84.3000,82.0500,82.7500,178700
83.0500,83.2000,80.7500,81.0000,169600
80.6000,81.6500,79.2500,79.9500,129300
80.1000,81.0210,79.9000,80.4000,147400
80.4000,80.5500,79.7000,80.1500,85200
80.1000,81.0000,79.2500,79.9500,110700
79.7500,80.0000,77.8000,79.1500,90200
79.0000,80.4060,79.0000,80.3500,163200
79.8500,80.3500,78.3500,78.9500,151300
78.5000,79.2500,77.2000,77.7000,231700
77.7000,78.0500,76.0000,77.0500,305200
77.4000,78.0000,75.8500,76.2000,185600
76.2000,76.4500,72.5000,72.5000,227600
73.0000,73.0000,70.1500,71.3500,328500
71.5000,72.9000,70.7500,72.2000,311300
72.4500,73.3000,72.3000,72.8000,107000
72.8000,72.8000,72.8000,72.8000,0
73.5000,73.7000,71.6500,72.0000,131200
72.2500,72.4500,70.4000,70.8000,434300
70.9000,71.2000,70.0000,70.4500,218700
68.9500,70.7000,62.8000,66.4000,228600
68.3000,69.8000,67.0000,68.4500,185200
67.2000,68.3500,66.0000,68.3500,323400
67.7000,70.1500,67.7000,70.1500,139300
70.0000,70.0000,68.5500,69.7000,108500
69.1000,69.7850,67.0460,67.1000,144200
67.0000,67.4440,65.1500,65.7000,155500
65.0500,66.8500,64.5000,65.0000,177800
64.1000,64.6500,62.7000,64.5000,100100
64.5000,64.8500,61.8000,62.2000,165900
62.9500,62.9500,59.3000,62.3500,278400
62.0000,63.3480,61.1500,62.0500,156200
61.0000,62.0000,60.3000,60.9000,230200
62.0000,63.4000,61.3500,62.6000,249900
62.2500,63.2000,61.8500,63.0000,139400
62.3500,64.0000,62.1500,62.2000,167500
62.2000,62.2000,62.2000,62.2000,0
62.0000,62.2500,60.0970,61.8500,189200
60.7500,62.3500,60.2500,62.2500,49900
62.5000,63.0000,61.4990,62.0000,82300
61.4500,62.1000,59.5500,60.0000,176900
59.0000,60.0500,58.4500,59.3500,786000
59.2500,60.0000,58.5000,59.0000,182900
58.9500,59.5000,58.5500,59.2000,297600
59.0000,61.3000,58.5000,60.5000,161300
61.2500,62.1550,59.9500,60.3000,85900
60.2500,60.3000,60.3000,60.2500,0
60.3000,60.3000,60.3000,60.3000,0
60.3000,60.3000,60.3000,60.3000,0
60.3000,60.3000,60.3000,60.3000,0
60.3000,60.3000,60.3000,60.3000,0
60.3000,60.3000,60.3000,60.3000,0
60.3000,60.3000,60.3000,60.3000,0
60.3000,60.3000,60.3000,60.3000,0
60.3000,60.3000,60.3000,60.3000,0
60.3000,60.3000,60.3000,60.3000,0
60.3000,60.3000,60.3000,60.3000,0
60.3000,60.3000,60.3000,60.3000,0
61.2500,68.4000,60.3500,63.3000,1037700
62.0000,66.8000,62.0000,66.2500,126700
67.0000,67.9000,65.0000,66.9500,208300
65.2500,68.9500,65.2160,68.0000,138800
69.0000,69.0000,67.3990,69.0000,4000
70.0000,70.0000,68.1490,70.0000,2200
70.0000,70.7500,68.9000,70.0000,209900
70.0000,70.0000,68.6490,70.0000,2600
70.1500,70.6000,69.0000,70.1500,50900
70.2000,71.1500,69.0000,70.2000,100800
72.0000,72.0000,70.1500,70.1500,63300
70.8500,70.8500,70.8500,70.8500,4000
69.0000,69.0000,69.0000,69.0000,4900
68.0000,69.3000,68.0000,68.0000,89500
64.7500,64.7500,64.7500,64.7500,4900
253.8000,253.8000,229.0000,246.0000,11395800
247.0000,247.0000,235.0000,237.2000,8077700
237.8000,237.8880,232.3000,234.2000,7721000
235.0000,235.0000,220.1000,228.0200,13895100
223.0000,235.5000,222.5000,227.6600,20232800
237.0000,241.1000,230.8000,241.0000,23607600
240.0000,246.5000,233.0000,243.2000,19299900
242.4000,245.1000,233.9000,234.7300,13672100
239.0000,246.6000,239.0000,243.5000,12386000
244.9000,249.1000,242.1000,248.4000,9594200
252.9000,252.9000,248.3000,250.1000,8956800
250.0000,257.1000,249.1000,253.9000,9148100
251.0000,265.0000,250.0000,256.0000,17092200
256.6000,262.9000,253.1000,256.5000,3224900
254.6000,257.7000,250.0000,250.3000,5686400
251.0000,253.5000,247.4000,248.8000,6276600
249.5000,249.5000,245.1000,247.7200,3850600
249.0000,249.2000,238.9000,246.0000,2613000
248.5000,249.8000,245.0000,246.0000,2887700
249.0000,256.1000,249.0000,254.3000,9073300
254.0000,256.0000,250.0000,251.1000,2451300
251.8000,252.0000,245.3000,245.7000,3851700
245.0000,250.0000,242.8000,246.2000,2690500
246.6000,249.1000,245.7000,247.0000,3140000
245.0000,247.9000,244.4000,245.7000,2842500
244.0000,251.5000,244.0000,246.6000,3646800
250.0000,250.0000,245.1000,248.0000,2165900
249.0000,251.9000,243.2000,251.9000,2341500
251.9000,251.9000,251.9000,251.9000,0
253.4000,257.0000,244.5000,253.2000,7494200
254.0000,254.8000,248.7000,250.9000,5556300
253.0000,253.2000,249.7000,252.6000,5093500
251.4000,254.1000,250.0000,252.4000,5588000
254.0000,255.0000,249.0000,253.3000,1914000
254.0000,254.0000,250.6000,251.3000,3466500
247.0000,248.9000,241.7000,247.0000,6407600
248.4000,250.6000,247.8000,250.1000,9158800
250.0000,250.8000,246.1000,250.8000,5565100
250.5000,252.1000,247.7000,251.9000,8230500
251.5000,252.6000,249.0000,249.6000,6423000
250.5000,254.4000,246.1000,253.0000,14257600
254.9000,256.2000,253.2000,254.4000,8727800
254.0000,255.2000,243.9000,247.2000,64899900
248.2000,249.0000,241.3000,243.2000,8528900
244.6000,244.6000,236.9000,238.1000,6504200
239.9000,240.1000,229.2000,234.0000,9139100
235.6000,235.6000,226.9000,229.7000,5844100
229.9000,234.2000,228.3000,233.3000,6935800
234.1000,236.5000,232.9000,235.9000,4580600
235.9000,245.0000,232.9000,244.2000,9663200
244.2000,248.5000,240.6000,247.4000,8742000
245.6000,249.5000,243.6000,245.0000,12427800
246.0000,246.0000,242.6000,244.3000,3756700
245.0000,245.7000,242.2000,243.0000,4522700
243.7000,244.9000,240.3000,244.0000,5813900
244.5000,248.4000,244.1000,246.5000,5113800
246.3000,249.6000,246.0000,249.3000,2487000
247.6000,249.2000,246.2000,247.2000,3151300
249.7000,249.8000,246.9000,248.2000,1494000
248.7000,249.8000,244.9000,248.2000,4130800
250.0000,254.3000,248.5000,251.9000,3046900
253.3000,253.7000,250.9000,251.5000,3188600
253.9000,255.1000,250.5000,253.8000,4218500
255.7000,258.6000,254.3000,258.0000,3505000
259.9000,259.9000,254.2000,254.2000,3526900
254.0000,255.2000,250.0000,251.5000,2817700
250.3000,252.5000,248.5000,252.1000,3768900
252.2000,259.5000,252.0000,259.4000,3401600
255.9000,280.5000,255.0000,261.3000,7307600
260.1000,264.3000,257.4000,259.8000,4007500
260.0000,261.2000,257.3000,259.9000,4794700
259.6000,262.8000,258.8000,261.8000,3943300
263.0000,265.2000,261.9000,261.9000,2810600
262.9000,264.6000,258.8000,260.0000,2345900
258.3000,261.0000,256.0000,258.1000,1841700
259.0000,259.1000,256.5000,257.2000,2504300
258.0000,260.0000,254.0000,255.1000,3319600
254.3000,255.4000,251.6000,252.6000,7110300
253.6000,254.2000,246.7000,247.8000,3817500
246.6000,249.3000,245.5000,249.0000,4382300
247.7000,249.9000,244.8000,246.5000,3620000
248.9000,248.9000,243.5000,244.5000,3448600
243.5000,247.5000,241.1000,246.7000,2607800
246.3000,251.1000,246.3000,249.6000,4348900
249.6000,250.0000,241.9000,242.5000,2370900
241.5000,242.7000,239.5000,240.0000,4195400
241.2000,241.9000,239.0000,240.5000,4495100
240.5000,240.5000,235.4000,237.0000,3732600
238.2000,239.0000,230.8000,230.8000,4349100
231.1000,231.1000,226.8000,226.8000,3327000
227.2000,227.2000,224.0000,225.1000,4837900
224.5000,228.7000,223.8000,228.1000,1651200
227.5000,228.6000,223.8000,225.1000,2885000
222.8000,223.5000,217.8000,219.6000,6519300
218.5000,220.0000,211.3000,211.3000,6424000
212.4000,218.6000,208.9000,215.5000,8010100
218.0000,218.5000,210.5000,213.8000,5875000
214.8000,214.8000,210.8000,211.7000,4289200
211.9000,216.7000,210.5000,215.0000,5204300
215.7000,226.4000,215.5000,226.4000,9519100
227.0000,231.3000,226.0000,231.3000,7710800
232.2000,236.2000,230.2000,235.1000,5379000
238.2000,238.9000,234.6000,235.6000,1809800
236.0000,237.6000,234.9000,235.9000,587400
235.1000,237.3000,234.6000,235.0000,4165000
234.5000,235.5000,230.6000,233.4000,4557900
235.5000,238.8000,233.4000,235.5000,2745400
237.7000,237.8000,230.0000,232.9000,4148100
231.0000,235.8000,231.0000,235.0000,1332500
237.5000,238.3000,234.7000,235.2000,698600
236.1000,237.5000,234.3000,235.7000,1189900
235.4000,237.4000,234.1000,234.8000,704000
236.0000,239.5000,234.2000,239.5000,105400
239.5000,239.5000,239.5000,239.5000,0
241.2000,241.3000,236.0000,237.7000,1347400
239.0000,239.0000,236.8000,237.2000,1142900
236.1000,237.9000,234.1000,234.1000,1049500
232.0000,238.0000,232.0000,235.5000,3501700
236.1000,237.0000,232.6000,235.1000,3270100
234.5000,243.4000,234.5000,243.3000,3920000
244.3000,246.2000,241.6000,242.3000,2162400
241.4000,245.8000,241.0000,243.4000,2570000
244.0000,245.4000,241.8000,242.6000,2245100
243.0000,244.1000,241.3000,243.0000,4354400
244.2000,253.3000,244.2000,252.0000,4711900
253.0000,253.0000,248.5000,251.0000,4209100
251.0000,251.9000,249.3000,251.9000,2088500
253.0000,254.8000,250.9000,253.5000,2110500
253.1000,255.7000,251.0000,251.4000,2520300
250.5000,252.5000,248.4000,249.5000,2945300
246.8000,246.8000,246.8000,246.8000,2265500
246.9000,250.1000,245.3000,245.3000,1507700
251.0000,259.0000,246.0000,253.0000,5805400
254.3000,261.9000,252.3000,258.5000,4151000
259.5000,267.1000,256.3000,263.5000,5592600
264.1000,267.9000,259.6000,260.9000,4739200
260.9000,262.5000,258.0000,262.0000,4243100
261.7000,274.7000,260.5000,274.7000,5654400
273.9000,277.5000,269.8000,271.2000,4827200
272.4000,274.7000,269.5000,272.2000,1723800
271.1000,275.8000,271.1000,274.5000,2978300
273.9000,275.6000,270.1000,270.1000,2661300
270.0000,271.3000,266.3000,266.8000,4544400
272.1000,274.0000,268.7000,270.5000,4398100
271.5000,272.4000,264.0000,265.4000,2902100
264.0000,274.4000,263.7000,273.0000,3682900
274.4000,274.4000,264.7000,265.1000,1682600
265.0000,266.8000,261.5000,264.0000,2834200
265.0000,280.6000,263.5000,280.6000,7356100
280.0000,294.5000,280.0000,294.5000,8271500
293.9000,293.9000,288.8000,293.4000,7274700
297.5000,297.5000,285.0000,285.3000,5126700
285.0000,293.0000,281.2000,289.0000,3212800
288.5000,288.5000,280.1000,284.1000,6151800
282.8000,295.4000,272.6000,278.5000,8866900
279.6000,285.6000,276.7000,285.0000,3413200
283.1000,290.6000,282.7000,289.2000,3387500
289.8000,292.0000,281.8000,283.2000,3307400
280.7000,284.0000,277.2000,279.0000,4274400
281.4000,284.0000,277.9000,281.3000,4057300
281.0000,292.0000,281.0000,290.2000,5445000
291.7000,294.1000,286.8840,290.3000,2559500
290.7000,291.3000,284.6000,288.2000,4168800
288.0000,295.0000,285.3000,294.8000,3739100
294.0000,294.0000,284.0000,287.8000,2902800
285.9000,286.3000,282.5000,284.2000,2119000
282.1000,282.2000,277.3000,278.9000,3606800
274.2000,277.2000,271.6000,275.9000,2666900
276.7000,280.2000,270.2000,270.2000,4309100
272.0000,273.4000,268.6000,272.1000,2529600
272.2000,275.6000,268.9000,271.9000,10113300
273.9000,279.7000,272.9000,278.9000,2500200
277.5000,284.1000,276.1000,281.2900,2831300
281.5000,285.0000,279.2000,284.2000,2207300
282.7000,295.5000,282.4000,289.3000,5439700
290.1000,290.7000,279.2000,281.8000,6269000
283.0000,289.9000,283.0000,289.9000,3525200
290.0000,292.4000,285.0620,288.4200,4999800
290.1000,293.4000,288.1000,293.2000,2613500
294.0000,298.0000,292.7000,295.9000,4406800
297.0000,298.6440,294.4000,297.0000,6851500
295.7000,297.4490,293.2000,294.4000,3606600
297.0000,305.4000,297.0000,303.8000,4559200
305.2000,308.5000,297.8000,307.0000,4457800
308.6000,309.6000,303.6000,304.5000,6764700
305.2000,307.6000,304.3000,305.2000,3274000
303.8000,312.9000,303.8000,311.7000,3550600
311.3000,313.0000,304.4000,305.1000,3093300
305.6000,309.0000,302.4000,303.4000,3709100
303.3000,310.7000,301.4000,308.0000,3160200
306.6000,310.0000,295.1900,309.4000,4924500
308.0000,308.0000,294.0000,294.7000,6016500
296.0000,297.2000,288.7000,292.4000,3949700
284.0000,293.6000,284.0000,293.0000,5614600
295.6000,297.2000,288.1000,289.9000,2873000
288.7000,295.9000,288.7000,294.0000,2641100
295.0000,306.6000,294.0000,305.0000,5084900
305.8000,306.6000,302.5000,302.7000,3582900
305.2000,307.9000,299.5000,304.6000,4251900
306.0000,308.0000,299.7000,300.1000,2740900
300.2000,302.2000,295.4000,296.7500,3942000
295.5000,298.2000,292.1000,297.0000,6448100
295.0000,298.5000,293.6000,297.4000,4133300
298.0000,298.6000,296.2000,296.3000,3330700
298.8000,298.8000,296.0000,297.4000,3801600
294.4000,297.6000,294.4000,297.0000,3222100
298.5000,301.6500,297.9000,298.5000,2341300
296.4000,298.8000,293.5000,297.5000,2643800
297.7000,301.6000,296.2000,296.7000,2854800
298.2000,303.3000,296.7000,300.5000,3211200
302.0000,314.2000,302.0000,309.0000,6295500
310.4000,313.0000,307.7000,307.8000,4117600
305.0000,305.6000,300.5000,304.1000,3386800
305.5000,311.3000,304.6000,309.4000,4258000
309.4000,309.4000,303.6000,306.0000,3428500
305.9000,308.9000,303.0000,304.7000,2225300
309.0000,311.4000,306.3000,310.5000,1596500
312.8000,314.0000,308.3000,311.6000,3256400
313.0000,313.0000,304.1000,305.2000,2597200
302.5000,305.2000,299.1000,299.1000,3370100
300.0000,305.5000,300.0000,303.9000,2784400
306.6000,306.6000,299.8000,299.9000,1593800
308.0000,312.6000,305.9000,307.5500,7426000
307.0000,307.8000,304.0000,304.0000,5240300
304.1000,318.7000,304.0000,316.1000,7375300
315.5000,319.4000,312.8250,315.6000,4275100
317.1000,318.0000,312.2000,313.0000,3255800
315.0000,315.8000,309.7000,309.7000,5368000
309.9000,310.6000,304.0000,304.8000,4172800
303.7000,304.8000,298.7000,300.0000,6568800
298.5000,304.8000,298.5000,304.0000,4601200
302.4000,304.3000,299.0000,299.8000,2999900
300.5000,302.6780,298.5000,302.2000,2579000
302.6000,303.1000,299.0000,299.0000,2249200
298.0000,300.2170,294.0400,294.5000,5337700
297.0000,298.3000,287.6000,287.7000,3449200
288.0000,290.4000,285.3000,287.7000,4748500
287.0000,294.2000,280.6000,288.2900,5242800
294.4000,295.7000,291.7000,293.8600,4184900
295.0000,295.7000,288.3000,291.8200,9799400
294.9000,295.0000,292.1000,293.7600,4173400
294.0000,294.0000,291.9000,292.8500,2156600
291.5000,298.9000,291.5000,297.7800,4614500
299.0000,300.4000,296.4000,298.9000,3190300
300.0000,301.0000,291.7000,294.9300,5068800
293.1000,296.5000,290.0000,292.4900,4480000
292.2000,292.5000,280.4000,284.6500,6169300
278.7000,282.0000,273.2000,277.4500,6880700
281.5000,283.2000,280.1000,281.4100,3722800
283.5000,283.8000,280.1000,281.5000,3591000
278.2000,281.9000,276.7000,277.3000,2853000
276.1000,276.5000,264.1000,265.0000,5550500
268.3000,276.7000,266.3000,275.2000,3706700
277.4000,279.3000,273.6000,279.0000,3213700
279.3000,286.5000,276.8000,285.8000,4273000
287.0000,289.4000,285.1000,288.6000,2542800
287.1000,287.1000,280.9000,281.9000,3048800
284.0000,284.0000,277.6300,281.5000,2810300
279.4000,283.0000,277.9000,279.4000,2623500
278.0000,281.0280,276.8000,281.0000,2754400
278.1000,278.5000,271.6000,276.2000,3576700
277.6000,280.8600,270.4000,274.3500,4231300
270.6000,274.3000,269.7000,273.2000,3831400
271.4000,277.4000,265.5000,267.7000,4053200
270.8000,274.0000,257.8000,258.5000,6982700
253.9000,258.0000,245.9000,250.1200,8230500
246.7000,254.0000,237.3000,244.7200,5554900
237.0000,250.6000,229.0000,250.6000,7126200
254.1000,260.5000,242.0000,246.1000,7463900
258.4000,258.5360,241.0000,252.6000,5901000
253.9000,259.7000,249.3000,259.7000,2822000
258.4000,268.2000,256.4000,267.8000,2544100
265.1000,270.6000,260.1000,267.9000,4580100
262.6000,275.0000,262.6000,271.6000,4721300
274.0000,277.8000,257.5000,266.5000,8312100
259.1000,260.4000,251.0000,255.8000,5230600
254.5000,261.3400,251.8000,255.4000,3989100
259.2000,259.9000,251.9000,255.6000,2815300
257.0000,260.0180,253.8000,259.0000,3448100
260.3000,262.0940,254.0000,256.5000,3367400
248.7000,254.4000,235.8000,252.6000,4903500
255.4000,260.6000,253.7000,256.7000,3803200
256.7000,268.5790,255.0000,266.4000,3929800
268.8000,272.7000,265.1000,270.4000,1982900
265.0000,269.1000,262.8000,265.5000,2173600
262.5000,262.5000,253.1000,254.1000,3755400
252.2000,261.5000,250.6000,251.9000,4462900
251.4000,254.7000,248.5000,251.7000,3800700
252.0000,257.0550,248.7000,249.7000,3468300
248.4000,252.5000,245.4000,246.1000,3113800
242.5000,242.6000,234.7000,235.3000,2562900
238.1000,242.3000,233.5500,237.8000,3422200
238.7000,244.9000,235.1000,241.5000,4029300
247.0000,248.4000,241.1000,246.5000,3157300
247.8000,252.2000,244.5000,252.2000,6962600
247.8000,249.4000,243.7000,246.0000,2189100
247.6000,248.7000,244.0000,245.5000,3144700
244.2000,246.2000,242.9000,243.5000,3815200
237.8000,242.2000,235.2000,235.4000,5083500
236.6000,240.3000,234.0000,239.8000,3185900
236.5000,250.5000,236.1000,249.2000,16158100
255.7000,255.8000,252.5000,253.0000,2772400
253.1000,254.9000,250.6000,251.1000,2729800
248.9000,254.2000,248.1000,254.2000,1546700
254.3000,255.0000,247.4000,247.4000,3384400
242.6000,245.6000,240.6000,245.6000,1657000
244.0000,244.0000,231.7000,233.0000,3418300
240.1000,247.9000,239.9000,246.0000,3252200
247.3000,260.2000,245.5000,260.0000,1987700
257.9000,265.0000,257.9000,263.1000,2001300
264.5000,266.1000,262.3000,266.0000,1188200
267.1000,267.9000,262.9000,265.3000,1200400
262.8000,274.7000,262.8000,274.7000,1832300
273.3000,274.8000,268.3000,270.0000,2629600
272.2000,275.9000,270.3000,273.0000,3137000
274.4000,278.7000,269.6000,272.8000,1895000
271.8000,275.9000,268.9000,275.2000,1799100
279.3000,279.3000,276.1000,277.7000,2111500
276.1000,277.2000,271.4000,273.9000,1998200
275.2000,278.9770,273.1000,277.1000,2501100
278.5000,279.9000,275.3000,277.2000,3289100
275.1000,283.4000,275.1000,281.7000,6201200
282.0000,286.5000,280.5000,283.4000,24763700
290.5000,294.8000,283.7000,287.2000,3451500
288.7000,288.7000,281.9000,283.3000,2511600
282.9000,283.9000,275.0000,275.0000,2386400
269.9000,269.9870,257.0000,261.5000,2874700
263.5000,268.8000,259.2000,268.1000,1673000
263.7000,275.2000,263.2000,273.0000,2101800
275.8000,275.8000,268.6000,271.5000,1665300
270.1000,274.0000,267.1000,270.3000,1490400
269.1000,275.6000,267.1000,268.4000,1933300
270.0000,270.0000,249.6000,254.1000,5072700
247.3000,265.0000,245.3000,263.1000,3100800
263.0000,270.9000,261.1000,270.4000,1009100
270.6000,271.5000,259.0000,263.3000,1747900
260.4000,265.8000,259.4000,262.1000,3042200
263.5000,267.4000,258.3000,260.3000,2921800
260.0000,260.2000,249.9000,252.0000,3837600
249.7000,251.5000,245.5000,248.9000,3411600
245.0000,245.0000,229.6000,230.2000,4772400
233.0000,239.4300,233.0000,238.0000,4943200
235.8000,236.9200,229.1100,229.5000,4262000
229.8000,233.8130,228.4000,232.6000,1718900
233.0000,233.9000,228.6000,232.7000,1245900
235.0000,241.1000,233.7000,239.6000,2302900
240.8000,240.8000,231.8000,240.5000,3583000
238.0000,249.0000,235.3170,235.6000,10062200
238.3000,250.9000,235.0000,244.7000,5050300
249.1000,254.2700,235.8830,253.1000,2874500
255.6000,259.6000,253.7000,257.5000,2453300
256.2000,260.2000,255.6000,257.6000,2419100
264.9000,267.9000,255.1000,257.6000,3786900
259.9000,260.9000,252.7000,252.7000,2789800
250.1000,255.7630,250.1000,253.1000,2554400
253.1000,255.1000,247.5000,247.5000,2393000
249.4000,255.4000,245.9400,251.9000,2650800
250.1000,254.8000,250.0000,250.9000,4903500
253.0000,255.6000,242.6250,245.7000,3510900
247.0000,249.3000,244.5000,246.0000,6868600
244.7000,246.1000,243.2000,244.9000,2035300
246.3000,248.8000,243.0000,248.0000,1519000
252.2000,253.8630,242.7000,243.2000,1866300
243.0000,248.5000,242.9000,248.1000,1902300
251.3000,251.3000,245.8000,248.3000,298400
248.3000,248.3000,248.3000,248.3000,0
248.3000,248.3000,248.3000,248.3000,0
247.7000,249.5000,244.0000,246.6000,1211200
247.6000,251.3000,246.5000,250.8000,869000
250.9000,253.5000,249.3000,251.4000,587600
251.4000,251.4000,251.4000,251.4000,0
255.9000,259.4000,251.9140,259.4000,2001100
259.7000,263.7000,258.9000,260.1000,1819100
259.5000,261.5000,252.7000,254.6000,2126300
255.9000,255.9000,247.6000,250.3000,2126200
251.6000,251.6000,243.3000,245.2000,1809000
246.5000,255.8000,246.5000,254.5000,2840300
255.2000,257.3700,253.1000,255.9000,1695300
257.1000,263.1000,256.8000,259.7000,1556100
261.8000,267.6000,259.3000,262.6000,2314600
261.2000,263.3000,259.1600,262.0000,1583700
269.4000,281.3000,265.6000,265.6000,3183500
267.9000,272.9000,267.4000,269.8000,2691600
271.2000,277.6500,270.2000,270.9000,3811300
270.8000,272.3000,268.1000,270.8000,3773500
272.2000,274.3000,269.4000,270.4000,2367000
269.0000,271.5000,267.9000,270.5000,1923100
271.8000,274.4000,268.6000,272.3000,1818800
272.8000,279.4000,272.8000,275.6000,1931400
275.2000,276.5000,272.2000,274.2000,2057800
273.1000,273.7000,268.8000,272.1000,1338600
274.0000,275.0000,270.4500,273.1000,3344500
274.5000,277.5000,273.6000,274.9000,2911000
276.2000,279.1000,269.1000,277.6000,2528300
278.1000,281.4000,271.9000,280.6000,1860300
281.2000,281.2000,276.5000,278.9000,1299500
280.2000,282.4000,274.7000,275.3000,2267500
276.0000,276.6000,272.0000,274.0000,2763000
275.0000,277.3000,272.6000,274.7000,1560300
274.5000,275.5000,268.6000,269.8000,2112300
272.7000,273.2000,269.8000,271.0000,2018500
270.1000,273.6000,268.0000,269.0000,1753900
269.7000,270.9000,264.4000,265.1000,2638400
264.9000,265.6040,259.0000,263.1000,2514700
264.1000,266.1000,261.0000,261.7000,2740100
263.2000,268.1000,261.7020,265.0000,1640100
265.0000,266.1000,260.8000,260.8000,4703700
261.2000,262.5460,259.9000,261.3000,5302400
260.6000,264.3000,260.1000,263.1000,2345100
263.6000,266.5000,262.9000,265.0000,2352400
264.2000,266.9000,260.2800,265.0000,2568200
265.6000,267.4000,263.4000,266.0000,2970300
265.8000,269.0970,263.4000,269.0000,7000600
268.4000,271.3000,265.0000,270.5000,2759800
271.8000,271.9000,267.4000,269.7000,2372200
268.2000,270.9000,265.3000,266.9000,1976600
266.3000,266.3000,260.4000,261.6000,3357000
260.4000,263.0000,260.0550,260.8000,2623500
262.1000,265.4000,260.8300,263.3000,1342000
264.5000,268.8000,261.9000,267.8000,2224100
268.0000,268.4000,263.6000,265.0000,1514000
266.7000,269.9000,266.2620,269.1000,1606400
270.5000,287.1000,268.8000,283.2000,6380800
283.7000,284.9000,279.4000,284.0000,2887900
285.1000,286.3000,278.6900,284.0000,8735100
282.0000,285.4000,279.3400,281.2300,2236500
282.0000,283.7630,279.8000,280.7000,2064900
280.2000,283.2690,276.7000,276.8000,2215200
276.6000,280.4000,273.9000,279.0000,2600600
280.3000,282.5000,276.6000,279.5000,1432400
282.0000,282.3000,273.1000,274.9000,2865700
267.1000,270.2500,253.3000,268.2000,8617100
266.9000,270.3000,261.5000,263.2000,5258200
263.0000,264.6000,260.2000,263.0000,4092300
260.6000,265.6000,259.7000,261.3000,6038200
261.3000,264.8000,259.0000,263.5000,4324900
262.6000,264.1000,258.6000,259.0000,4490100
255.8000,258.0000,252.5000,253.0000,5081400
252.6000,255.4000,245.7000,252.0000,4844900
252.0000,252.0000,252.0000,252.0000,0
252.0000,252.0000,252.0000,252.0000,0
250.0000,251.4000,247.7000,247.7000,2971900
246.4000,251.0000,246.1000,250.6000,2830100
250.3000,251.8000,245.0000,248.5000,4215800
248.0000,249.3000,242.4000,242.4000,4337300
241.1000,243.1560,237.7000,238.1000,3300900
238.0000,243.0000,237.0000,239.0000,4916600
229.0000,229.5250,225.0000,225.0000,6921600
226.2000,229.0000,224.6000,225.0000,6778200
225.0000,226.3000,222.2000,224.2000,5037800
223.1000,224.5000,219.0000,221.0000,4952600
222.7000,223.8000,219.7000,220.6000,6050700
222.0000,225.6000,221.0000,225.0000,4394800
225.0000,225.8600,223.6000,223.9000,4229100
222.7000,227.8330,222.7000,226.6000,3903800
226.6000,226.6000,223.7000,223.8000,4427900
223.8000,226.2900,223.3000,224.7000,3367700
225.7000,225.8880,223.5000,223.9000,6544400
223.7000,225.3000,222.6000,222.7000,5947800
221.4000,223.5000,219.4000,219.7000,5930300
219.7000,219.7000,219.7000,219.7000,0
220.0000,223.7000,212.9000,214.2000,5996700
215.0000,217.4000,208.6000,211.9000,4664100
212.6000,215.2980,212.2000,212.7000,3219100
212.7000,214.3000,210.4000,213.7000,9471300
212.4000,213.8000,211.1000,211.6000,3274100
211.6000,212.3000,204.7000,205.5000,2971400
202.2000,206.4000,200.9000,201.6600,4786900
203.2000,204.9000,195.9000,199.1000,3949300
196.4000,200.4000,195.1000,196.3000,3743000
195.3000,203.0910,194.1000,200.6000,5337500
202.0000,207.1000,201.6000,206.4000,4983800
204.3000,204.9890,199.4000,199.8000,5245200
201.8000,205.6000,197.9000,204.5000,4784500
203.9000,206.4640,200.2000,202.4000,2940700
204.1000,204.1000,198.5000,199.5000,2672400
200.5000,202.3000,198.4000,200.0000,2621000
198.7000,199.2250,194.6000,196.5000,3884200
196.5000,198.1720,191.7000,192.9000,5330100
194.2000,196.0680,190.4000,192.4000,3329000
192.4000,192.4000,192.4000,192.4000,0
192.4000,192.4000,192.4000,192.4000,0
192.4000,196.3000,191.8000,193.7000,3562800
195.6000,198.9000,194.0000,196.1000,3402500
195.5000,199.4000,194.4000,198.4000,2361600
202.3000,203.4000,194.1000,194.5000,3309800
195.3000,196.6000,193.0000,195.3000,3054700
200.6000,204.6000,194.5900,197.6000,6547100
195.4000,197.3000,192.6000,197.1000,2834200
197.4000,198.0100,195.7000,197.0000,7973700
200.2000,201.8000,194.7000,196.0000,3115400
197.1000,201.3020,195.7000,200.7000,3246900
202.0000,205.1000,200.4300,203.9000,4509300
203.7000,205.9000,201.6000,202.7000,3500500
201.1000,202.0000,199.0000,200.0000,2051500
199.2000,199.7000,195.5000,196.3000,2670800
196.1000,196.3000,192.8000,193.7000,2984700
194.7000,196.0000,189.8000,190.3000,3649200
192.3000,193.2000,190.2000,191.3000,3383500
195.8000,198.2000,194.7000,195.9000,3353000
196.7000,198.3000,195.4410,198.0000,2918800
198.3000,200.6310,197.7000,200.0000,2896000
200.3000,204.2000,199.0000,203.0000,2490800
203.9000,205.4000,201.5000,203.6000,4089400
204.2000,204.6000,202.8000,203.8000,2850800
204.2000,205.0560,200.2700,203.2000,2645000
203.3000,207.0200,203.1000,206.9000,2686600
205.8000,209.3120,205.1400,208.9000,2806100
209.2000,212.5000,208.6620,210.3000,4424500
212.0000,213.1000,209.2000,212.4000,2577600
211.5000,219.5400,211.5000,218.3000,4330300
218.3000,220.1000,217.1000,219.9000,3324600
220.1000,223.9000,219.4000,223.8000,4175900
225.2000,229.0000,223.9000,227.9000,3825200
227.0000,227.0000,205.3000,215.5000,13840900
212.2000,213.6860,208.0000,209.4000,3971200
209.0000,209.8240,204.4000,205.0000,2331800
204.8000,207.8720,204.5000,205.0000,2593600
205.9000,207.6000,203.4440,206.5000,2828800
207.3000,209.5780,203.9000,208.2000,2359800
208.8000,211.4000,207.9870,210.8000,2217900
210.1000,211.6000,206.0000,206.0000,3142200
205.7000,209.0000,204.9000,207.4000,3114200
207.8000,209.9000,201.2000,201.2000,3827700
202.0000,207.9000,200.2000,207.4000,3117900
207.2000,212.5000,206.4000,212.0000,3279200
211.9000,213.8680,210.8000,212.9000,3001700
212.1000,213.5000,211.0000,213.3000,3028500
214.0000,217.9250,213.6000,217.0000,2390700
217.6000,219.4510,216.5000,217.7000,2633100
218.4000,220.0300,214.9000,216.8000,2185900
217.9000,220.0000,216.8000,220.0000,2619500
225.0000,239.4000,225.0000,226.3000,11907400
230.9000,230.9000,226.3000,227.4000,5396400
227.2000,229.1000,224.9120,225.8000,10125600
226.3000,228.0000,221.5000,221.5000,3095000
222.4000,227.3230,221.8000,224.3000,3364600
223.9000,224.3000,221.8600,223.7000,2667000
224.6000,226.4000,223.1000,224.4000,2823400
223.6000,224.2130,220.4000,222.6000,2023700
222.6000,222.6000,222.6000,222.6000,0
222.0000,222.0000,217.3600,219.8000,3188200
219.7000,220.6160,216.3000,216.6000,2713200
216.6000,218.2000,214.4000,216.0000,2740900
216.8000,218.6000,214.4000,215.8000,3444900
216.5000,217.3230,214.6000,214.6000,2449400
216.2000,217.8250,213.1000,214.0000,4709400
207.0000,208.9000,203.0000,203.0000,4114000
203.4000,205.5000,202.2880,204.8000,8027600
205.0000,214.0100,205.0000,210.6000,8945300
209.5000,216.2190,209.4000,214.3000,4468500
213.4000,214.4430,212.3000,213.1000,6152200
214.0000,217.6260,210.2000,217.3000,5899100
217.2000,224.1000,215.7000,221.4000,9474100
224.9000,227.2000,222.2000,223.8000,6723600
222.7000,227.7000,220.0000,225.1000,4652800
223.7000,223.7000,220.0000,220.4000,3310200
221.3000,223.9000,219.7660,220.5000,4437200
219.2000,221.7000,217.9000,221.5000,3705100
222.9000,225.4000,221.7000,224.4000,6482100
222.6000,223.3000,220.5000,222.0000,2031200
221.7000,222.6000,219.2000,220.7000,1666700
218.6000,219.7140,218.0200,219.0000,3518400
220.3000,221.0000,218.6000,219.7000,1852800
220.9000,221.4620,216.9000,217.1000,4614300
216.5000,221.3000,216.3000,219.1000,1985900
217.8000,219.9890,217.4000,218.3000,1624200
217.2000,220.4710,216.8000,219.7000,1334100
219.9000,221.2000,218.7000,218.9000,1754400
219.0000,223.1000,218.4990,222.6000,1911200
220.9000,221.2380,216.8000,218.7000,1878100
218.8000,219.6050,213.2800,214.3000,2659900
213.4000,214.5000,211.2000,212.0000,1902100
211.2000,215.9000,210.7000,215.0000,2228600
214.5000,217.7000,213.1000,216.7000,1816800
216.3000,219.4190,216.3000,218.0000,3173100
218.7000,220.0820,217.1000,217.9000,3006900
219.0000,219.0000,216.3000,217.9000,2186800
218.3000,224.0190,217.3000,222.1000,2815400
221.2000,223.3920,219.4130,219.9000,1917200
219.8000,222.6000,218.1370,220.5000,1340800
220.9000,220.9000,215.5000,216.3000,3205100
216.8000,217.4000,212.1000,213.0000,3326500
212.8000,214.2060,210.3000,210.6000,1854300
210.0000,210.8000,206.3630,208.1000,2728700
208.0000,208.9630,204.7750,207.2000,2704900
207.0000,214.4670,206.4800,213.7000,2098600
214.0000,219.5000,213.2530,218.3000,3898900
218.3000,226.1000,217.7420,225.0000,8688400
225.3000,225.5000,222.6000,223.5000,2783900
222.6000,222.9000,219.9000,221.2000,2621000
225.5000,240.1000,225.0000,236.6000,10797000
238.3000,240.0000,235.3000,235.3000,4055000
235.6000,238.5000,234.6000,237.7000,2353400
238.7000,239.5000,235.5000,237.6000,3368000
238.4000,240.3000,237.5000,237.8000,2819400
237.7000,240.4000,235.9000,239.8000,2816800
239.2000,240.2000,237.8000,239.5000,3468400
231.8000,232.9000,226.4470,230.0000,4977900
230.9000,231.5000,227.5000,227.9000,4387100
229.5000,230.9380,226.7000,229.3000,2536900
228.6000,230.1000,227.4000,229.5000,1998100
227.8000,231.0000,226.2000,230.0000,2809700
230.3000,233.2860,230.2600,232.0000,2083700
232.4000,234.1000,232.0000,233.8000,908900
233.7000,236.2000,232.9000,234.9000,3173300
236.1000,239.3400,235.9300,236.9000,2161500
231.7000,236.6000,231.1000,235.4000,2478400
233.7000,238.7500,233.2000,238.1000,2458900
238.2000,238.8000,234.9000,237.7000,3407800
238.8000,241.8930,238.0000,239.8000,2362100
238.8000,240.8000,237.6000,240.1000,1558900
240.7000,245.5000,240.3000,245.5000,2576000
246.3000,246.3000,242.4000,243.5000,2816100
243.3000,246.4000,242.3000,245.4000,3067800
247.2000,248.1350,244.4000,244.4000,2281400
244.5000,246.6400,243.7800,244.5000,1652900
245.4000,247.8000,244.9000,247.0000,2096800
247.7000,250.0000,246.9000,247.9000,2322300
248.4000,250.1000,246.8000,249.2000,2190500
249.6000,249.8750,246.7000,249.5000,1292500
250.3000,254.8000,249.4000,254.4000,3075000
255.5000,257.2000,253.2390,255.4000,1872800
255.4000,257.4000,253.8000,256.9000,1266900
255.9000,257.0080,250.1000,250.1000,6145900
252.7000,255.0000,250.7000,253.5000,402400
253.5000,253.5000,253.5000,253.5000,0
252.4000,253.0000,251.5000,251.8000,827400
251.4000,252.9150,245.8780,248.0000,1020100
246.7000,249.9000,245.6000,247.5000,642000
247.5000,247.5000,247.5000,247.5000,0
249.9000,252.2000,248.6000,249.6000,2452300
249.7000,250.8630,247.8000,249.4000,2512800
248.6000,250.8660,246.1000,250.7000,2148300
250.5000,252.2000,248.8000,250.9000,1875100
250.3000,258.0000,250.0620,254.9000,3369600
254.9000,256.8000,253.8000,255.6000,1589400
255.2000,261.6000,254.6300,260.7000,3460500
261.1000,262.9000,258.7690,260.8000,2484000
262.0000,269.4200,261.8630,266.6000,4870700
265.8000,267.7000,263.8000,266.5000,4402800
266.7000,266.7000,258.5000,264.3000,3406700
264.8000,267.6750,264.0000,267.5000,1569300
268.8000,269.2500,263.1000,264.0000,3165700
264.4000,268.7000,263.6750,268.3000,2192200
267.8000,269.3130,266.1570,267.0000,3046200
266.8000,267.1000,264.4000,266.3000,3671700
265.6000,268.4000,263.9000,267.4000,1936000
266.4000,268.6000,265.1000,266.6000,2715900
266.8000,268.9600,266.0350,268.1000,2623100
268.5000,269.3000,266.3000,269.0000,1680400
268.3000,269.5000,264.8000,265.8000,4436900
266.5000,267.2000,262.5000,262.5000,2572400
263.5000,264.5400,259.5000,261.9000,2786300
262.0000,263.7500,258.5000,259.6000,2578300
259.4000,260.2000,257.8000,258.2000,2043800
259.4000,260.8400,258.2370,259.8000,2746000
260.1000,260.7000,255.4000,256.0000,2273400
256.2000,258.5780,255.1000,255.4000,1901800
255.8000,257.8000,255.8000,256.8000,1883700
256.4000,263.0000,254.9000,259.3000,2611000
259.2000,264.0000,258.4000,261.8000,2296300
260.7000,265.4000,260.6000,263.5000,2964400
264.1000,264.3000,261.0000,262.5000,2611100
263.4000,263.8000,260.1000,261.9000,1445100
260.8000,265.5000,260.8000,264.5000,1709800
264.6000,267.6030,262.4000,266.0000,2516300
264.4000,264.6000,261.9500,263.6000,1673700
264.6000,265.8000,262.1000,263.3000,2012300
263.7000,265.7630,259.5000,261.3000,3135500
256.9000,258.7000,254.4000,256.6000,2344500
257.4000,258.1000,253.3880,256.7000,1875100
257.3000,262.9000,255.7000,261.2000,5302600
260.9000,263.2000,257.4000,262.0000,2271700
261.4000,262.1000,258.9000,261.3000,1583700
261.9000,267.5070,261.9000,267.0000,2816300
267.6000,270.6000,266.4500,269.4000,2623100
267.5000,269.8000,265.7000,266.0000,2516700
267.1000,271.1000,266.8000,269.9000,2716600
269.8000,269.8000,265.6000,266.6000,1904900
266.7000,267.6000,265.0000,265.3000,2939200
264.8000,265.5900,260.4000,263.7000,3551800
263.4000,265.0710,263.4000,264.0000,2988000
265.0000,268.3240,265.0000,267.0000,6297800
262.7000,268.0000,260.9910,267.4000,2778100
267.3000,270.2000,266.1000,268.1000,2010600
269.7000,272.6950,269.1000,269.6000,2782600
272.7000,278.4000,271.1000,272.2000,4483300
271.0000,273.8000,269.8000,273.0000,2733300
274.5000,276.1000,265.8000,268.3000,3539500
277.4000,278.5450,270.3000,271.0000,4502300
272.1000,274.2000,269.7000,270.2000,5209700
270.7000,273.9000,270.5000,272.5000,4621100
272.5000,272.5000,272.5000,272.5000,0
272.5000,272.5000,272.5000,272.5000,0
272.8000,278.0300,272.7000,277.5000,3687600
277.0000,277.1820,273.0000,273.0000,2918000
276.1000,276.1380,269.7000,270.0000,3007900
269.1000,271.6000,263.6640,265.9000,2629000
266.9000,267.2750,259.7000,261.4000,2806800
261.8000,263.4000,260.0000,261.2000,3094100
260.6000,268.9000,260.6000,267.6000,3290200
266.5000,272.4000,266.5000,271.1000,3283400
274.1000,276.4000,273.3810,274.3000,3308800
274.1000,275.7000,271.6000,274.7000,2524900
273.1000,276.4000,269.8000,276.0000,3894400
263.2000,263.4400,253.1000,254.1000,4909100
254.2000,255.7240,246.7000,247.1000,3245600
247.6000,255.3900,246.9000,251.6000,3339400
251.1000,254.6000,248.2000,249.0000,1593900
249.0000,260.6000,248.8000,259.3000,2907900
259.0000,262.7500,259.0000,260.9000,1741700
260.7000,262.6000,259.4070,260.8000,2462600
260.1000,262.6000,259.5000,261.5000,1514200
261.8000,264.5000,261.8000,264.1000,1403200
263.7000,264.5000,262.0000,263.9000,2635600
264.0000,264.6000,262.7000,264.5000,5362300
264.2000,266.6000,262.2000,266.1000,2669600
266.1000,273.2000,265.7000,269.8000,2519200
269.8000,269.8000,269.8000,269.8000,0
273.1000,273.1000,268.4000,272.4000,2805300
270.0000,275.8000,268.2900,274.9000,2743800
274.8000,275.8000,273.5000,275.2000,1584500
274.9000,279.2000,274.9000,278.6000,1805500
279.2000,280.8000,278.2800,279.1000,2261800
280.0000,280.5000,276.5000,277.2000,1762200
277.4000,285.8000,276.1000,285.0000,2585200
284.1000,287.2000,280.5900,285.4000,2618800
285.6000,297.1000,284.5000,296.8000,4443400
296.9000,297.5500,294.4900,296.0000,5159100
295.5000,298.2000,294.6000,296.4000,9788200
296.4000,300.9000,295.1000,299.0000,5326600
295.0000,296.6000,288.1610,291.6000,3568500
292.8000,293.5000,288.9000,290.2000,2242500
290.2000,290.2000,290.2000,290.2000,0
293.1000,296.7000,291.9370,293.7000,2913500
293.3000,294.2000,289.3880,292.0000,2621300
290.9000,294.6000,288.8080,294.3000,3630200
293.1000,293.9000,287.3000,289.3000,5062000
288.3000,288.3000,284.5000,285.9000,2409900
287.8000,289.0000,285.0000,286.7000,1987200
285.5000,286.7870,281.0000,282.1000,2069700
282.0000,284.3350,279.4000,279.7000,2204700
280.4000,281.0630,278.0270,279.9000,2536800
279.6000,281.8630,279.0000,280.1000,2291900
279.4000,279.4000,273.2000,276.0000,2921800
276.1000,284.9000,276.1000,279.5000,2728000
274.2000,277.3000,271.5570,276.1000,2183000
277.5000,280.0000,274.8000,275.1000,2348200
277.4000,286.0000,277.4000,283.1000,1958200
282.1000,289.7000,282.1000,288.8000,2860100
288.0000,289.2000,284.8840,287.1000,1924200
284.0000,285.8000,279.2000,283.7000,2709600
283.9000,286.8780,278.5000,278.5000,8028800
278.4000,278.8000,268.4000,270.8000,3205800
274.3000,274.3000,268.3000,271.3000,2843300
272.0000,281.3000,270.9000,278.8000,3231900
278.4000,283.3000,277.6620,280.2000,1620900
281.7000,287.8000,280.6000,285.0000,4026600
286.1000,291.0000,283.0000,289.6000,2469400
289.5000,290.8000,287.6000,290.0000,1577800
287.4000,289.5000,284.5000,289.4000,1995900
290.4000,299.8000,289.5000,297.3000,1905200
297.4000,300.6860,293.6000,294.6000,2027800
296.5000,308.0000,295.9000,305.8000,2370200
307.6000,311.3000,305.4000,306.1000,2116700
304.9000,306.6000,302.1000,306.2000,1562500
308.5000,310.9000,305.1000,308.0000,2597600
310.3000,321.0000,309.4000,318.5000,3874700
318.6000,320.2000,313.3000,315.2000,2218600
315.3000,317.1000,309.6000,309.9000,2844200
310.0000,310.5000,302.7000,307.8000,4100300
307.7000,315.4000,307.0000,313.5000,2581800
312.8000,314.2000,311.2000,313.3000,1682900
313.4000,314.7000,308.8000,312.1000,1333100
313.8000,315.6000,311.3000,312.8000,1679000
312.9000,323.7000,312.9000,321.7000,3062200
321.8000,322.9000,314.5000,318.6000,2184500
320.1000,323.7000,315.2000,316.9000,1601100
317.1000,323.5000,317.1000,320.1000,1541700
320.9000,324.9000,319.6000,320.7000,2967900
320.8000,325.6000,320.0000,323.8000,1872200
324.3000,330.6000,324.3000,328.9000,1854200
330.0000,332.7000,327.7000,331.2000,1763900
331.3000,337.2260,331.3000,335.8000,1910200
335.9000,340.7000,332.5720,336.0000,1790400
335.6000,335.9130,327.8360,330.6000,2506900
329.9000,330.7430,324.4000,326.3000,2322300
326.4000,327.5000,323.1000,324.3000,2478900
324.4000,329.9000,323.7000,323.7000,1943400
330.2000,342.4000,322.0000,329.5000,6180700
328.2000,330.4620,324.5100,328.0000,3467500
328.1000,328.4920,319.6000,320.0000,2724100
320.0000,323.1000,318.2000,322.8000,2940200
322.7000,327.2000,321.4310,324.3000,2353700
323.0000,324.3140,319.8000,322.2000,2157700
322.3000,325.3000,320.1000,320.5000,2047400
320.6000,325.6000,319.9000,323.3000,1679200
323.4000,329.0000,322.5000,325.5000,1465600
325.5000,325.5000,325.5000,325.5000,0
326.2000,328.2000,318.1000,319.1000,2710500
319.0000,320.1000,313.2000,316.3000,1932600
316.4000,321.2000,314.5000,321.0000,1926000
321.2000,323.0000,315.9000,318.7000,3271100
320.8000,328.8600,320.8000,326.9000,2192900
326.8000,330.3000,325.1000,325.4000,2250900
318.5000,318.8000,311.6000,314.8000,3436000
314.8000,319.6000,313.3000,317.6000,1922400
317.5000,319.5000,313.8000,317.7000,2311400
317.8000,321.0000,317.0750,319.1000,2245000
320.1000,333.9600,320.1000,325.2000,2045400
325.3000,327.7000,323.7000,327.1000,1677800
327.2000,328.0560,322.0500,323.4000,1938300
322.8000,324.1000,321.4000,323.0000,1185200
327.3000,327.4070,324.0000,324.6000,1789700
321.0000,326.6040,320.4150,323.8000,2551000
324.2000,324.7000,322.0000,324.1000,1489300
327.6000,328.0000,325.0000,327.0000,2259700
328.9000,335.0000,325.7000,325.7000,5120100
326.6000,327.1000,317.8000,319.7000,1621600
318.7000,325.4000,318.7000,324.5000,2462300
323.6000,327.4000,322.4000,325.0000,2781500
325.1000,327.1000,322.7000,324.6000,1765000
325.5000,326.8000,321.4000,323.3000,1218900
318.3000,320.2000,315.7000,317.8000,2581000
318.6000,322.4000,316.5000,322.0000,3682700
320.8000,322.6000,318.4000,320.3000,2376700
319.2000,322.6000,319.2000,321.7000,1136800
321.2000,324.8000,321.1000,323.2000,1993800
322.6000,324.6470,320.3000,323.3000,1583100
323.4000,323.4000,319.7000,320.1000,3312200
319.1000,322.3000,317.5000,320.5000,2823700
321.0000,327.0000,319.9000,326.0000,3816000
326.1000,327.4000,324.5000,325.1000,1164900
324.4000,337.7000,323.0000,336.0000,2213700
336.8000,339.1140,333.3000,336.8000,2482300
334.8000,343.4000,334.7000,341.0000,2019500
339.4000,345.1000,337.1000,344.4000,1696300
346.9000,352.0000,345.9690,346.7000,2727800
347.9000,349.1000,345.0000,347.6000,1342600
347.7000,350.8000,346.6560,347.4000,2022800
346.7000,355.8000,345.9620,350.0000,3304900
351.2000,354.4000,350.6000,351.1000,2442700
350.3000,351.6000,347.9000,348.3000,1744800
348.6000,349.8000,344.8000,347.2000,1889100
347.7000,350.3000,347.1000,350.2000,1871900
350.1000,352.0000,349.0000,350.7000,2085300
351.0000,357.7000,350.7000,357.4000,4034100
358.7000,359.6610,357.1000,359.0000,1424500
360.0000,360.7000,357.8000,359.5000,1410300
360.4000,360.5120,351.1000,351.8000,1764900
352.8000,355.0000,351.7000,352.4000,2887100
352.1000,353.7000,344.3550,348.0000,2106800
346.9000,347.0000,343.5000,346.0000,2050800
347.2000,350.9000,345.6000,350.9000,1842800
347.5000,353.3000,343.2000,349.0000,1492500
347.5000,349.3000,343.1000,344.1000,2666800
348.4000,348.4000,343.9000,346.2000,1825900
346.7000,350.4000,346.3000,348.2000,1614500
347.0000,349.0000,345.9370,346.8000,2361400
345.0000,353.4000,345.0000,348.2000,2346000
347.7000,349.9500,344.5000,346.0000,3151200
343.0000,347.7000,339.8080,344.8000,3429100
344.6000,347.8000,343.5000,345.1000,1778700
346.1000,348.9000,344.4000,344.8000,2117800
344.0000,346.4000,342.1000,343.4000,3125300
344.5000,351.8000,342.3000,350.8000,5320700
351.7000,352.4000,345.4830,346.2000,1702800
344.1000,347.6000,342.1000,342.1000,3080400
342.9000,343.6000,339.8000,340.2000,1345200
339.6000,340.1000,329.0000,330.7000,3048200
330.7000,335.6000,328.2000,331.4000,2732700
329.6000,333.9000,326.3000,329.1000,3255500
328.5000,332.5000,327.3000,330.5000,1583400
330.8000,331.8000,327.6000,329.3000,1585500
328.6000,333.6000,327.2000,328.0000,1709000
327.2000,331.4000,325.9000,326.4000,1852600
326.1000,327.1690,319.3140,323.3000,3310300
322.3000,327.4000,321.8000,321.9000,1936700
323.3000,330.4000,323.1000,330.4000,2338900
329.8000,332.6000,328.4000,329.0000,1623900
329.2000,331.6000,327.6000,327.7000,1627100
332.4000,336.7200,332.0400,335.2000,2306200
335.9000,340.3000,334.6000,340.1000,7275600
338.9000,346.5000,338.9000,346.4000,1383500
346.6000,352.2000,345.8540,348.7000,570100
348.7000,348.7000,348.7000,348.7000,0
348.7000,348.7000,348.7000,348.7000,0
349.6000,351.6000,348.0000,349.2000,1084500
350.8000,351.8000,347.4500,349.9000,1307400
351.2000,355.2000,350.0000,354.0000,932100
354.0000,354.0000,354.0000,354.0000,0
356.0000,356.2870,350.2920,351.5000,2188200
350.8000,352.6000,348.3000,348.4000,1869500
349.5000,350.4000,346.4000,349.9000,2227300
349.9000,351.8000,349.4000,350.4000,2556000
350.2000,352.2000,348.0000,349.1000,3406600
350.1000,351.3000,348.7000,350.4000,2966200
352.3000,356.8000,351.4000,353.1000,1655500
353.7000,359.9000,353.2000,358.7000,1496300
355.2000,359.6000,351.7000,359.6000,1651700
354.0000,358.5000,351.6000,354.2000,2821600
355.3000,358.2000,352.1000,353.3000,2925200
354.0000,360.0000,353.9000,359.9000,4573100
360.0000,360.0000,357.7000,357.7000,2389900
358.2000,359.2000,356.9000,357.0000,2648200
357.0000,359.3080,353.9000,355.8000,2777100
356.1000,357.8000,351.5000,352.4000,3247200
353.2000,354.6880,349.7640,351.9000,3901200
351.9000,352.6000,343.9000,347.0000,4508100
347.4000,350.1480,347.4000,348.9000,2813300
350.6000,352.9000,346.3000,349.1000,2713700
348.4000,351.4000,347.2000,351.4000,2659300
350.5000,351.3000,344.6000,348.6000,4035100
347.3000,351.3000,345.6000,347.8000,3007000
346.5000,350.9000,344.5000,348.7000,3134900
348.7000,353.8000,347.8000,352.8000,2822700
354.2000,358.4800,353.1000,357.9000,2263500
357.6000,360.1000,356.2000,358.5000,2593900
359.1000,365.2000,357.6240,363.9000,3626200
365.1000,368.0240,363.1000,366.1000,4058100
367.3000,372.5000,366.6000,370.1000,3099900
370.0000,370.0000,367.1000,369.5000,2507800
369.6000,370.7000,369.1000,369.6000,1411500
368.4000,373.5920,367.7000,372.1000,7733900
373.5000,373.5000,369.4000,370.8000,3255500
371.0000,374.9000,370.4000,373.3000,2521500
370.9000,372.5000,369.7000,371.7000,9621400
372.6000,374.6040,370.5000,372.5000,3696200
372.1000,377.4000,371.3000,372.8000,3619000
374.0000,377.7000,372.4000,376.6000,4433200
376.3000,380.4000,374.7000,375.1000,2216700
374.9000,375.9000,369.6000,375.5000,1912700
375.5000,379.7370,374.7000,377.8000,2490100
373.0000,373.6670,365.3370,369.6000,3254300
371.9000,379.1000,370.8000,376.9000,3140000
377.2000,380.0840,374.9000,376.6000,3210600
378.5000,383.4000,377.2000,382.6000,5510200
383.6000,383.6000,376.2000,376.9000,4827800
376.7000,381.8000,375.1000,378.3000,2241400
378.4000,379.5000,372.1000,375.0000,2349000
373.1000,377.7000,372.1000,374.1000,3510200
375.6000,375.6000,370.0000,371.1000,2825200
369.1000,370.8740,364.3000,366.8000,2737500
366.1000,373.6000,366.0000,373.1000,2619600
365.5000,373.3000,348.0500,351.0000,8137600
350.6000,360.6000,294.5660,335.0000,19347000
333.4000,333.7000,308.8500,318.1000,11703200
320.1000,327.4740,314.9000,317.2000,13270100
317.3000,318.9180,312.4000,313.3000,4058500
314.8000,322.8000,314.4630,322.0000,5608400
323.6000,326.6570,320.9000,322.7000,6139300
321.4000,323.0250,315.7000,319.0000,5344600
313.0000,313.1000,266.6000,296.3000,34621600
298.0000,308.5750,296.0430,298.8000,9563100
299.5000,304.6000,298.1000,303.7000,7123600
290.0000,296.0600,288.3640,288.4000,6104800
288.4000,291.8000,285.7000,289.0000,5017100
289.1000,297.6000,289.1000,295.1000,4019000
292.4000,306.9060,287.0000,287.8000,3985100
282.0000,282.0000,274.5000,277.0000,10298800
277.9000,280.6000,277.0000,278.7000,4156000
279.3000,282.4000,277.1000,277.3000,4910000
277.0000,280.9000,275.9000,278.9000,6006200
278.8000,281.1000,277.0000,281.1000,7173100
281.0000,296.5900,280.2000,280.8000,4913400
282.3000,283.7000,279.2000,281.8000,3131200
283.0000,289.9000,282.3000,289.3000,4492900
289.3000,289.3000,289.3000,289.3000,0
289.3000,289.3000,289.3000,289.3000,0
289.7000,292.6280,288.9000,290.3000,4035800
290.2000,307.7100,288.8630,295.8000,4643700
296.7000,313.4180,294.0000,295.9000,4544200
294.1000,296.2000,292.0000,294.4000,2948400
294.6000,300.3000,294.6000,297.9000,4129400
299.1000,302.6280,296.9000,297.9000,3848500
297.0000,298.4000,294.1000,298.3000,3517600
297.6000,301.2880,296.3000,297.6000,1190000
300.0000,308.2070,295.5000,301.0000,4891100
301.0000,301.0000,301.0000,301.0000,0
301.3000,303.7000,299.7000,302.9000,1953100
304.0000,304.2000,300.5000,301.6000,2584700
302.9000,304.4000,301.0000,302.9000,2431500
295.0000,300.8000,290.0000,300.0000,3804400
298.6000,301.4000,298.6000,299.8000,2653100
302.3000,302.9360,294.4000,300.0000,2405200
299.2000,302.8000,298.2000,302.5000,2909100
303.4000,306.3000,301.6620,306.3000,4567600
307.0000,311.8000,306.7000,309.0000,7320200
310.6000,311.4320,305.9000,306.8000,3216700
308.3000,309.0000,304.0380,304.7000,2070700
305.9000,307.5000,304.4000,307.2000,1401100
307.4000,307.9760,304.6000,306.1000,2119200
306.0000,306.9180,303.2000,305.0000,2037100
305.0000,305.0000,305.0000,305.0000,0
306.1000,310.9000,305.3000,310.5000,2508600
309.0000,314.5720,307.7500,314.0000,2480100
313.6000,316.0130,313.6000,314.2000,1383300
312.5000,314.0880,309.9000,313.3000,3729100
310.0000,315.6000,309.5000,314.7000,1911600
314.2000,316.1080,309.3000,309.7000,3369000
309.7000,314.7000,309.0000,314.0000,4445500
315.0000,320.6000,314.7000,318.0000,4678000
317.9000,325.5000,317.9000,324.8000,2409300
326.4000,328.1000,325.8050,327.2000,2010400
327.0000,328.9000,326.3000,328.3000,2149600
327.1000,332.6000,327.1000,330.9000,2943600
332.3000,332.3000,323.8000,323.9000,1966400
323.0000,323.5310,316.8000,320.3000,2034600
320.6000,322.8000,315.4000,321.8000,2360000
323.0000,323.9000,311.1000,315.3000,2959700
316.2000,316.9000,311.9640,313.5000,2101200
315.9000,317.0000,312.4000,312.4000,1738500
313.6000,317.7000,311.6000,315.0000,3225900
316.1000,317.1000,309.9000,310.2000,2086200
311.6000,312.9290,304.0000,304.0000,2711800
302.5000,309.0000,302.4400,307.0000,3081400
308.6000,313.4000,308.2000,312.8000,2559000
313.6000,313.8780,310.4000,312.2000,2028200
312.9000,316.1000,312.2000,315.3000,2724000
316.5000,317.6000,314.9000,317.3000,1790100
318.2000,318.2000,313.0000,314.8000,2045900
314.1000,317.5000,313.2000,315.9000,1908100
315.6000,317.9000,313.7000,317.4000,1212100
317.1000,321.5000,315.8000,319.8000,2591700
320.6000,324.9000,318.0000,320.6000,3353300
320.9000,321.5000,318.8000,321.5000,4515000
321.4000,321.4000,317.9000,320.2000,4759200
323.4000,326.3000,320.6000,325.6000,5306400
325.6000,332.0370,324.5000,331.0000,3603400
330.8000,330.8000,329.4000,330.0000,3595800
330.1000,332.7000,329.8000,332.6000,3742300
332.0000,333.9000,329.5660,332.8000,2794400
332.1000,333.1280,329.9000,332.5000,2611900
332.0000,333.9000,331.4000,332.7000,1603200
334.2000,336.2000,332.8000,335.5000,1814100
334.8000,336.0000,332.7000,334.6000,2740800
334.2000,335.2000,332.3000,334.2000,2008400
333.4000,337.0040,332.3000,334.0000,1704000
334.3000,335.6000,331.5000,332.9000,2123100
333.9000,337.2000,332.6880,334.8000,1653400
334.0000,335.4000,332.4000,333.0000,2056700
332.5000,334.1000,331.3450,332.3000,2518900
332.1000,332.2000,325.4000,326.6000,2618900
328.1000,329.7000,320.7000,322.9000,2963100
323.2000,327.2000,322.8000,325.6000,2986700
327.3000,327.3000,320.6000,322.5000,3825500
320.8000,323.0000,317.8000,321.5000,2770900
318.8000,321.0000,317.8000,319.3000,3061700
319.3000,319.8000,314.7000,315.0000,3190200
314.3000,314.6240,311.6000,312.2000,3122700
313.0000,314.4000,310.2000,312.1000,2755300
310.0000,310.4680,307.9000,308.3000,4071300
308.2000,310.8000,307.5670,308.8000,2616100
309.9000,310.7000,308.9000,309.8000,2128900
311.4000,312.6060,308.5000,308.5000,2503600
307.7000,311.0000,305.3000,305.8000,2347100
305.7000,308.1180,303.6000,307.2000,2292700
307.8000,309.4000,305.4000,307.6000,3205000
307.6000,307.6000,307.6000,307.6000,0
307.3000,311.2120,306.7000,309.7000,7316400
302.0000,305.6000,302.0000,304.6000,2971900
304.8000,307.4000,303.5000,304.0000,3892300
304.6000,306.7000,303.4000,306.7000,4183100
305.8000,309.3000,305.3000,308.6000,2816000
308.7000,310.2000,306.5000,309.7000,2505000
309.9000,314.1000,309.9000,312.5000,2816200
312.8000,313.4880,310.0000,311.1000,3621600
311.4000,311.4080,308.8000,309.3000,3152100
308.6000,309.3250,302.4000,304.8000,2980600
304.0000,305.0000,301.8000,302.5000,2135400
302.6000,303.7000,300.9240,301.3000,2675200
303.0000,303.9000,299.4000,301.3000,3027500
302.0000,303.9000,301.9000,303.4000,2807100
302.5000,303.8000,302.2800,303.0000,2256500
302.7000,303.2000,299.1630,302.7000,2202700
303.3000,305.5000,302.8000,303.8000,2593800
304.1000,306.8000,301.9000,306.6000,2525200
310.3000,312.0150,309.4260,310.1000,4434600
309.5000,310.8000,308.7000,309.3000,1962200
309.5000,309.5000,305.8000,306.5000,2975600
305.9000,309.0000,304.3000,308.9000,2855200
309.5000,313.2000,309.0880,310.7000,3127200
310.0000,312.6000,308.8880,311.8000,2105800
311.7000,313.4000,309.9000,311.7000,2444000
311.9000,313.9000,308.0000,308.1000,3231400
308.0000,309.3000,305.7250,306.3000,3095100
306.0000,306.3000,301.0000,301.0000,2602800
301.5000,305.7000,300.6000,305.0000,2259200
305.0000,308.5710,301.7150,306.3000,2885000
305.7000,306.5000,304.1000,304.1000,2393500
303.3000,307.3000,303.3000,306.1000,4917300
307.2000,309.6000,303.3000,303.8000,2774300
301.4000,303.6000,298.3000,298.3000,4023400
296.6000,299.4000,293.6000,298.1000,2444700
296.2000,302.0000,295.2000,301.1000,2855900
302.0000,303.0000,294.6000,294.6000,4357700
295.4000,297.5000,286.6000,292.3000,5183600
292.3000,296.0000,290.9000,296.0000,3624500
295.5000,296.7000,291.8000,293.4000,2888800
292.6000,298.9000,292.1000,298.4000,2444900
298.4000,303.8000,298.4000,302.3000,3213600
300.1000,302.6000,298.1000,300.7000,3588200
299.4000,303.1000,299.1000,301.5000,2513100
303.8000,305.9000,299.9640,301.8000,2428800
303.4000,304.7000,302.0000,303.8000,2468400
305.7000,306.5000,302.8250,305.8000,1854500
306.4000,313.8000,304.9000,313.8000,5219800
315.7000,326.9000,315.7000,323.4000,6548700
322.0000,324.3000,321.4000,322.8000,3129900
321.5000,327.8000,321.4000,325.3000,3855300
326.1000,329.7090,326.1000,328.0000,5107300
326.0000,328.5000,324.7000,325.9000,4721200
328.0000,331.9000,320.3000,321.5000,4728600
321.7000,323.5000,319.5000,322.4000,3381500
321.4000,327.0000,320.5120,326.4000,6455200
325.5000,328.7000,325.3740,326.2000,3450100
327.9000,328.6320,324.9790,327.5000,2436700
327.4000,328.4920,325.5420,327.8000,2136400
325.6000,334.0000,324.8000,333.0000,3719400
334.3000,337.7000,332.9000,335.7000,4446800
336.9000,337.6000,334.8000,336.5000,4098400
336.1000,344.4000,335.9000,343.3000,5623500
344.1000,350.6000,343.9000,347.7000,7021800
367.0000,376.3000,361.7640,368.2000,28544300
367.8000,370.7000,366.0000,367.7000,12377500
368.0000,368.8030,366.0000,367.2000,6157900
367.8000,369.4000,366.5000,367.2000,3331300
366.2000,370.0680,365.4870,369.2000,6906800
367.0000,372.4900,360.5000,366.2000,5465000
367.8000,386.5000,363.2000,375.1000,26483400
373.8000,382.4000,372.3150,379.3000,10158700
380.3000,383.4000,376.0000,376.0000,7681300
379.5000,382.3000,377.6530,380.5000,8527000
380.0000,382.9000,378.4000,381.8000,4583000
379.6000,381.4000,371.5200,371.9000,9503800
372.6000,374.3000,369.7430,372.1000,4209600
370.5000,371.9000,365.1000,367.3000,6106600
364.8000,366.8000,355.1000,355.1000,5437800
354.1000,361.1000,349.8000,349.8000,6550700
350.4000,351.9880,345.9530,351.9000,10842700
348.3000,352.4000,344.0720,350.0000,8198300
355.5000,363.7000,354.2000,363.5000,6158700
364.1000,375.1000,363.9000,372.6000,4643900
373.8000,375.3000,370.3000,371.3000,1990700
373.2000,375.1000,369.7000,371.4000,2868500
367.4000,374.4000,367.4000,371.6000,411400
371.6000,371.6000,371.6000,371.6000,0
371.6000,371.6000,371.6000,371.6000,0
375.5000,376.5000,367.2000,370.7000,2000300
367.1000,370.4000,365.2000,366.4000,1488200
368.2000,369.4000,364.9000,366.2000,437700
366.2000,366.2000,366.2000,366.2000,0
369.3000,369.9000,363.7000,365.0000,2119200
363.3000,366.4000,356.4000,357.5000,3264800
356.3000,358.5390,352.3000,352.6000,4590000
353.7000,355.2000,349.8000,351.0000,5538100
354.5000,367.6000,352.5000,365.1000,5940000
363.4000,375.2000,363.4000,371.7000,6524600
371.3000,376.4000,363.2000,365.0000,4368800
362.9000,372.5000,362.4000,371.2000,4660000
366.5000,374.2000,366.5000,371.2000,7156300
373.2000,382.6000,369.1000,382.5000,9242000
379.1000,382.8000,376.9440,381.5000,8483700
381.3000,388.2440,381.3000,386.0000,10745800
389.6000,391.2000,385.4000,390.2000,8065900
390.5000,400.2000,390.5000,399.9000,6192100
398.6000,409.2000,398.2820,406.8000,4770900
407.5000,413.6250,404.5000,407.0000,5816500
405.8000,413.5000,403.6800,409.5000,3561900
409.6000,410.3870,401.4000,404.0000,4352300
407.2000,407.3000,399.0000,401.1000,10134200
400.2000,405.4000,398.7000,404.4000,10668000
404.4000,407.6000,398.4000,398.4000,6785900
399.2000,401.8000,396.2000,398.6000,7194600
398.6000,404.6000,398.1000,401.8000,9558700
401.5000,402.6000,395.2000,397.6000,10592000
397.4000,399.4000,396.3250,398.9000,6960000
403.0000,407.7000,398.5000,405.6000,6721500
405.0000,405.8000,400.9000,403.0000,2006800
402.7000,410.6000,402.7000,410.6000,3931900
408.8000,410.2000,404.7000,406.0000,3646100
404.0000,412.7000,404.0000,411.2000,3067000
411.5000,413.5000,408.3000,410.5000,3194900
408.2000,412.6000,408.2000,409.7000,1271400
407.0000,413.6000,406.6000,413.5000,2672600
413.6000,419.0000,413.3000,419.0000,3033200
416.3000,420.3000,415.8000,417.8000,4297800
418.1000,419.0630,415.9000,417.1000,2900500
421.5000,421.5000,415.5000,416.1000,3239400
417.0000,419.0000,413.5000,419.0000,5099200
416.7000,419.6000,413.8000,415.3000,3752500
413.6000,416.7000,413.2000,416.7000,1857800
415.7000,416.6000,411.1000,411.1000,3600600
410.1000,411.7000,407.4000,410.1000,4831600
410.1000,412.3000,405.4000,405.4000,3922800
407.5000,408.4000,404.3000,406.2000,3996400
410.6000,436.5000,410.6000,434.9000,7398400
432.0000,440.1920,426.9000,429.5000,3907000
426.7000,429.6000,421.8000,428.1000,2364700
428.6000,429.9000,417.7000,417.7000,4133000
420.5000,424.3000,415.3000,417.5000,3147500
418.3000,423.9000,414.2000,419.3000,5928300
419.1000,421.7000,411.1000,413.7000,4103900
416.7000,419.1000,415.8000,419.1000,2549600
417.8000,419.8000,413.9000,416.1000,3547500
416.3000,425.0000,415.7880,424.2000,4583700
426.4000,433.8000,423.9000,432.1000,9182600
435.2000,435.3000,427.9000,433.2000,13099500
434.7000,434.7000,428.4000,429.2000,6001700
429.5000,437.3000,427.7730,434.2000,7627100
434.3000,437.6000,430.3000,430.4000,2690100
426.0000,426.1400,416.9000,423.1000,7941900
424.1000,428.2000,420.2000,421.7000,7151900
426.5000,428.2000,418.6000,421.9000,3473900
419.5000,421.9000,407.1000,413.6000,11746100
414.1000,422.5000,413.8000,420.2000,4864800
418.7000,423.5000,417.9000,423.5000,3709900
423.5000,423.5000,423.5000,423.5000,0
423.5000,423.5000,423.5000,423.5000,0
424.3000,431.5000,420.9370,430.4000,4012000
410.1000,432.5000,404.0000,429.3000,13356200
430.3000,434.8500,429.4000,429.4000,12052218
429.4000,429.4000,429.4000,429.4000,0
