530.0000,555.0000,520.0000,520.0000,18290300
525.0000,534.5000,518.0000,530.0000,1369800
535.0000,549.5000,527.0000,538.0000,2326600
540.0000,555.0000,530.0000,537.5000,2370200
535.0000,540.0000,535.0000,539.0000,1059200
537.0000,551.0000,536.0000,545.0000,1504700
541.0000,550.0000,537.5000,544.0000,1030600
541.0000,555.0000,540.0000,553.0000,3751200
550.0000,575.0000,543.1710,565.5000,9423300
569.0000,569.0000,557.0000,565.0000,1057100
560.0000,564.5000,553.5000,560.0000,882500
560.0000,560.0000,560.0000,560.0000,0
560.0000,560.0000,553.0000,557.0000,550000
560.0000,560.0000,548.8000,552.0000,818000
559.0000,559.0000,544.0000,550.0000,741900
549.5000,549.5000,528.0500,544.0000,2287400
540.0000,545.0000,533.0000,544.0000,1845300
547.5000,555.0000,540.0000,549.0000,2610900
555.0000,560.0000,542.5000,555.0000,1451900
554.0000,555.0000,547.0000,550.5000,2824900
556.0000,556.0300,547.0000,555.0000,1038600
556.0000,556.0000,530.0000,535.0000,767800
530.0000,531.2300,516.8000,522.0000,753000
517.0000,526.1200,490.9500,502.5000,701800
500.0000,509.0000,500.0000,505.0000,469700
505.0000,509.5000,484.2730,509.5000,3751800
505.0000,520.0000,503.5000,520.0000,673200
511.0000,532.5000,512.5000,515.5000,0
510.0000,522.5000,504.5000,510.0000,0
500.0000,510.0000,489.7500,509.0000,0
509.0000,509.5000,499.7500,508.0000,0
505.0000,514.0000,495.2500,498.2500,0
495.0000,509.0000,482.5000,494.0000,0
504.0000,499.0000,467.7500,484.7500,0
490.0000,495.0000,477.7500,485.0000,0
472.0000,491.2500,478.5000,480.0000,0
477.0000,499.2500,480.0000,489.0000,0
480.0000,492.2500,470.5000,489.0000,563900
490.0000,500.0000,476.0000,494.7500,826500
490.7500,497.0000,475.7500,485.0000,728200
478.0000,492.5000,478.0000,486.0000,2161700
484.0000,502.0000,472.7200,477.0000,784900
471.7500,475.0000,457.2500,468.0000,416700
477.0000,477.0000,438.2100,455.0000,891300
448.5000,459.2500,437.7500,448.0000,2093500
441.5000,455.0000,432.7500,443.5000,434200
450.0000,450.0000,450.0000,450.0000,517600
450.0000,450.0000,437.5000,445.0000,260400
429.2500,449.0000,429.2500,445.0000,149400
450.0000,457.4650,430.5000,445.0000,320600
431.2500,445.0000,416.0000,420.0000,386600
418.7500,432.5000,406.1300,410.0000,456600
403.0000,419.0000,386.0000,399.0000,1121800
400.0000,405.5000,392.7500,404.2500,533200
407.0000,409.5000,390.0000,396.5000,649600
399.2500,400.0000,386.5000,390.0000,272500
393.2500,400.0000,390.0000,400.0000,210000
399.0000,401.8750,394.2500,401.0000,540700
408.0000,423.5000,388.0000,397.7500,815400
402.5000,402.5000,389.2500,395.0000,879300
390.0000,400.0000,382.2500,389.0000,1367000
389.0000,391.4800,380.0000,388.0000,479900
390.0000,390.0000,360.0000,367.2500,480300
370.5000,378.5000,367.0000,370.0000,1111200
371.0000,382.0000,368.7500,376.0000,1008600
376.0000,384.5000,361.2500,370.0000,626300
370.0000,374.2500,365.5630,370.0000,154300
373.0000,373.0000,340.2500,356.5000,1146000
360.0000,374.0000,360.0000,370.0000,1177700
372.7500,382.5000,371.4420,379.7500,353900
366.0000,366.0000,355.0000,360.0000,1173300
362.5000,369.8800,359.0000,361.7500,330300
351.2500,362.7500,343.0000,353.0000,906000
353.5000,366.0000,353.5000,360.0000,1167700
355.7500,380.0000,355.7500,375.0000,1526000
374.5000,390.0000,374.0000,390.0000,1492000
390.0000,390.0000,390.0000,390.0000,0
380.0000,397.2500,376.0000,389.5000,272700
380.2500,405.0000,380.2500,395.0000,1321500
393.0000,400.0000,388.5000,395.5000,929000
393.5000,406.0000,389.2500,404.7500,1175200
399.7500,410.0000,398.2500,405.0000,197000
400.2500,404.5000,395.0000,399.0000,876200
398.0000,399.2500,390.0000,395.0000,970700
395.0000,399.0000,382.0000,383.0000,963700
399.0000,399.0000,370.0000,377.0000,713400
388.5000,392.0000,382.5000,390.0000,61600
380.0000,387.7500,349.0030,352.5000,2669000
366.0000,367.5000,337.8500,339.0000,2321400
347.2500,360.6080,330.0000,341.0000,1160000
342.0000,357.0000,337.5000,347.0000,1880500
336.0000,348.9000,322.2500,329.7500,798900
327.0000,333.5000,312.2500,318.0000,754700
330.0000,331.0000,298.7500,308.5000,968500
310.0000,340.3400,309.7500,330.0000,3379800
337.7500,362.5000,330.0000,338.5000,12971000
342.0000,358.7500,327.7500,340.0000,2370200
339.7500,349.7500,328.2500,336.0000,3060200
337.5000,348.0000,335.2500,341.0000,2042900
340.5000,349.6450,334.0000,349.5000,236200
346.5000,347.1040,321.5000,338.2500,383400
333.0000,346.2500,315.2500,317.0000,1120200
315.0000,325.0000,300.5000,320.0000,674800
324.2500,330.0000,313.0000,314.2500,609200
317.0000,318.5000,286.7500,293.2500,776400
295.0000,295.0000,261.8290,280.7500,1363200
254.5000,278.7500,221.2500,225.0000,373100
223.2500,245.2500,205.0000,234.2500,0
242.0000,242.0000,200.7500,209.5000,956800
211.7500,232.0000,200.0000,230.0000,844400
207.0000,230.0000,178.7000,211.0000,877400
207.0000,225.0000,206.5000,209.0000,0
215.7500,227.0000,190.0000,205.0000,828700
202.2500,213.0600,172.2040,180.0000,701200
159.7000,180.0000,150.0000,170.0000,734600
165.7000,190.0000,154.2000,156.2000,654400
157.7000,158.6200,150.0000,154.9000,564500
161.5000,164.8000,158.1000,160.0000,711700
158.5000,210.0000,130.4000,136.6000,548300
135.5000,139.0000,113.9250,115.0000,810800
119.8000,120.3000,101.3000,108.0000,978200
106.0000,115.3000,101.1000,104.0000,1035100
105.4000,115.1500,103.0500,105.6000,1057300
108.0000,127.0000,108.0000,125.8000,0
130.4000,130.5000,117.2000,123.4000,1075000
123.4000,125.0000,120.1500,122.1000,0
124.9000,125.0000,112.0000,117.0000,1019600
111.6000,131.8000,111.6000,131.8000,2893400
127.5000,139.9500,126.8000,128.5000,1184100
125.0000,134.0000,120.1000,127.0000,2124200
126.5000,132.0000,125.0000,130.2000,1070300
135.4000,140.8000,130.0000,133.0000,1151800
129.6000,133.9000,121.3000,123.5000,334900
123.3000,125.9500,109.6000,118.7000,414700
95.1000,119.9500,95.1000,102.9000,813900
109.6000,109.6000,103.0500,104.9000,1528600
103.3000,108.0000,100.2000,102.8000,1196200
103.5000,103.5000,95.8000,99.0000,1185600
100.0000,103.1000,94.8000,100.4000,1160400
93.0000,102.6000,93.0000,99.7000,2715300
96.4000,105.3000,96.4000,105.3000,1908600
118.0000,130.0000,110.0000,129.3000,2118100
141.5000,141.5000,123.5000,127.7000,2048000
121.7000,137.8000,121.7000,135.0000,1603000
136.9000,150.2000,135.0000,148.1000,990700
148.0000,180.0000,144.6000,154.1000,814300
159.1000,159.1200,129.0000,140.2000,1071700
138.0000,150.2000,126.8000,130.2000,1280300
130.5000,135.0000,115.0200,135.0000,2839100
127.8000,145.0000,127.8000,144.7000,1487300
147.9000,147.9000,127.1000,127.1000,907300
134.7000,143.0000,121.9000,138.3000,1232200
141.0000,147.2000,130.1000,139.0000,682700
132.1000,145.0000,132.1000,141.1000,519000
138.3000,173.0000,138.2000,167.1000,1205300
170.0000,170.0000,152.0200,159.3000,860600
162.0000,169.9800,160.1000,165.7000,828900
170.0000,170.0000,160.9000,168.1000,888900
167.2000,184.6000,167.2000,181.5000,0
180.7000,203.2500,180.7000,195.5000,2530900
209.0000,209.0000,177.5000,194.7000,7074300
191.0000,203.0000,191.0000,201.5000,1095500
203.7500,217.0000,201.0000,214.0000,1216600
210.0000,214.0000,201.0200,210.0000,94200
210.0000,210.0000,210.0000,210.0000,0
210.0000,210.0000,210.0000,210.0000,0
210.2500,225.7500,210.2500,222.7500,435400
213.0000,224.7500,213.0000,220.0000,464900
225.0000,236.7500,225.0000,230.0000,411800
230.0000,230.0000,230.0000,230.0000,0
227.2500,258.7500,227.2500,244.7500,1830700
245.0000,257.7500,232.2500,255.0000,596000
242.0000,283.2500,242.0000,253.0000,1184300
259.2500,259.2500,243.2500,255.7500,1708700
250.0000,257.2500,242.7500,250.0000,625300
255.0000,259.7300,238.0000,238.0000,1046900
241.0000,248.2500,236.0000,238.7500,446500
240.0000,242.0000,217.7500,237.7500,1063000
239.7500,250.0000,236.2500,247.0000,824800
243.0000,249.5000,236.0000,242.0000,1167500
247.0000,252.3500,244.5000,250.7500,729300
251.0000,269.7300,241.5000,250.0000,736000
242.7500,251.4800,242.2700,249.0000,716500
235.2500,248.2500,235.2500,243.5000,523500
244.5000,281.4800,230.0000,255.5000,673500
248.5000,288.0000,245.2500,280.2500,1129600
276.2500,320.0000,276.2500,320.0000,751600
324.0000,362.3000,291.0000,315.7500,878700
324.0000,344.2500,302.0600,338.0000,951500
331.2500,350.0000,305.0000,335.0000,932200
340.0000,367.7500,330.3250,354.5000,1212400
354.0000,354.0000,314.6000,322.5000,507300
319.5000,330.0000,310.5000,330.0000,0
321.2500,362.0000,315.7500,356.0000,0
344.2500,358.7500,339.2500,352.7500,0
361.5000,379.2500,359.0000,359.0000,645800
379.7500,379.7500,343.7000,364.2500,835900
368.2500,368.2500,350.1890,352.0000,1208300
345.0000,380.0000,345.0000,380.0000,517700
384.0000,400.0000,365.0000,394.2500,853600
392.0000,403.0000,385.0000,388.0000,720800
375.0000,398.2500,372.7500,394.5000,221000
394.5000,410.0000,389.7500,410.0000,917400
410.0000,436.5000,410.0000,436.5000,844200
444.7500,465.2500,409.0000,414.5000,1416000
400.0000,424.2500,394.0600,413.0000,2733700
416.2500,425.5000,375.0000,390.0000,1162900
380.0000,386.7500,362.0000,363.7500,1317600
370.0000,370.0000,344.2500,353.0000,1250400
360.0000,366.0000,345.0000,355.7500,1082700
359.0000,360.0000,345.5000,349.5000,705600
355.0000,356.7500,324.2500,329.0000,550500
326.5000,336.2500,310.7500,323.2500,699400
337.7500,383.0000,320.0000,370.0000,465800
370.0000,374.0000,346.5000,360.0000,386000
380.0000,394.5000,364.3750,394.0000,858900
381.7500,406.0000,381.7500,400.0000,1237400
390.0000,406.5000,387.0000,387.0000,1091000
400.0000,400.5000,382.5000,395.0000,1101400
385.0000,405.2500,381.2500,397.0000,1594800
404.0000,425.0000,401.5000,416.2500,760600
431.0000,432.2500,398.0000,402.2500,812300
404.0000,404.0000,384.7500,388.7500,1540400
406.0000,406.0000,384.0000,391.5000,804200
400.5000,445.0000,400.5000,406.2500,965300
408.2500,436.0000,404.7500,414.5000,5114400
414.0000,468.0000,414.0000,457.2500,1454000
470.0000,485.2500,433.7500,450.0000,1612700
445.0000,478.2500,432.5000,453.2500,848700
460.7500,484.9400,456.7500,480.0000,925500
475.7500,477.5000,453.5000,469.7500,538500
460.0000,470.0000,424.5000,428.5000,1046700
428.0000,457.7500,428.0000,457.5000,770300
451.5000,478.0000,443.2500,465.2500,726400
455.0000,478.0000,449.0000,452.0000,1117600
452.0000,455.0000,434.2500,443.0000,826700
427.0000,438.2500,406.5000,419.7500,1512600
427.0000,443.2500,410.5000,438.0000,674800
423.7500,446.5000,423.7500,425.5000,454800
432.2500,447.0000,427.0000,441.0000,248700
441.0000,441.0000,441.0000,441.0000,0
441.0000,441.0000,441.0000,441.0000,0
447.2500,453.0000,420.0000,449.0000,509800
433.2500,453.7500,408.0000,446.7500,810200
455.7500,480.0000,438.0000,442.2500,837500
442.7500,443.7500,425.0000,432.7500,626400
427.7500,427.7500,403.0000,420.0000,817300
420.5000,432.0000,412.0000,429.5000,618500
450.7500,450.7500,421.0000,435.0000,421000
428.2500,457.0000,427.7500,451.0000,362600
455.5000,499.2500,455.5000,486.7500,988400
482.0000,502.5000,477.7500,500.0000,1207100
500.0000,526.5000,469.7500,517.0000,1567500
515.0000,555.0000,512.5000,550.5000,549200
551.5000,555.0000,521.0000,535.0000,545700
540.0000,540.0000,519.0000,523.0000,162100
523.0000,523.0000,523.0000,523.0000,0
548.0000,549.5000,504.5000,515.0000,1078500
502.0000,545.0000,501.8800,529.5000,872600
529.5000,556.5000,528.0000,532.0000,620900
558.0000,585.0000,544.5000,570.0000,1861300
570.0000,603.5000,551.0000,581.0000,1747400
583.0000,609.0000,565.5000,609.0000,810400
601.0000,605.0000,540.0000,565.0000,2154900
566.0000,638.0000,566.0000,631.0000,3076100
625.0000,655.5000,587.5000,618.5000,1995900
603.5000,607.0000,587.0000,595.5000,1484000
606.5000,625.5000,603.5000,615.0000,1680100
618.5000,654.0000,615.5000,650.5000,1483000
646.5000,661.5000,632.0000,640.0000,1080400
640.0000,704.5000,637.0000,690.0000,1173300
690.0000,690.0000,690.0000,690.0000,0
682.0000,713.5000,673.0000,707.5000,1575000
711.5000,725.5000,671.5000,679.0000,1351000
682.5000,723.5000,660.5000,702.0000,1910300
719.0000,735.0000,672.0000,672.0000,10626700
691.5000,712.0000,676.5000,712.0000,1797000
705.0000,731.5000,694.0000,723.0000,1168300
732.0000,732.0000,713.0000,728.5000,1295700
727.0000,741.0000,682.5000,685.5000,1460500
700.0000,710.5000,671.0000,689.0000,1114400
690.0000,690.0000,643.5000,655.5000,854000
665.0000,670.0000,652.0000,663.0000,707100
668.5000,689.9750,668.5000,680.0000,578300
681.5000,696.0000,668.0000,685.0000,1000100
681.5000,688.5000,640.5000,648.0000,768000
650.0000,650.0000,597.0000,600.0000,1524600
598.5000,603.0000,588.5000,593.5000,1621400
604.5000,605.0000,558.5000,568.5000,1087400
567.0000,578.0000,544.5000,551.0000,1195000
558.5000,574.5000,496.5000,566.5000,1894200
567.0000,578.0000,517.5000,522.0000,1155000
514.0000,540.0000,508.5000,532.0000,1302000
532.0000,538.5000,525.0000,535.0000,1343600
535.5000,539.0000,525.5000,537.0000,933100
540.0000,551.0000,524.5000,533.0000,776700
527.5000,537.0000,512.0000,533.5000,764400
538.5000,543.5000,513.5000,520.0000,933200
519.5000,544.0000,519.5000,538.5000,699400
535.5000,543.0000,505.0000,514.0000,798400
510.0000,513.5000,492.3120,500.5000,457200
495.2500,512.5000,473.2500,478.7500,561400
485.5000,493.0000,454.7500,463.2500,1230100
458.5000,462.5000,438.0000,442.5000,870500
463.0000,491.2500,462.2500,487.0000,1055900
490.5000,496.2500,463.0000,482.0000,984500
483.5000,483.5000,447.0000,470.5000,1046800
475.0000,533.0000,474.7500,533.0000,1277700
539.5000,565.0000,532.4160,561.0000,855600
567.0000,585.0000,550.5000,573.0000,1029400
576.5000,579.5000,559.5000,564.0000,591100
568.0000,578.5000,551.9000,573.0000,348900
573.0000,598.5000,572.0000,596.0000,542400
595.0000,598.5000,582.5000,590.0000,713900
598.0000,644.5000,598.0000,634.0000,826100
627.0000,636.0000,612.5000,623.5000,892100
629.0000,648.5000,613.0000,647.0000,625000
640.0000,670.7460,625.1000,634.0000,752700
626.0000,635.0000,600.0000,606.0000,708500
604.0000,631.0000,603.5000,627.5000,683200
628.0000,642.5000,615.0000,624.5000,430900
625.0000,656.5000,620.5000,642.5000,743100
642.0000,646.0000,617.0000,639.5000,547500
616.5000,646.5000,604.5000,632.0000,670600
630.5000,673.5000,628.5000,646.0000,811500
632.0000,650.0000,610.0000,634.0000,622400
636.5000,636.5000,593.2370,608.5000,736800
611.5000,620.0000,572.5000,577.5000,800900
579.5000,579.5000,547.5000,556.5000,1385200
560.5000,585.5000,559.5000,575.5000,1138900
585.0000,600.8000,560.7340,569.0000,1087500
565.5000,577.0000,539.5000,567.5000,191200
570.0000,581.0000,560.0000,570.0000,325700
572.0000,603.5000,561.0000,603.0000,1241200
605.0000,617.5000,595.0000,607.5000,759900
604.5000,625.0000,604.5000,620.5000,1092100
628.0000,646.5000,627.0000,639.5000,663300
635.5000,640.0000,620.7850,637.0000,589000
622.5000,630.0000,600.5000,604.0000,771000
604.5000,623.0000,593.2500,601.0000,408100
600.5000,626.5000,598.5630,623.5000,741000
623.5000,623.5000,623.5000,623.5000,0
616.5000,640.0000,599.5000,610.0000,818100
607.5000,607.5000,583.0000,603.0000,876800
612.0000,664.1000,611.0000,655.0000,2419300
654.5000,683.7950,654.5000,675.5000,1589000
675.5000,685.5000,670.0000,680.0000,566000
684.5000,719.0000,675.0000,714.5000,1457000
707.5000,722.0000,699.0000,704.5000,1098900
708.0000,715.0000,686.0000,700.0000,980000
699.0000,760.0000,699.0000,735.5000,1194600
732.0000,734.0000,705.5000,722.5000,553100
729.0000,755.5000,727.0000,749.0000,739700
759.0000,788.5000,755.5000,784.5000,575200
792.0000,825.5000,771.5000,796.0000,806500
785.0000,794.5000,772.5000,782.0000,1850100
780.5000,782.0000,745.0000,753.5000,662000
759.0000,800.0000,756.2500,780.5000,847500
779.0000,797.5000,772.0000,776.5000,566300
768.5000,803.0000,753.5000,770.0000,1055900
751.0000,768.5000,743.5000,751.0000,711600
747.0000,789.0000,720.0000,780.0000,851600
783.5000,789.0000,765.5000,775.0000,909700
779.0000,785.0000,751.0000,772.0000,1324300
775.5000,790.5000,738.5000,745.0000,870000
746.5000,749.6970,701.5000,733.0000,1176700
738.0000,754.5000,732.0000,750.0000,435100
752.0000,827.0000,752.0000,824.5000,1896600
833.5000,857.0000,808.5000,810.0000,1863500
824.0000,840.0000,818.0000,824.0000,2937800
822.0000,829.0000,800.0000,816.0000,1098300
819.5000,839.0000,814.5000,828.5000,500300
822.5000,857.0000,816.0000,837.5000,1001600
855.0000,866.0000,841.5000,850.5000,1734700
850.5000,858.0000,827.0000,844.5000,909100
843.5000,850.0000,809.0000,823.0000,925100
838.5000,858.5000,833.1500,848.0000,760700
848.0000,856.5000,830.5000,832.0000,871500
836.0000,839.5000,803.5000,818.0000,951300
802.0000,815.5000,761.5000,803.0000,1711300
809.0000,830.5000,809.0000,812.0000,720900
811.5000,841.5000,808.0000,826.0000,1170400
816.0000,823.0000,790.5000,792.5000,905400
788.5000,806.0000,752.0000,752.0000,1259100
748.0000,805.5000,737.5000,802.0000,1074500
807.5000,819.5000,735.0000,741.5000,1037400
735.0000,776.5000,723.5000,768.5000,918700
754.5000,762.0000,713.5000,751.0000,1005700
769.0000,820.5000,768.5000,820.0000,1045200
810.0000,841.0000,795.0000,841.0000,883200
843.0000,852.0000,811.0000,838.5000,660500
853.5000,885.0000,848.5000,875.0000,736500
880.5000,890.0000,837.0000,842.5000,738800
856.0000,903.5000,854.0000,892.0000,1220600
883.5000,900.0000,873.0000,876.5000,663100
871.0000,881.0000,857.5000,868.0000,2807800
880.5000,898.5000,879.0000,890.0000,1024900
886.0000,897.0000,875.0000,877.0000,1518600
888.0000,935.0000,884.5000,920.0000,828200
921.5000,921.5000,865.0000,871.5000,1199400
872.0000,902.5000,867.5000,875.5000,970300
890.0000,921.5000,890.0000,913.0000,566200
910.0000,923.0000,893.0000,905.0000,496000
910.0000,925.5000,899.5000,901.0000,542200
895.0000,899.0000,845.0000,852.5000,698700
830.0000,854.5000,818.0000,845.5000,1386600
843.5000,855.0000,828.5000,843.0000,824100
854.0000,906.0000,854.0000,906.0000,1474800
905.0000,921.0000,894.0000,908.0000,1032200
910.0000,911.0000,883.0000,886.5000,814800
889.0000,907.5000,864.0000,865.0000,1090400
857.5000,861.0000,840.0000,849.5000,1038100
848.5000,857.0000,813.5000,820.0000,769100
820.0000,821.5000,780.5000,793.0000,1411800
790.0000,810.5000,786.5000,790.0000,629900
793.0000,817.5000,793.0000,814.0000,918700
826.5000,833.5000,816.5000,819.0000,338100
819.5000,832.0000,784.0000,797.0000,1083800
795.0000,820.0000,793.0000,818.0000,815300
813.5000,825.5000,801.0000,805.0000,757600
805.5000,817.5000,779.0000,779.0000,1009900
784.0000,801.0000,773.5000,780.5000,683000
767.5000,794.5000,751.5000,751.5000,739600
757.0000,764.0000,739.5000,748.0000,712200
746.5000,793.5000,746.5000,793.5000,220100
793.5000,793.5000,793.5000,793.5000,0
795.0000,804.5000,786.5000,791.5000,583500
793.5000,797.5000,772.5000,778.0000,169200
792.0000,799.0000,773.5000,792.0000,64100
792.0000,792.0000,792.0000,792.0000,0
782.5000,802.0000,782.5000,800.0000,570200
801.5000,828.0000,792.0000,823.0000,709500
825.5000,840.0000,818.5000,839.5000,759300
839.5000,864.0000,833.0000,853.0000,941900
849.0000,868.5000,848.5000,866.0000,576700
871.0000,894.5000,848.0000,852.0000,581200
847.5000,850.0000,797.0000,808.0000,1374900
801.0000,826.5000,792.0000,795.5000,854800
801.0000,817.5000,798.0000,804.5000,578100
800.5000,815.0000,791.0000,797.0000,1215900
801.5000,813.0000,800.0000,804.0000,279100
808.5000,815.0000,798.0000,807.0000,566500
809.0000,809.0000,769.0000,776.0000,1350600
777.0000,788.0000,727.5000,728.0000,1736700
723.0000,731.5000,694.5000,712.5000,1945700
710.0000,726.0000,706.5000,714.5000,2010500
707.0000,707.0000,684.5000,698.0000,976300
695.0000,697.0000,662.0000,672.0000,2410400
681.5000,692.0000,672.5000,677.0000,2189600
681.5000,691.5000,656.5000,671.5000,1335100
669.0000,700.5000,665.5000,700.0000,1348800
707.5000,728.5000,698.0000,724.5000,966600
730.5000,736.0000,704.0000,708.0000,711700
868.0000,868.0000,868.0000,868.0000,774500
664.0000,670.5000,647.0000,669.5000,1056800
676.0000,709.0000,672.5000,705.0000,1435200
705.0000,737.0000,704.5000,729.0000,1132200
738.5000,747.5000,716.0000,723.0000,1258500
732.0000,753.5000,720.0000,730.5000,1187500
740.5000,765.0000,704.0000,720.5000,966100
728.5000,742.5000,726.5000,731.5000,372100
739.5000,763.0000,735.5000,760.0000,647200
767.5000,780.0000,762.0000,770.0000,878300
768.5000,786.0000,750.0000,785.5000,726800
778.5000,779.0000,754.0000,774.0000,1120000
775.5000,795.0000,771.0000,777.5000,792400
779.0000,790.0000,746.0000,751.5000,724700
754.5000,761.0000,735.0000,757.0000,1136500
753.0000,759.5000,727.5000,737.0000,889500
744.5000,754.5000,739.5000,750.5000,935400
763.5000,787.0000,763.5000,782.5000,781300
787.5000,817.5000,785.0000,817.5000,1039900
812.5000,841.5000,812.0000,839.5000,880500
830.0000,832.0000,809.0000,812.5000,659300
801.5000,801.5000,801.5000,801.5000,761200
849.5000,880.0000,836.0000,848.0000,500800
848.0000,848.0000,823.5000,840.0000,599900
837.0000,871.0000,834.0000,867.0000,486100
863.0000,863.5000,835.5000,842.0000,618900
839.0000,859.0000,835.5000,846.0000,491700
843.0000,844.5000,818.5000,820.0000,328200
821.5000,843.5000,820.5000,826.0000,645300
838.5000,855.0000,833.0000,854.0000,910800
851.0000,853.5000,832.0000,836.5000,401400
841.0000,858.5000,824.5000,827.0000,1249600
824.5000,831.0000,801.0000,830.0000,433300
834.0000,844.5000,829.5000,839.5000,521600
822.0000,839.0000,811.0000,819.5000,726600
822.5000,831.0000,795.5000,827.5000,549800
827.0000,838.0000,817.0000,834.0000,616000
835.0000,846.0000,826.0000,835.0000,340400
841.5000,850.0000,836.5000,842.0000,1062500
839.5000,852.0000,838.0000,848.0000,865700
850.5000,873.5000,850.5000,868.0000,570500
868.0000,868.0000,868.0000,868.0000,0
868.0000,868.0000,868.0000,868.0000,0
870.5000,882.5000,866.0000,878.0000,282400
877.0000,881.0000,865.0000,872.5000,453900
869.5000,874.0000,848.5000,854.0000,878100
859.5000,885.5000,859.5000,884.0000,424000
886.0000,896.5000,866.5000,867.0000,419600
866.0000,868.0000,842.0000,846.0000,546100
853.5000,871.0000,844.0000,870.0000,700300
868.0000,873.5000,853.5000,865.0000,451900
858.0000,868.5000,839.0000,843.0000,599400
837.0000,842.0000,825.5000,826.5000,813600
827.5000,841.5000,827.5000,837.5000,318000
848.0000,853.5000,827.0000,833.5000,617500
832.0000,844.5000,805.5000,816.0000,791300
819.5000,842.5000,809.5000,835.0000,782900
848.0000,854.0000,832.0000,840.0000,1045000
835.5000,835.5000,803.0000,803.0000,664600
795.0000,819.5000,793.0000,806.5000,762200
809.5000,825.0000,800.0000,818.0000,524500
821.5000,838.0000,800.5000,801.5000,580000
801.5000,801.5000,801.5000,801.5000,0
868.0000,868.0000,868.0000,868.0000,773500
782.5000,815.0000,760.5000,807.0000,1546400
796.0000,833.0000,789.0000,811.5000,1687600
793.0000,825.5000,779.0000,801.0000,1092700
826.5000,873.5000,820.0000,861.0000,1306300
865.0000,865.0000,826.0000,844.5000,714800
839.5000,872.5000,821.5000,862.0000,1036000
865.5000,899.5000,865.5000,894.0000,975800
878.5000,920.0000,876.5000,887.0000,993200
874.0000,906.5000,868.0000,875.0000,710200
891.5000,895.0000,867.5000,875.5000,640500
856.0000,859.5000,823.0000,841.5000,1107100
844.5000,848.5000,794.5000,815.0000,1158400
817.5000,853.0000,814.5000,850.0000,1190800
861.0000,866.0000,816.0000,841.5000,814000
816.0000,831.5000,800.0000,811.5000,898000
826.5000,858.5000,813.0000,843.0000,781000
850.0000,888.0000,850.0000,883.0000,1066800
897.0000,912.0000,887.5000,904.0000,1408500
904.0000,904.0000,904.0000,904.0000,0
900.0000,914.5000,882.0000,905.5000,1136800
896.5000,928.0000,890.0000,920.5000,1289600
944.0000,950.0000,925.0000,928.5000,668200
910.0000,937.5000,900.5000,907.0000,907300
884.0000,910.0000,884.0000,897.5000,503300
897.0000,942.5000,896.5000,939.0000,1211100
943.0000,989.0000,935.5000,982.5000,1276600
978.5000,1025.0000,974.0000,1013.0000,1041900
1022.0000,1024.0000,987.5000,1009.0000,1180500
1028.0000,1063.0000,1028.0000,1060.0000,676300
1045.0000,1084.0000,1043.0000,1070.0000,603600
1057.0000,1069.0000,1051.0000,1055.0000,993300
1044.0000,1047.0000,1013.0000,1025.0000,1684000
1031.0000,1064.0000,1029.0000,1060.0000,735500
1083.0000,1115.0000,1080.0000,1086.0000,651500
1068.0000,1070.0000,1039.0000,1052.0000,802900
1057.0000,1093.0000,1045.0000,1059.0000,570400
1078.0000,1078.0000,1018.0000,1026.0000,487500
1040.0000,1044.0000,1001.0000,1003.0000,651300
1010.0000,1052.0000,1005.0000,1052.0000,762400
1029.0000,1035.0000,997.0000,1000.0000,669100
1002.0000,1017.0000,975.0000,979.5000,917600
973.0000,1008.0000,953.0000,969.0000,1243100
974.0000,981.0000,955.5000,964.0000,926300
963.5000,965.5000,946.0000,950.0000,325500
947.0000,1000.0000,947.0000,996.5000,736600
970.5000,1032.0000,970.5000,1032.0000,903200
1053.0000,1073.0000,1043.0000,1060.0000,517500
1075.0000,1095.0000,1064.0000,1089.0000,661200
1088.0000,1088.0000,1070.0000,1072.0000,315600
1064.0000,1097.0000,1064.0000,1097.0000,337400
1093.0000,1124.0000,1089.0000,1113.0000,604900
1106.0000,1139.0000,1095.0000,1101.0000,813200
1108.0000,1109.0000,1057.0000,1060.0000,605400
1059.0000,1065.0000,1043.0000,1050.0000,461200
1053.0000,1074.0000,1035.0000,1062.0000,696200
1070.0000,1112.0000,1070.0000,1095.0000,788700
1084.0000,1106.0000,1075.0000,1104.0000,568400
1098.0000,1110.0000,1086.0000,1091.0000,505100
1096.0000,1100.0000,1051.0000,1063.0000,829300
1070.0000,1070.0000,1032.0000,1040.0000,858000
1048.0000,1065.0000,1027.0000,1034.0000,771300
1031.0000,1049.0000,1029.0000,1029.0000,490800
1032.0000,1039.0000,1010.0000,1031.0000,570400
1035.0000,1072.0000,1030.0000,1058.0000,547100
1074.0000,1080.0000,1039.0000,1070.0000,681800
1087.0000,1099.0000,1061.0000,1098.0000,576600
1087.0000,1105.0000,1039.0000,1043.0000,981900
1056.0000,1076.0000,1049.0000,1057.0000,629300
1072.0000,1088.0000,1066.0000,1075.0000,299600
1069.0000,1076.0000,1051.0000,1062.0000,591500
1058.0000,1059.0000,1021.0000,1022.0000,412000
1017.0000,1032.0000,1008.0000,1022.0000,435400
1028.0000,1038.0000,1002.0000,1004.0000,401700
1004.0000,1023.0000,995.0000,1018.0000,256500
1017.0000,1051.0000,1017.0000,1051.0000,411300
1053.0000,1053.0000,1013.0000,1025.0000,605300
1036.0000,1039.0000,999.5000,1002.0000,429600
1010.0000,1010.0000,982.0000,990.0000,467300
994.5000,1030.0000,983.0000,1011.0000,534300
995.5000,1009.0000,986.5000,1000.0000,631900
1001.0000,1017.0000,984.0000,997.5000,506900
1000.0000,1053.0000,1000.0000,1045.0000,591800
1037.0000,1058.0000,1028.0000,1056.0000,350700
1056.0000,1056.0000,1056.0000,1056.0000,0
1055.0000,1091.0000,1042.0000,1090.0000,651900
1101.0000,1138.0000,1101.0000,1119.0000,1014900
1116.0000,1125.0000,1089.0000,1097.0000,855900
1107.0000,1131.0000,1086.0000,1109.0000,633800
1115.0000,1116.0000,1101.0000,1104.0000,270300
1099.0000,1111.0000,1081.0000,1100.0000,435100
1099.0000,1123.0000,1092.0000,1120.0000,387500
1114.0000,1154.0000,1114.0000,1141.0000,391800
1135.0000,1144.0000,1133.0000,1137.0000,265400
1141.0000,1162.0000,1137.0000,1160.0000,566000
1158.0000,1197.0000,1152.0000,1190.0000,714000
1189.0000,1197.0000,1169.0000,1189.0000,555700
1189.0000,1190.0000,1170.0000,1181.0000,486100
1193.0000,1196.0000,1163.0000,1168.0000,853600
1175.0000,1188.0000,1172.0000,1181.0000,306100
1181.0000,1203.0000,1174.0000,1196.0000,714700
1203.0000,1228.0000,1196.0000,1218.0000,585500
1223.0000,1240.0000,1195.0000,1217.0000,428900
1209.0000,1240.0000,1197.0000,1232.0000,502400
1226.0000,1238.0000,1212.0000,1225.0000,338000
1227.0000,1234.0000,1198.0000,1233.0000,607400
1244.0000,1253.0000,1223.0000,1250.0000,1172700
1247.0000,1272.0000,1236.0000,1242.0000,818400
1264.0000,1288.0000,1234.0000,1270.0000,1134900
1270.0000,1290.0000,1261.0000,1266.0000,457500
1265.0000,1304.0000,1259.0000,1300.0000,594900
1304.0000,1333.0000,1303.0000,1315.0000,510800
1311.0000,1329.0000,1286.0000,1289.0000,706200
1265.0000,1276.0000,1224.0000,1248.0000,871400
1258.0000,1260.0000,1234.0000,1242.0000,495600
1229.0000,1245.0000,1214.0000,1241.0000,589000
1267.0000,1300.0000,1265.0000,1282.0000,916000
1297.0000,1317.0000,1275.0000,1311.0000,687200
1324.0000,1325.0000,1280.0000,1299.0000,684100
1288.0000,1296.0000,1258.0000,1291.0000,354700
1296.0000,1303.0000,1223.0000,1223.0000,630700
1228.0000,1246.0000,1197.0000,1244.0000,686800
1237.0000,1269.0000,1236.0000,1250.0000,475500
1243.0000,1257.0000,1231.0000,1251.0000,530100
1261.0000,1291.0000,1259.0000,1271.0000,881000
1262.0000,1285.0000,1239.0000,1264.0000,507600
1260.0000,1266.0000,1239.0000,1247.0000,711500
1266.0000,1269.0000,1243.0000,1254.0000,471800
1254.0000,1255.0000,1226.0000,1250.0000,756500
1267.0000,1276.0000,1245.0000,1257.0000,525300
1253.0000,1283.0000,1253.0000,1272.0000,391900
1294.0000,1314.0000,1281.0000,1293.0000,894400
1321.0000,1367.0000,1320.0000,1367.0000,604300
1377.0000,1436.0000,1367.0000,1413.0000,851900
1419.0000,1419.0000,1388.0000,1410.0000,540300
1413.0000,1455.0000,1413.0000,1448.0000,818300
1426.0000,1440.0000,1385.0000,1396.0000,929000
1424.0000,1461.0000,1420.0000,1460.0000,1304900
1425.0000,1480.0000,1400.0000,1450.0000,670000
1442.0000,1464.0000,1420.0000,1453.0000,309500
1439.0000,1439.0000,1358.0000,1361.0000,1077400
1351.0000,1366.0000,1328.0000,1346.0000,798300
1360.0000,1415.0000,1341.0000,1414.0000,683000
1420.0000,1420.0000,1390.0000,1408.0000,420500
1429.0000,1437.0000,1388.0000,1404.0000,396500
1389.0000,1435.0000,1385.0000,1425.0000,856100
1430.0000,1451.0000,1408.0000,1448.0000,382900
1453.0000,1476.0000,1438.0000,1469.0000,462600
1453.0000,1470.0000,1426.0000,1442.0000,457600
1447.0000,1461.0000,1404.0000,1406.0000,673800
1412.0000,1424.0000,1379.0000,1411.0000,689300
1446.0000,1467.0000,1435.0000,1459.0000,807200
1477.0000,1508.0000,1459.0000,1508.0000,735000
1522.0000,1575.0000,1513.0000,1568.0000,566600
1576.0000,1589.0000,1559.0000,1574.0000,1099500
1574.0000,1641.0000,1574.0000,1605.0000,917200
1609.0000,1609.0000,1521.0000,1527.0000,1055600
1547.0000,1578.0000,1504.0000,1518.0000,854900
1528.0000,1557.0000,1515.0000,1533.0000,491800
1549.0000,1598.0000,1547.0000,1594.0000,6200
1597.0000,1598.0000,1573.0000,1595.0000,639800
1590.0000,1590.0000,1550.0000,1555.0000,729000
1525.0000,1525.0000,1525.0000,1525.0000,494800
1542.0000,1558.0000,1514.0000,1538.0000,1389000
1530.0000,1567.0000,1530.0000,1547.0000,269100
1569.0000,1605.0000,1569.0000,1594.0000,391400
1590.0000,1617.0000,1581.0000,1602.0000,226900
1606.0000,1616.0000,1582.0000,1584.0000,163000
1585.0000,1607.0000,1585.0000,1607.0000,22900
1607.0000,1607.0000,1607.0000,1607.0000,0
1609.0000,1638.0000,1583.0000,1619.0000,229900
1625.0000,1667.0000,1625.0000,1661.0000,372300
1670.0000,1688.0000,1659.0000,1668.0000,159400
1768.0000,1768.0000,1675.0000,1682.0000,795900
1673.0000,1694.0000,1635.0000,1667.0000,831200
1676.0000,1688.0000,1566.0000,1578.0000,1103900
1612.0000,1612.0000,1516.0000,1556.0000,1185500
1568.0000,1568.0000,1484.0000,1521.0000,1118200
1529.0000,1574.0000,1514.0000,1559.0000,811400
1570.0000,1583.0000,1530.0000,1533.0000,851000
1541.0000,1558.0000,1502.0000,1558.0000,597100
1578.0000,1595.0000,1478.0000,1492.0000,1882900
1499.0000,1499.0000,1423.0000,1439.0000,1212700
1453.0000,1487.0000,1452.0000,1466.0000,551700
1477.0000,1493.0000,1423.0000,1430.0000,675200
1432.0000,1433.0000,1333.0000,1346.0000,1415900
1349.0000,1349.0000,1349.0000,1349.0000,923100
1361.0000,1372.0000,1335.0000,1355.0000,706700
1353.0000,1356.0000,1307.0000,1312.0000,802700
1330.0000,1349.0000,1305.0000,1330.0000,995300
1338.0000,1405.0000,1331.0000,1337.0000,871100
1329.0000,1329.0000,1276.0000,1316.0000,1298500
1315.0000,1315.0000,1278.0000,1296.0000,809300
1321.0000,1384.0000,1318.0000,1384.0000,1145500
1410.0000,1429.0000,1394.0000,1429.0000,1059000
1433.0000,1433.0000,1390.0000,1414.0000,738600
1431.0000,1445.0000,1414.0000,1418.0000,632400
1429.0000,1449.0000,1419.0000,1449.0000,451700
1451.0000,1467.0000,1404.0000,1467.0000,735300
1472.0000,1473.0000,1418.0000,1425.0000,586800
1432.0000,1455.0000,1403.0000,1440.0000,1287800
1443.0000,1476.0000,1430.0000,1469.0000,646300
1481.0000,1491.0000,1455.0000,1489.0000,87000
1489.0000,1489.0000,1436.0000,1447.0000,710000
1464.0000,1509.0000,1445.0000,1484.0000,1261100
1490.0000,1507.0000,1452.0000,1476.0000,569700
1483.0000,1508.0000,1465.0000,1507.0000,1082500
1510.0000,1594.0000,1508.0000,1550.0000,1052600
1555.0000,1572.0000,1508.0000,1560.0000,1455400
1554.0000,1554.0000,1503.0000,1533.0000,1319800
1539.0000,1556.0000,1503.0000,1552.0000,1224000
1554.0000,1581.0000,1543.0000,1576.0000,605900
1582.0000,1611.0000,1556.0000,1594.0000,981800
1629.0000,1654.0000,1569.0000,1596.0000,1198800
1588.0000,1644.0000,1560.0000,1614.0000,988000
1631.0000,1651.0000,1600.0000,1614.0000,1197800
1618.0000,1627.0000,1554.0000,1608.0000,1013300
1598.0000,1656.0000,1598.0000,1633.0000,1217300
1636.0000,1647.0000,1570.0000,1602.0000,1225900
1612.0000,1637.0000,1576.0000,1589.0000,828300
1564.0000,1564.0000,1494.0000,1513.0000,1418300
1508.0000,1528.0000,1482.0000,1511.0000,775600
1491.0000,1519.0000,1482.0000,1499.0000,846200
1466.0000,1474.0000,1382.0000,1433.0000,1629300
1446.0000,1446.0000,1391.0000,1400.0000,1360500
1416.0000,1426.0000,1393.0000,1419.0000,1030600
1427.0000,1462.0000,1423.0000,1442.0000,1160800
1467.0000,1491.0000,1452.0000,1485.0000,626700
1482.0000,1505.0000,1438.0000,1455.0000,643500
1447.0000,1493.0000,1441.0000,1492.0000,676800
1499.0000,1546.0000,1498.0000,1533.0000,864900
1549.0000,1573.0000,1530.0000,1560.0000,542700
1555.0000,1562.0000,1528.0000,1535.0000,530000
1542.0000,1568.0000,1522.0000,1568.0000,942700
1590.0000,1603.0000,1568.0000,1572.0000,607500
1580.0000,1580.0000,1539.0000,1543.0000,1055600
1554.0000,1571.0000,1542.0000,1565.0000,533900
1564.0000,1624.0000,1557.0000,1611.0000,590900
1616.0000,1625.0000,1594.0000,1621.0000,527300
1637.0000,1666.0000,1629.0000,1633.0000,744300
1628.0000,1649.0000,1605.0000,1608.0000,661900
1629.0000,1658.0000,1626.0000,1646.0000,587800
1657.0000,1673.0000,1641.0000,1661.0000,570200
1634.0000,1639.8800,1564.0000,1576.0000,902000
1647.0000,1647.0000,1576.0000,1576.0000,1050900
1572.0000,1578.0000,1529.0000,1555.0000,797600
1558.0000,1582.0000,1542.0000,1575.0000,668400
1576.0000,1576.9800,1509.0000,1514.0000,594900
1523.0000,1569.0000,1523.0000,1559.0000,542200
1586.0000,1612.1600,1575.0000,1612.0000,638300
1620.0000,1662.0000,1617.0000,1648.0000,586400
1620.0000,1659.0000,1610.0000,1649.0000,753100
1645.0000,1650.0000,1599.0000,1606.0000,508600
1626.0000,1646.0000,1609.0000,1641.0000,602100
1620.0000,1639.0000,1581.9900,1598.0000,957900
1578.0000,1581.0000,1506.0000,1515.0000,1047300
1529.0000,1540.0000,1431.0000,1445.0000,1057300
1445.0000,1450.0000,1395.0000,1436.0000,1460300
1443.0000,1467.0000,1414.0000,1438.0000,1074100
1449.0000,1475.3700,1443.0000,1471.0000,666100
1480.0000,1484.0000,1411.0000,1411.0000,1325000
1380.0000,1380.0000,1281.0000,1304.0000,1859500
1318.0000,1339.0000,1313.0000,1324.0000,1307900
1311.0000,1371.0000,1297.0000,1351.0000,1094200
1337.0000,1353.0000,1305.0000,1308.0000,1145900
1330.0000,1366.0000,1321.0000,1330.0000,1165800
1349.0000,1356.0000,1317.0000,1325.0000,757900
1329.0000,1353.0000,1307.0000,1321.0000,795100
1300.0000,1311.0000,1275.0000,1302.0000,841800
1302.0000,1359.0000,1302.0000,1356.0000,1160300
1349.0000,1360.0000,1336.0000,1350.0000,1389300
1375.0000,1391.0000,1342.0000,1381.0000,1106700
1401.0000,1419.4399,1396.0000,1410.0000,746900
1425.0000,1458.0000,1424.0000,1458.0000,1032100
1461.0000,1492.0000,1451.0000,1478.0000,1144300
1455.0000,1455.0000,1428.0000,1428.0000,635900
1438.0000,1438.0000,1380.0000,1404.0000,719200
1399.0000,1429.0000,1392.0000,1428.0000,426600
1436.0000,1443.0000,1419.0000,1427.0000,545300
1414.0000,1425.0000,1360.0000,1393.0000,1019600
1384.0000,1428.0000,1379.0000,1417.0000,615300
1418.0000,1425.0000,1374.0000,1377.0000,720600
1373.0000,1388.0000,1361.0000,1378.0000,737600
1380.0000,1395.0000,1363.0000,1377.0000,849900
1372.0000,1386.0000,1346.0000,1346.0000,989100
1329.0000,1337.0000,1308.0000,1327.0000,760900
1330.0000,1346.0000,1305.0000,1329.0000,925100
1300.0000,1310.0000,1283.0000,1307.0000,632100
1317.0000,1368.0000,1317.0000,1368.0000,559700
1372.0000,1386.0000,1359.0000,1380.0000,383800
1365.0000,1382.0000,1333.0000,1341.0000,712500
1372.0000,1391.0000,1352.0000,1357.0000,1010300
1349.0000,1378.0000,1347.0000,1375.0000,656000
1375.0000,1411.0000,1373.0000,1398.0000,712400
1405.0000,1423.0000,1394.0000,1415.0000,553800
1415.0000,1415.0000,1394.0000,1402.0000,809000
1399.0000,1402.0000,1375.0000,1399.0000,454800
1398.0000,1411.0000,1394.0000,1404.0000,467000
1404.0000,1410.0000,1393.0000,1400.0000,433200
1400.0000,1414.0000,1374.0000,1405.0000,652300
1416.0000,1451.0000,1400.0000,1443.0000,587900
1447.0000,1460.0000,1414.0000,1424.0000,543400
1418.0000,1439.0000,1418.0000,1434.0000,811700
1410.0000,1441.0000,1401.0000,1440.0000,664100
1440.0000,1555.0000,1440.0000,1520.0000,867500
1510.0000,1616.0000,1510.0000,1595.0000,1207700
1577.0000,1644.0000,1574.0000,1625.0000,1011100
1616.0000,1673.0000,1616.0000,1659.0000,926400
1668.0000,1676.0000,1650.0000,1660.0000,649200
1667.0000,1674.0000,1627.0000,1652.0000,675800
1656.0000,1664.0000,1618.0000,1644.0000,717100
1664.0000,1695.0000,1654.0000,1681.0000,619900
1673.0000,1747.0000,1672.0000,1729.0000,705700
1725.0000,1731.7900,1677.0000,1692.0000,645400
1689.0000,1726.0000,1684.0000,1700.0000,479700
1686.0000,1727.0000,1682.0000,1722.0000,521000
1700.0000,1775.0000,1700.0000,1760.0000,1089300
1770.0000,1782.0000,1730.0000,1734.0000,727100
1705.0000,1840.0000,1695.0000,1813.0000,1432000
1805.0000,1915.0000,1770.0000,1907.0000,1749800
1916.0000,1967.0000,1842.0000,1906.0000,1363400
1833.0000,1917.0000,1803.0000,1824.0000,1633400
1829.0000,1929.0000,1795.0000,1804.0000,1339200
1803.0000,1869.0000,1628.0000,1673.0000,1936700
1709.0000,1735.0000,1613.0000,1634.0000,1111700
1691.0000,1691.0000,1603.0000,1641.0000,1075200
1677.0000,1725.0000,1624.0000,1725.0000,639900
1746.0000,1829.0000,1733.0000,1796.0000,535200
1816.0000,1870.0300,1772.0000,1861.0000,688000
1841.0000,1966.2000,1823.0000,1966.0000,1365500
1948.0000,1949.0000,1824.0000,1840.0000,710300
1848.0000,2017.0000,1800.0000,1970.0000,1084800
1963.0000,2081.0000,1960.0000,2039.0000,852400
2058.0000,2078.0000,1853.0000,1892.0000,1503700
1900.0000,1946.0000,1853.0000,1872.0000,1037500
1875.0000,1892.0000,1803.0000,1817.0000,853200
1831.0000,1878.1899,1785.0000,1878.0000,697200
1902.0000,1999.0000,1901.0000,1999.0000,762600
1997.0000,2122.0000,1989.0000,2100.0000,1155700
2101.0000,2101.0000,2005.0000,2022.0000,674600
1999.0000,2059.0000,1983.0000,2033.0000,659000
2002.0000,2030.0000,1976.0000,1986.0000,439600
1980.0000,2074.0000,1978.0000,2064.0000,852400
2105.0000,2129.0000,2017.0000,2057.0000,720300
2070.0000,2172.0000,2039.0000,2147.0000,690500
2150.0000,2213.0000,2134.0000,2150.0000,1132100
2096.0000,2099.0000,1986.0000,1989.0000,1164500
1966.0000,1979.0000,1911.0000,1930.0000,957000
1932.0000,1979.0000,1901.0000,1927.0000,960200
1934.0000,1951.0000,1900.0000,1907.0000,816900
1918.0000,1923.0000,1860.0000,1882.0000,1317600
1869.0000,1893.4900,1810.0000,1867.0000,748600
1855.0000,1952.0000,1845.0000,1943.0000,557600
1925.0000,1985.0000,1910.0000,1935.0000,779000
1872.0000,1875.0000,1701.0000,1709.0000,820900
1716.0000,1734.0000,1612.0000,1636.0000,930100
1526.0000,1583.4800,1489.0000,1524.0000,1266400
1577.0000,1688.0000,1577.0000,1681.0000,940900
1640.0000,1675.0000,1574.0000,1585.0000,709500
1574.0000,1581.0000,1511.0000,1514.0000,583700
1506.0000,1607.0000,1476.0000,1586.0000,1065500
1565.0000,1628.8000,1524.0000,1604.0000,742000
1592.0000,1592.0000,1471.0000,1499.0000,864600
1520.0000,1552.0000,1473.0000,1541.0000,565300
1562.0000,1658.0000,1555.0000,1641.0000,1077200
1650.0000,1687.0000,1617.0000,1663.0000,482200
1680.0000,1719.0000,1648.0000,1717.0000,373400
1710.0000,1713.0000,1657.0000,1699.0000,421600
1626.0000,1675.1300,1588.0000,1665.0000,824700
1662.0000,1678.0000,1590.0000,1629.0000,644000
1646.0000,1705.0000,1632.0000,1660.0000,389900
1664.0000,1688.0000,1614.0000,1629.0000,324100
1615.0000,1621.0000,1542.0000,1597.0000,613000
1621.0000,1627.0000,1550.0000,1555.0000,437900
1536.0000,1537.0000,1492.0000,1498.0000,655400
1512.0000,1524.0000,1483.0000,1505.0000,793500
1525.0000,1572.3900,1521.0000,1556.0000,581900
1550.0000,1587.0000,1508.0000,1584.0000,699800
1592.0000,1654.0000,1592.0000,1654.0000,763500
1733.0000,1746.0000,1692.0000,1729.0000,724600
1738.0000,1748.0000,1705.0000,1722.0000,655700
1707.0000,1737.0000,1686.0000,1698.0000,754300
1666.0000,1676.0000,1628.0000,1656.0000,600400
1679.0000,1799.0000,1660.0000,1783.0000,885200
1758.0000,1884.0000,1737.0000,1880.0000,860800
1891.0000,1930.0000,1817.0000,1839.0000,563000
1835.0000,1872.0000,1797.0000,1866.0000,464900
1866.0000,1904.0000,1858.0000,1862.0000,355700
1875.0000,1890.0000,1812.0000,1832.0000,466200
1801.0000,1854.0000,1771.0000,1829.0000,742300
1838.0000,1848.0000,1792.0000,1848.0000,372400
1876.0000,1890.1200,1804.0000,1812.0000,284500
1808.0000,1880.0000,1781.0000,1867.0000,421700
1858.0000,1882.0000,1798.0000,1869.0000,545400
1868.0000,1839.7500,1758.1899,1759.0000,1116500
1753.0000,1753.9000,1683.0000,1711.0000,773500
1696.0000,1678.7500,1578.0000,1593.0000,979200
1610.0000,1622.5000,1549.0000,1577.0000,686000
1559.0000,1578.0000,1528.0000,1537.0000,593300
1539.0000,1614.0000,1534.3800,1605.0000,660400
1595.0000,1610.0000,1568.0000,1583.0000,433800
1587.0000,1625.0000,1580.0000,1621.0000,451600
1624.0000,1648.0000,1602.0000,1639.0000,409200
1623.0000,1753.0000,1590.0000,1714.0000,968700
1724.0000,1792.0000,1708.0000,1741.0000,551900
1758.0000,1820.0000,1749.0000,1753.0000,414000
1767.0000,1787.0000,1740.0000,1757.0000,329200
1725.0000,1786.0000,1704.0000,1750.0000,532400
1774.0000,1791.0000,1739.0000,1757.0000,428100
1779.0000,1783.1500,1713.0000,1729.0000,567400
1704.0000,1791.2800,1695.0000,1769.0000,381200
1772.0000,1777.0000,1654.0000,1654.0000,455900
1660.0000,1694.0000,1654.0000,1681.0000,480300
1636.0000,1637.0000,1481.0000,1494.0000,1495200
1500.0000,1565.0000,1474.0000,1512.0000,973500
1507.0000,1581.0000,1507.0000,1553.0000,779700
1549.0000,1560.0000,1503.0000,1514.0000,433300
1506.0000,1550.0000,1495.0000,1540.0000,541000
1565.0000,1581.0000,1518.0000,1528.0000,652800
1526.0000,1554.0000,1520.0000,1539.0000,338800
1547.0000,1552.0000,1532.0000,1534.0000,99100
1534.0000,1534.0000,1534.0000,1534.0000,0
1534.0000,1534.0000,1534.0000,1534.0000,0
1550.0000,1550.0000,1505.0000,1506.0000,305700
1514.0000,1534.0000,1485.1500,1502.0000,338500
1500.0000,1527.0000,1495.0000,1527.0000,159100
1527.0000,1527.0000,1527.0000,1527.0000,0
1564.0000,1594.0000,1549.0000,1594.0000,558100
1597.0000,1625.0000,1538.0000,1569.0000,614100
1579.0000,1636.0000,1573.0000,1620.0000,652700
1615.0000,1669.0000,1599.0000,1661.0000,660700
1667.0000,1707.6000,1628.8000,1638.0000,826600
1662.0000,1747.0000,1649.0000,1732.0000,904900
1734.0000,2708.3201,1723.0000,1757.0000,727400
1768.0000,1823.9800,1732.0000,1733.0000,571200
1740.0000,1749.0000,1648.0000,1687.0000,857500
1686.0000,1715.0000,1680.0000,1707.0000,573500
1736.0000,1755.0000,1724.0000,1753.0000,438400
1758.0000,1775.0000,1716.0000,1765.0000,492500
1769.0000,1797.0000,1734.0000,1768.0000,511600
1777.0000,1777.0000,1721.0000,1725.0000,602900
1726.0000,1789.0000,1708.7000,1784.0000,597700
1781.0000,1790.0000,1737.0000,1752.0000,713700
1770.0000,1785.0000,1710.0000,1743.0000,524900
1786.0000,1831.0000,1772.0000,1817.0000,1079600
1812.0000,1842.0000,1797.0000,1801.0000,692800
1790.0000,1803.0000,1760.0000,1775.0000,707200
1804.0000,1804.0000,1736.0000,1736.0000,918000
1755.0000,1815.0000,1728.0000,1806.0000,532100
1826.0000,1857.0000,1801.0000,1848.0000,550000
1844.0000,1853.0000,1823.5699,1850.0000,396800
1843.0000,1849.8700,1804.0000,1817.0000,517000
1825.0000,1836.0000,1780.0000,1801.0000,490700
1812.0000,1840.0000,1792.0000,1797.0000,293400
1805.0000,1809.0000,1775.0000,1793.0000,494200
1779.0000,1796.0000,1742.0000,1754.0000,642200
1773.0000,1804.0000,1763.0000,1773.0000,289000
1764.0000,1784.0000,1743.0000,1784.0000,454000
1807.0000,1807.0000,1748.0000,1762.0000,643400
1756.0000,1756.0000,1704.0000,1733.0000,425400
1752.0000,1753.0000,1711.0000,1720.0000,414800
1741.0000,1773.0000,1733.0000,1747.0000,234700
1751.0000,1755.1801,1724.0000,1750.0000,434500
1756.0000,1787.0000,1732.0000,1777.0000,506300
1773.0000,1891.0000,1771.0000,1885.0000,922900
1895.0000,1899.0000,1851.0000,1864.0000,489700
1848.0000,1866.0000,1830.0000,1858.0000,439100
1857.0000,1912.0000,1844.0000,1906.0000,573800
1914.0000,1972.0000,1899.0000,1902.0000,1024000
1895.0000,1955.0000,1868.0000,1913.0000,594400
1920.0000,1928.0000,1885.0000,1896.0000,400800
1879.0000,1879.0000,1817.0000,1832.0000,481700
1849.0000,1888.0000,1818.0000,1830.0000,952500
1862.0000,1870.0000,1776.0000,1839.0000,976400
1852.0000,1871.0000,1805.0000,1824.0000,602400
1819.0000,1819.2500,1744.0000,1801.0000,1322500
1801.0000,1821.0000,1788.3700,1811.0000,636500
1826.0000,1840.0000,1807.0000,1830.0000,469300
1845.0000,1858.0000,1788.0000,1793.0000,1015300
1809.0000,1838.0000,1772.0000,1780.0000,664400
1789.0000,1838.0000,1774.0000,1797.0000,1012100
1802.0000,1808.9500,1761.6400,1776.0000,405200
1767.0000,1776.0000,1665.0000,1687.0000,1014600
1700.0000,1763.0000,1694.0000,1737.0000,768300
1730.0000,1734.0000,1600.0000,1621.0000,1366700
1627.0000,1668.0000,1600.0000,1660.0000,1097300
1678.0000,1712.0000,1634.0000,1688.0000,702300
1700.0000,1725.0000,1669.0000,1678.0000,582600
1677.0000,1682.0000,1604.8000,1609.0000,807000
1614.0000,1649.8400,1575.0000,1599.0000,982700
1617.0000,1638.0000,1593.0000,1598.0000,965700
1624.0000,1664.0000,1615.0000,1664.0000,852500
1665.0000,1690.0000,1651.2600,1671.0000,677200
1662.0000,1670.0000,1528.0000,1533.0000,1617200
1540.0000,1571.8400,1533.0000,1539.0000,1217900
1539.0000,1539.0000,1539.0000,1539.0000,0
1539.0000,1539.0000,1539.0000,1539.0000,0
1529.0000,1563.0000,1516.0000,1516.0000,871200
1517.0000,1588.0000,1513.0000,1568.0000,966300
1583.0000,1623.0000,1576.0000,1615.0000,879900
1623.0000,1626.0000,1572.0000,1578.0000,635400
1570.0000,1594.0000,1552.0000,1560.0000,695100
1550.0000,1574.0000,1520.0000,1573.0000,742200
1581.0000,1651.0000,1569.0000,1624.0000,1432600
1655.0000,1666.0000,1625.0000,1626.0000,737000
1631.0000,1643.0000,1606.0000,1632.0000,744100
1616.0000,1618.0000,1531.0000,1559.0000,514700
1576.0000,1592.5000,1552.0000,1569.0000,468200
1553.0000,1603.0000,1549.0000,1597.0000,748600
1605.0000,1638.0000,1585.0000,1614.0000,690900
1602.0000,1621.0000,1586.0000,1613.0000,395900
1628.0000,1628.0000,1554.0000,1560.0000,619200
1575.0000,1614.0000,1555.0000,1613.0000,392400
1623.0000,1625.3000,1551.0000,1569.0000,774100
1571.0000,1589.0000,1550.0000,1561.0000,482100
1562.0000,1563.1700,1495.0000,1506.0000,674100
1506.0000,1506.0000,1506.0000,1506.0000,0
1499.0000,1516.8000,1394.0000,1394.0000,1201900
1400.0000,1400.0000,1322.0000,1376.0000,2052300
1390.0000,1428.0000,1345.4000,1417.0000,1018900
1411.0000,1419.0000,1381.0000,1417.0000,792300
1411.0000,1411.0000,1365.0000,1381.0000,462000
1386.0000,1410.0000,1366.0000,1380.0000,719400
1356.0000,1357.0000,1314.0000,1323.0000,1480000
1331.0000,1351.0000,1292.0000,1330.0000,1697600
1318.0000,1374.8000,1301.0000,1358.0000,1144300
1351.0000,1367.0000,1306.0000,1319.0000,792900
1341.0000,1411.0000,1336.0000,1387.0000,1002500
1367.0000,1367.0000,1307.0000,1312.0000,809300
1337.0000,1354.0000,1317.0000,1347.0000,639100
1350.0000,1358.0000,1303.0000,1317.0000,786200
1337.0000,1354.0000,1322.0000,1322.0000,298100
1349.0000,1359.0000,1328.0000,1348.0000,543700
1339.0000,1339.0000,1295.0000,1307.0000,689800
1319.0000,1348.9399,1312.0000,1348.0000,1188200
1349.0000,1379.0000,1259.0000,1371.0000,1753700
1371.0000,1371.0000,1371.0000,1371.0000,0
1371.0000,1371.0000,1371.0000,1371.0000,0
1419.0000,1475.3400,1402.4000,1472.0000,1303500
1475.0000,1513.0000,1422.0000,1442.0000,1289200
1430.0000,1447.0000,1405.0000,1442.0000,928800
1487.0000,1488.1300,1388.0000,1396.0000,760000
1400.0000,1437.0000,1387.0000,1429.0000,927300
1431.0000,1493.0000,1423.0000,1487.0000,1100400
1475.0000,1479.0000,1434.0000,1452.0000,1049100
1470.0000,1532.9200,1465.0000,1532.0000,4236000
1549.0000,1567.0000,1519.0000,1558.0000,987400
1557.0000,1585.0000,1540.0000,1549.0000,969300
1558.0000,1596.0000,1528.0000,1543.0000,1199300
1525.0000,1559.0000,1492.0000,1492.0000,1144300
1481.0000,1488.0000,1416.0000,1418.0000,1140500
1428.0000,1438.0000,1408.0000,1418.0000,1119600
1430.0000,1449.0000,1415.0000,1428.0000,758200
1443.0000,1444.0000,1398.0000,1421.0000,540900
1429.0000,1433.0000,1380.0000,1415.0000,781300
1466.0000,1484.0000,1439.0000,1457.0000,746300
1460.0000,1493.0000,1452.0000,1490.0000,584600
1478.0000,1525.0000,1469.0000,1524.0000,620500
1517.0000,1533.0000,1510.0000,1513.0000,530900
1506.0000,1542.0000,1485.0000,1499.0000,676000
1489.0000,1499.0000,1473.0000,1483.0000,378000
1491.0000,1492.0000,1464.0000,1474.0000,404900
1487.0000,1491.0000,1444.0000,1484.0000,559000
1472.0000,1485.0000,1442.0000,1448.0000,537200
1436.0000,1443.0000,1396.0000,1405.0000,855200
1429.0000,1452.0000,1407.0000,1444.0000,521000
1441.0000,1441.0000,1417.0000,1423.0000,370600
1431.0000,1434.0000,1402.0000,1408.0000,534800
1431.0000,1480.0000,1424.0000,1430.0000,724300
1438.0000,1438.0000,1404.0000,1428.0000,513700
1425.0000,1435.0000,1387.0000,1389.0000,539400
1379.0000,1389.5800,1334.0000,1357.0000,496500
1360.0000,1371.0000,1347.0000,1360.0000,331200
1366.0000,1405.0000,1355.0000,1375.0000,616800
1391.0000,1412.0000,1351.0000,1407.0000,609500
1423.0000,1430.0000,1398.0000,1418.0000,630100
1428.0000,1462.0000,1411.0000,1453.0000,508200
1438.0000,1461.0000,1403.0000,1456.0000,730900
1453.0000,1454.0000,1419.0000,1446.0000,508600
1449.0000,1471.0000,1421.0000,1428.0000,720600
1433.0000,1472.2500,1423.0000,1464.0000,494900
1465.0000,1494.0000,1458.0000,1491.0000,435500
1493.0000,1530.1500,1488.4500,1530.0000,595400
1525.0000,1565.0000,1511.0000,1565.0000,653400
1570.0000,1593.0300,1555.4000,1581.0000,1037800
1578.0000,1593.0000,1561.0000,1581.0000,615200
1587.0000,1587.0000,1558.0000,1564.0000,399800
1570.0000,1576.0000,1536.0000,1545.0000,470800
1533.0000,1540.0000,1482.0000,1489.0000,501000
1499.0000,1536.0000,1495.0000,1511.0000,504600
1517.0000,1527.0000,1506.0000,1524.0000,446900
1528.0000,1528.0000,1485.0000,1494.0000,330200
1502.0000,1602.0000,1501.5000,1581.0000,718400
1558.0000,1558.0000,1504.0000,1526.0000,810300
1550.0000,1604.0000,1547.8199,1586.0000,859100
1578.0000,1585.0000,1546.0000,1582.0000,536800
1582.0000,1582.0000,1582.0000,1582.0000,0
1590.0000,1607.0000,1565.0000,1583.0000,387300
1582.0000,1595.9900,1555.0000,1569.0000,571700
1564.0000,1564.0000,1532.6100,1543.0000,439400
1545.0000,1583.0000,1544.0000,1561.0000,614600
1565.0000,1652.0000,1565.0000,1627.0000,896100
1637.0000,1639.2000,1605.0000,1612.0000,846900
1617.0000,1642.0000,1587.0000,1638.0000,702500
1655.0000,1713.0000,1655.0000,1688.0000,987700
1709.0000,1740.0000,1683.2000,1724.0000,926100
1730.0000,1806.0000,1721.0000,1756.0000,606600
1745.0000,1745.0000,1694.0000,1707.0000,1018900
1716.0000,1736.0000,1667.0000,1684.0000,1006900
1686.0000,1710.0000,1670.0000,1703.0000,529300
1770.0000,1912.0000,1769.0000,1870.0000,2526700
1862.0000,1889.0000,1835.0000,1846.0000,656500
1834.0000,1840.0000,1794.0000,1829.0000,733600
1854.0000,1874.3600,1831.0000,1868.0000,739500
1842.0000,1843.0000,1802.0000,1829.0000,855000
1849.0000,1893.0000,1821.0000,1833.0000,928600
1815.0000,1820.0000,1761.0000,1803.0000,666100
1809.0000,1812.0000,1773.0000,1792.0000,636400
1711.0000,1786.0000,1690.0000,1762.0000,992200
1776.0000,1794.0000,1750.0000,1778.0000,597300
1795.0000,1865.0000,1795.0000,1853.0000,1177100
1855.0000,1885.0000,1850.6200,1881.0000,462300
1887.0000,1940.0000,1869.6000,1920.0000,1207000
1906.0000,1928.7100,1897.0000,1904.0000,712600
1913.0000,1945.0000,1887.0000,1929.0000,547800
1937.0000,1985.0000,1935.0000,1967.0000,573100
1938.0000,1965.0000,1896.0000,1958.0000,418300
1968.0000,1998.0000,1954.0000,1973.0000,528400
1964.0000,1980.0000,1888.4200,1926.0000,828300
1920.0000,1968.0000,1920.0000,1954.0000,449200
1950.0000,1964.0000,1939.0000,1940.0000,326200
1902.0000,1957.0000,1902.0000,1916.0000,727300
1933.0000,1951.0000,1919.0000,1938.0000,702100
1940.0000,1976.4301,1930.0000,1964.0000,1022900
1972.0000,1990.0000,1916.0000,1918.0000,852000
1914.0000,1933.0000,1886.0000,1892.0000,1083700
1887.0000,1931.0000,1881.1899,1916.0000,443700
1924.0000,1924.0000,1854.0000,1869.0000,704300
1873.0000,1898.0000,1841.0000,1889.0000,704400
1899.0000,1965.0000,1889.0000,1930.0000,774500
1913.0000,1921.0000,1873.0000,1912.0000,622100
1904.0000,1912.0000,1875.0000,1887.0000,398300
1883.0000,1907.0000,1871.0000,1891.0000,259300
1880.0000,1932.0000,1879.0000,1919.0000,718100
1914.0000,1948.0000,1901.0000,1941.0000,445000
1935.0000,1964.0000,1911.0000,1920.0000,650500
1900.0000,1918.0000,1879.0000,1909.0000,511200
1904.0000,1934.0000,1904.0000,1926.0000,345700
1942.0000,1953.0000,1913.0000,1924.0000,820700
1944.0000,1948.0000,1903.6600,1910.0000,520500
1908.0000,1937.0000,1895.0000,1929.0000,734900
1928.0000,1953.0000,1922.0000,1936.0000,388300
1924.0000,1951.0000,1905.0000,1936.0000,680300
1934.0000,1958.2400,1929.0000,1935.0000,549600
1905.0000,1966.0000,1895.5500,1948.0000,574900
1941.0000,1958.0000,1876.0000,1877.0000,731100
1904.0000,1948.0000,1904.0000,1946.0000,338800
1942.0000,1984.0000,1938.0000,1980.0000,464900
1962.0000,1971.0000,1943.0000,1967.0000,385000
1980.0000,1986.2300,1947.0000,1965.0000,356700
1958.0000,1983.0000,1952.0000,1976.0000,221600
1975.0000,1979.0000,1933.0000,1979.0000,312400
1981.0000,2033.0000,1976.0000,1980.0000,674900
1970.0000,1976.0500,1935.0000,1955.0000,586300
1965.0000,2005.0000,1964.0000,1993.0000,454000
1991.0000,2014.0000,1982.0000,1988.0000,499800
1985.0000,2032.0000,1983.0000,1989.0000,352000
1982.0000,1984.2200,1930.0000,1958.0000,800900
1982.0000,1992.0000,1946.0000,1957.0000,486300
1963.0000,1989.0000,1953.0000,1967.0000,434500
1965.0000,1986.0000,1951.0000,1969.0000,364000
1960.0000,1974.0000,1946.0000,1961.0000,325100
1952.0000,1969.0000,1935.0000,1952.0000,556200
1952.0000,1966.0000,1937.0000,1964.0000,496900
1970.0000,1974.0000,1930.0000,1937.0000,481100
1939.0000,1955.0000,1925.0000,1950.0000,352100
1949.0000,1950.2500,1930.0000,1940.0000,331600
1944.0000,1971.0000,1938.0000,1942.0000,411200
1935.0000,1940.0000,1907.0000,1911.0000,610400
1899.0000,1913.0000,1874.0000,1878.0000,542000
1870.0000,1879.0000,1827.0000,1872.0000,765200
1877.0000,1904.0000,1851.0000,1895.0000,139300
1895.0000,1895.0000,1895.0000,1895.0000,0
1885.0000,1922.0000,1872.0000,1884.0000,252400
1878.0000,1904.0000,1856.0000,1859.0000,209000
1849.0000,1860.0000,1836.0000,1847.0000,143600
1847.0000,1847.0000,1847.0000,1847.0000,0
1854.0000,1918.0000,1854.0000,1900.0000,437400
1900.0000,1916.0000,1880.0000,1885.0000,254600
1838.0000,1839.0000,1766.0000,1810.0000,1041100
1802.0000,1802.0000,1762.0000,1775.0000,665700
1775.0000,1777.0000,1738.0000,1742.0000,598300
1746.0000,1777.6899,1743.0000,1770.0000,762700
1768.0000,1768.0000,1745.0000,1750.0000,432200
1748.0000,1766.0000,1737.9000,1743.0000,778700
1743.0000,1756.0000,1733.0000,1749.0000,389200
1742.0000,1771.0000,1740.9800,1766.0000,566500
1761.0000,1784.0000,1756.8199,1762.0000,663300
1751.0000,1797.0000,1747.0000,1781.0000,651300
1795.0000,1796.0000,1750.0000,1750.0000,850200
1761.0000,1787.0000,1755.0000,1775.0000,612300
1766.0000,1772.0000,1688.7500,1725.0000,1379400
1707.0000,1730.0000,1685.0000,1702.0000,847300
1693.0000,1717.0000,1667.0000,1703.0000,563900
1695.0000,1702.0000,1675.0000,1698.0000,617800
1698.0000,1709.0000,1660.0000,1663.0000,535600
1662.0000,1672.0000,1656.0000,1666.0000,548600
1671.0000,1695.5601,1665.0000,1681.0000,545100
1674.0000,1682.5200,1657.4900,1658.0000,890200
1662.0000,1710.0000,1662.0000,1705.0000,420000
1704.0000,1708.0000,1658.0000,1663.0000,364200
1660.0000,1694.3900,1660.0000,1674.0000,405600
1676.0000,1705.0000,1675.0000,1684.0000,342800
1683.0000,1688.1200,1657.0000,1669.0000,323400
1677.0000,1685.0000,1655.0000,1660.0000,364000
1658.0000,1667.0000,1648.0000,1660.0000,497000
1655.0000,1659.0000,1641.0000,1657.0000,375400
1659.0000,1707.0000,1659.0000,1689.0000,813400
1682.0000,1692.0000,1655.0000,1655.0000,455400
1602.0000,1620.4200,1549.0000,1550.0000,1239000
1556.0000,1558.0000,1525.4800,1540.0000,576700
1541.0000,1554.0000,1533.8800,1547.0000,529100
1547.0000,1553.0000,1500.9500,1512.0000,614700
1504.0000,1513.0000,1479.7500,1501.0000,723700
1500.0000,1513.0000,1483.0000,1488.0000,1542100
1491.0000,1517.4000,1489.7400,1503.0000,601700
1500.0000,1517.0000,1486.0000,1515.0000,881400
1516.0000,1552.0000,1505.0000,1550.0000,767000
1550.0000,1558.0000,1523.0000,1553.0000,801000
1545.0000,1550.0000,1506.0000,1513.0000,675400
1502.0000,1511.7900,1484.5000,1489.0000,464600
1496.0000,1522.0000,1488.0000,1507.0000,592800
1515.0000,1524.0000,1495.0000,1515.0000,613200
1525.0000,1540.0000,1502.0000,1502.0000,760000
1507.0000,1508.0000,1457.0000,1479.0000,1092500
1470.0000,1492.0000,1462.0000,1490.0000,487000
1483.0000,1496.0000,1414.0000,1481.0000,901800
1481.0000,1499.6600,1478.0000,1484.0000,884100
1482.0000,1489.0000,1457.0000,1457.0000,975500
1467.0000,1480.0000,1448.0000,1480.0000,1898600
1455.0000,1470.0000,1411.0000,1456.0000,1115000
1431.0000,1435.2400,1384.0000,1406.0000,1229400
1410.0000,1423.0000,1385.6500,1406.0000,904600
1408.0000,1416.0000,1373.0000,1386.0000,731600
1379.0000,1399.0000,1379.0000,1389.0000,444400
1397.0000,1401.0000,1366.0000,1371.0000,564400
1372.0000,1404.0000,1358.0000,1399.0000,753100
1407.0000,1412.0000,1366.0000,1376.0000,907500
1370.0000,1381.0000,1355.0000,1356.0000,747500
1356.0000,1356.0000,1356.0000,1356.0000,0
1356.0000,1356.0000,1356.0000,1356.0000,0
1356.0000,1372.0000,1351.0000,1366.0000,615400
1356.0000,1356.0000,1294.0000,1306.0000,1490800
1300.0000,1313.0000,1281.0000,1287.0000,1248700
1293.0000,1317.0000,1285.0000,1309.0000,1158000
1316.0000,1329.0000,1287.0000,1319.0000,654400
1322.0000,1358.3400,1322.0000,1354.0000,665300
1360.0000,1376.0000,1317.0000,1323.0000,780000
1320.0000,1320.0000,1270.0000,1291.0000,934800
1287.0000,1309.0000,1269.4200,1273.0000,963900
1253.0000,1254.0000,1044.0000,1080.0000,3464200
1087.0000,1166.0000,1085.6600,1161.0000,1924100
1139.0000,1139.0000,1051.0000,1074.0000,1594600
1060.0000,1114.0000,1045.0000,1086.0000,1847500
1150.0000,1195.3800,1093.0000,1117.0000,1444000
1132.0000,1139.0000,1100.0000,1116.0000,1088700
1111.0000,1123.5000,1071.0000,1092.0000,1145400
1097.0000,1147.0000,1095.0000,1129.0000,1196100
1150.0000,1181.2200,1100.0000,1169.0000,2533600
1167.0000,1180.0000,1138.0000,1153.0000,1090900
1160.0000,1198.0000,1156.0000,1180.0000,992000
1185.0000,1196.0000,1151.0000,1152.0000,1271400
1166.0000,1187.0000,1138.0000,1147.0000,372200
1140.0000,1171.0000,1128.0000,1165.0000,777200
1173.0000,1206.0000,1166.0000,1202.0000,698300
1202.0000,1202.0000,1202.0000,1202.0000,0
1200.0000,1213.0000,1160.0000,1175.0000,1131600
1177.0000,1200.0000,1152.0000,1171.0000,795800
1164.0000,1185.0000,1153.0000,1171.0000,735500
1167.0000,1178.0000,1139.8800,1152.0000,814000
1156.0000,1170.0000,1135.0000,1151.0000,600600
1149.0000,1149.0000,1102.0000,1123.0000,1379900
1120.0000,1126.0000,1104.0000,1120.0000,1162100
1115.0000,1121.0000,1060.0000,1077.0000,1509400
1076.0000,1093.9900,1058.0000,1069.0000,909600
1020.0000,1051.1400,998.5000,1034.0000,614900
1042.0000,1086.0000,1042.0000,1051.0000,1101100
1050.0000,1091.0000,1035.0000,1076.0000,1249400
1051.0000,1083.0000,1046.5000,1080.0000,1156500
1083.0000,1089.6700,1069.0000,1078.0000,808600
1078.0000,1078.0000,1078.0000,1078.0000,0
1097.0000,1102.4399,1073.0000,1083.0000,598700
1078.0000,1097.0000,1056.0000,1089.0000,820300
1088.0000,1164.0000,1088.0000,1156.0000,1202800
1169.0000,1184.0000,1148.0000,1153.0000,1433500
1149.0000,1159.0000,1140.0000,1153.0000,527100
1158.0000,1172.0000,1151.0000,1165.0000,1351600
1155.0000,1167.6200,1113.0000,1116.0000,826500
1116.0000,1133.0000,1109.0000,1115.0000,599100
1118.0000,1176.0000,1115.9200,1144.0000,911300
1133.0000,1142.0000,1117.0000,1118.0000,628900
1104.0000,1108.2000,1047.0000,1076.0000,954300
1077.0000,1089.0000,1057.0000,1069.0000,1067400
1050.0000,1093.3500,1049.0000,1083.0000,542300
1091.0000,1110.0000,1069.0000,1101.0000,565700
1102.0000,1104.0000,1086.0000,1097.0000,598500
1092.0000,1101.0000,1058.0000,1073.0000,522700
1077.0000,1087.0000,1040.4200,1045.0000,576400
1020.0000,1022.8000,957.5000,960.5000,1290100
957.0000,974.5000,910.5000,911.0000,2440000
904.0000,907.5000,876.0000,887.5000,1371600
925.0000,925.0000,892.5000,898.5000,911900
896.0000,896.6880,862.0000,866.5000,1234800
874.0000,898.0000,865.5000,882.0000,1481800
880.0000,887.0000,846.0000,882.0000,1875200
894.0000,922.0000,879.5000,909.5000,1613700
912.5000,930.5000,901.5000,918.5000,1128100
907.5000,917.0000,881.0000,916.5000,1300100
926.5000,947.5000,916.0000,941.5000,710600
945.5000,945.5000,883.5000,886.5000,851100
888.5000,928.0000,877.0000,921.0000,947600
937.5000,962.5000,934.0000,951.0000,862200
915.0000,960.0000,898.6200,903.5000,1307900
964.0000,1023.0000,962.5000,1018.0000,1576700
1015.0000,1015.4400,975.5000,981.0000,901300
983.5000,1021.0000,953.0000,958.5000,759600
964.5000,1023.8000,964.5000,1016.0000,1218900
1012.0000,1073.0000,1012.0000,1042.0000,1283500
1036.0000,1043.0000,1011.0000,1031.0000,780100
1001.0000,1033.0000,995.0000,1029.0000,1129100
1056.0000,1088.0000,1045.0000,1064.0000,908100
1076.0000,1104.0000,1025.5500,1091.0000,711200
1101.0000,1101.0000,1064.0000,1069.0000,1268800
1062.0000,1062.6400,1012.0000,1025.0000,959600
1033.0000,1050.0000,1016.0000,1026.0000,804700
1027.0000,1059.0000,1012.0000,1051.0000,668300
1051.0000,1055.0000,1024.0000,1048.0000,566600
1042.0000,1067.0000,1024.0000,1029.0000,772100
1054.0000,1092.2500,1045.4399,1084.0000,825900
1070.0000,1070.0000,1023.0000,1041.0000,1007300
1031.0000,1044.0000,1017.0000,1037.0000,506200
996.0000,1031.9100,917.0000,924.5000,1973800
905.5000,942.5000,876.0000,932.0000,1260000
932.5000,975.0000,927.5000,957.0000,760800
970.0000,1043.5000,956.5000,1035.0000,1174600
1051.0000,1118.0000,1043.0000,1103.0000,1072000
1108.0000,1175.0000,1104.0000,1165.0000,1251500
1132.0000,1190.4600,1132.0000,1161.0000,997000
1160.0000,1166.0000,1114.9000,1125.0000,773800
1160.0000,1202.4600,1147.0000,1172.0000,1482900
1150.0000,1164.4100,1135.0000,1157.0000,649500
1134.0000,1190.0000,1109.0000,1184.0000,1262800
1180.0000,1180.0000,1152.0000,1164.0000,866600
1163.0000,1228.2700,1152.0000,1215.0000,1092900
1214.0000,1239.0000,1205.6100,1223.0000,772600
1223.0000,1223.0000,1223.0000,1223.0000,0
1210.0000,1333.0000,1210.0000,1310.0000,1459100
1300.0000,1334.0000,1265.3800,1288.0000,1536100
1273.0000,1341.0000,1241.9500,1321.0000,2758200
1318.0000,1350.2500,1278.0000,1303.0000,2013700
1303.0000,1328.4399,1272.0000,1275.0000,1439300
1262.0000,1294.0000,1244.0000,1278.0000,1103000
1285.0000,1314.0000,1258.0000,1263.0000,1251500
1263.0000,1289.0000,1254.0000,1281.0000,1141800
1275.0000,1275.0000,1242.0000,1264.0000,1464000
1269.0000,1309.0000,1264.0000,1269.0000,1203300
1270.0000,1275.0000,1222.0000,1225.0000,1523400
1225.0000,1232.0000,1175.0000,1218.0000,1504200
1218.0000,1233.0000,1180.0000,1194.0000,1417500
1188.0000,1204.0000,1148.0000,1198.0000,1722800
1112.0000,1120.0000,1027.0000,1045.0000,4071000
1036.0000,1063.0000,1033.0000,1041.0000,1505600
1038.0000,1047.8101,1005.0000,1008.0000,1060500
1100.0000,1125.0000,1008.0000,1069.0000,2923300
1061.0000,1067.0000,1028.0000,1033.0000,1825400
1032.0000,1039.6000,1009.0000,1013.0000,811800
1011.0000,1018.0000,963.5000,971.0000,1628000
975.5000,1009.0000,974.6260,1006.0000,1042900
1006.0000,1027.0000,997.7270,1008.0000,1200400
1008.0000,1013.9100,987.5000,1000.0000,1048200
988.0000,997.5000,959.8130,973.0000,942000
970.0000,975.0000,919.0000,924.5000,1228000
915.0000,944.0000,908.0000,935.0000,1088500
950.0000,950.0000,907.0000,910.0000,920900
910.0000,917.0000,888.0000,913.5000,880700
930.5000,935.0000,920.5000,931.5000,809800
933.5000,944.5000,913.5000,942.5000,882600
940.0000,954.5000,924.5000,932.0000,821700
938.5000,946.0000,928.5000,935.5000,727700
940.5000,940.5000,913.5000,927.0000,865900
920.5000,937.0000,916.5840,937.0000,628200
947.5000,958.8500,942.5000,953.0000,1519500
954.0000,962.1880,921.5000,937.5000,924500
928.5000,962.0000,921.0000,952.5000,1039800
970.0000,992.5000,921.0000,988.5000,1375300
989.0000,1000.0000,968.0000,978.0000,1026900
978.5000,1011.6300,961.7500,1006.0000,1253700
1007.0000,1016.0000,992.0000,994.0000,855000
993.5000,1031.2500,991.0000,1022.0000,838500
1035.0000,1050.0000,1025.5699,1037.0000,933200
1047.0000,1050.0000,1011.0000,1042.0000,637400
1038.0000,1042.2000,1009.0000,1019.0000,648200
1013.0000,1025.0000,998.5000,1019.0000,751700
1015.0000,1015.0000,970.0000,975.5000,1066900
979.5000,983.4080,950.0000,957.5000,876100
964.5000,1010.0000,962.4360,1001.0000,941300
1002.0000,1024.0000,999.0000,1002.0000,772200
1001.0000,1008.0000,983.4000,990.0000,568100
984.0000,1021.0000,966.5000,970.0000,1197300
960.5000,972.1510,948.5000,960.5000,917300
961.5000,961.8130,948.0000,952.5000,451900
947.5000,957.5000,910.5000,915.5000,1048300
910.0000,911.5000,898.0000,902.0000,873300
908.0000,918.5000,884.0000,915.0000,1283200
911.0000,945.5000,910.5000,941.5000,1098200
936.5000,939.8400,908.0000,915.5000,622400
910.0000,930.0000,893.0000,913.5000,662900
907.0000,921.5000,901.5000,904.5000,644400
895.0000,895.0000,861.5000,863.5000,1228100
865.0000,868.0000,830.5000,840.5000,1142200
850.0000,859.2750,836.5000,837.5000,653800
835.5000,848.3890,818.0000,818.0000,1087200
818.5000,834.9250,810.0000,812.5000,668400
811.5000,839.5270,806.5000,835.5000,657200
836.0000,856.2970,828.7960,833.0000,883900
826.0000,828.5000,756.7390,760.0000,2025700
756.0000,763.5000,725.5000,744.0000,2259700
743.0000,760.5000,722.5000,739.5000,1504500
743.5000,760.0000,732.0000,740.5000,1252900
743.5000,759.5000,733.2500,757.0000,796600
759.0000,759.0000,727.5000,742.0000,830500
740.0000,765.7900,728.0000,756.0000,1326000
750.5000,767.0000,741.0000,755.5000,1567300
742.5000,752.5000,693.0000,716.0000,1552000
710.5000,724.7600,701.0000,717.5000,924600
709.0000,737.0000,709.0000,728.5000,692100
724.5000,734.5000,710.5000,728.0000,750500
730.0000,743.5000,724.0000,727.0000,678100
723.0000,731.5000,692.7500,698.0000,1689500
696.5000,702.5000,673.0000,697.0000,1576100
701.5000,708.4400,684.7470,703.0000,420300
698.5000,712.1300,698.5000,709.5000,71400
709.5000,709.5000,709.5000,709.5000,0
709.5000,709.5000,709.5000,709.5000,0
713.5000,736.5000,710.5000,735.0000,524300
733.5000,754.1860,732.3680,746.0000,901300
740.0000,754.7600,740.0000,745.5000,203500
745.5000,745.5000,745.5000,745.5000,0
752.5000,765.2330,732.9020,755.0000,1126000
758.0000,773.1400,752.5000,771.5000,661200
772.0000,781.0000,733.5000,735.5000,1386800
739.5000,740.9250,704.5000,705.5000,1303600
706.0000,713.6680,689.5000,692.0000,1107200
697.0000,697.0000,671.0000,674.5000,898200
665.0000,685.5000,658.0000,679.0000,1554000
690.0000,712.0000,682.0000,703.5000,1035900
699.5000,714.5000,691.0000,710.0000,1239200
711.0000,712.8880,685.0000,696.0000,695700
703.0000,738.0000,702.0000,732.5000,2089600
735.5000,747.0000,723.0000,732.0000,1429900
728.0000,777.7390,728.0000,776.5000,2017700
780.0000,786.9310,760.2500,772.5000,1537000
776.0000,788.0000,750.5000,754.5000,1155800
753.5000,794.5000,741.5000,780.0000,1692100
782.0000,814.0000,770.5000,792.0000,1965900
792.5000,814.1210,768.5000,775.0000,1516000
782.0000,793.0000,741.0000,751.0000,1450400
766.5000,790.0000,761.0000,781.5000,1826400
780.0000,785.8410,752.5000,767.0000,1724300
780.0000,788.5000,754.5000,769.5000,1656600
767.0000,792.1000,763.5000,782.0000,1081400
775.0000,782.7600,759.0000,772.5000,942400
771.0000,798.0000,755.0000,792.0000,1077600
795.0000,807.5000,773.5000,782.5000,1143400
785.0000,797.2710,777.0000,792.5000,1085300
801.5000,870.5000,801.5000,862.5000,2916600
876.5000,914.5000,868.0000,911.5000,2518600
916.0000,932.0000,902.2500,914.0000,1735800
914.5000,926.5000,892.5000,922.5000,1719500
932.5000,983.0000,932.5000,971.5000,2368000
971.0000,989.0000,964.5000,974.0000,976500
969.0000,972.0000,954.2500,968.0000,1273200
969.0000,1005.0000,960.9830,992.0000,1423300
970.0000,989.0000,955.2500,985.0000,1338000
989.5000,999.5000,971.5000,991.5000,766400
987.5000,1009.0000,986.5000,997.5000,674900
991.5000,997.4200,953.0000,967.5000,1849500
987.0000,997.0000,950.5000,957.5000,1440000
958.5000,965.5000,936.5000,963.0000,1130700
967.0000,967.0000,944.5000,951.5000,1010300
965.0000,981.0160,951.0000,970.0000,1552000
955.0000,956.0000,865.0000,924.5000,3576600
916.5000,927.0000,899.4600,913.0000,1765100
920.0000,954.0000,920.0000,948.0000,1146700
954.0000,958.0000,903.0000,927.5000,1835300
920.0000,920.0000,890.0000,896.0000,1413400
898.5000,912.0000,878.5000,882.0000,920800
887.5000,904.5000,874.0000,900.0000,1090200
908.5000,918.0000,894.0000,899.5000,1448000
897.0000,943.0000,890.3620,925.5000,1982400
929.0000,930.5000,913.5000,924.5000,942600
906.0000,906.9600,873.5000,880.5000,1637000
884.5000,887.1200,865.0000,876.0000,1161800
872.0000,879.6110,853.9200,866.5000,1107100
871.0000,890.0000,869.0000,885.0000,1458800
883.5000,889.0000,852.0000,852.0000,1438500
855.5000,877.0000,855.0000,876.0000,1546800
880.5000,901.0000,870.5000,872.5000,1181500
868.0000,869.5000,833.5000,837.5000,1489000
843.5000,863.5000,836.5000,850.0000,1108500
853.0000,865.7940,842.0000,843.5000,1111700
844.5000,852.0000,839.5000,846.0000,810300
864.5000,883.0000,856.4260,877.0000,1356500
877.5000,893.0000,859.5000,870.5000,899200
872.5000,898.1780,868.0000,891.0000,1122500
876.0000,892.5000,870.5000,891.0000,820400
891.0000,910.0000,891.0000,905.0000,1217000
907.5000,913.0000,876.0000,884.0000,1053300
887.5000,904.5000,887.0000,899.5000,1221200
898.0000,911.5000,891.0000,908.5000,675200
911.0000,934.0000,911.0000,932.5000,1194800
929.0000,929.5520,900.0000,901.5000,1156900
910.0000,913.5000,879.5000,884.0000,1188100
879.0000,881.7740,848.0000,868.0000,1161300
868.0000,868.0000,868.0000,868.0000,0
868.0000,868.0000,868.0000,868.0000,0
866.0000,874.0000,844.5000,848.0000,1314400
848.0000,854.5000,841.0330,853.0000,1002400
853.5000,866.0000,835.4250,846.0000,1356000
843.5000,856.0000,841.0000,850.0000,707700
849.5000,868.5000,845.5000,864.5000,715000
862.5000,864.0000,838.0000,849.5000,1244100
844.5000,854.2450,836.2790,851.5000,1095800
836.5000,852.5000,826.0000,830.0000,567000
821.0000,841.0000,815.5000,832.0000,1089600
832.0000,832.0000,832.0000,832.0000,0
835.0000,836.6000,817.8600,826.5000,709700
822.5000,827.5000,811.0000,820.0000,1045100
821.5000,822.5000,807.5000,810.0000,811500
809.0000,822.0000,798.5000,816.5000,1145600
827.0000,839.0000,816.0000,832.5000,749500
837.0000,845.0000,818.0000,825.0000,790600
822.5000,840.3090,816.0000,836.5000,804100
839.0000,868.0000,835.5190,860.5000,1689500
858.0000,858.0000,832.0000,836.0000,1245000
837.5000,854.0000,832.5000,846.5000,799500
849.5000,849.5000,829.0000,832.5000,563400
835.5000,835.5000,819.8500,829.5000,575000
833.0000,854.5000,832.5000,845.0000,892700
844.5000,854.5000,832.5000,849.0000,517000
849.0000,849.0000,849.0000,849.0000,0
848.0000,849.5000,816.0000,822.0000,1226800
824.0000,828.5000,810.0000,821.5000,1020800
815.0000,838.5000,811.0000,835.0000,669300
831.0000,831.0000,802.0000,806.0000,3270600
809.5000,815.5000,794.3600,802.0000,887300
802.5000,805.0000,781.5000,785.5000,1050300
784.0000,798.5000,782.5000,790.0000,867200
790.0000,795.5000,776.0000,792.0000,805300
794.0000,794.0000,766.0000,775.5000,2595400
774.5000,791.5000,772.0000,784.0000,741700
784.5000,788.0000,772.0000,787.5000,820500
785.5000,797.0000,785.0000,792.5000,838300
790.0000,804.1320,782.0000,798.0000,974600
796.0000,817.0000,792.7810,807.0000,1462100
809.0000,831.0000,807.5000,822.0000,1049500
821.5000,827.0000,802.0000,823.0000,958700
824.5000,834.5000,817.0000,822.0000,532500
828.0000,842.0000,826.2000,835.0000,781900
846.0000,865.0000,841.5000,847.0000,1608900
850.5000,865.6840,844.0000,861.0000,777200
866.5000,875.7130,858.5000,858.5000,905200
850.0000,862.0000,840.0000,858.0000,975000
861.0000,865.0000,843.5000,861.5000,1173100
866.0000,866.3220,853.5000,855.0000,834100
853.0000,873.5000,853.0000,872.0000,919300
875.5000,908.5000,875.5000,898.5000,1587200
906.0000,916.5000,890.5000,904.5000,930900
913.5000,936.0000,908.9400,933.5000,1309800
939.5000,940.2400,924.2200,928.0000,631400
925.0000,931.0000,912.0000,927.0000,689600
929.5000,945.0000,919.0000,920.5000,739600
925.5000,938.5000,918.5000,929.0000,933500
933.5000,956.0000,931.0000,945.0000,1712900
935.0000,936.5000,916.5000,928.0000,1136400
925.5000,943.5000,915.5000,919.5000,892400
922.5000,946.0000,909.5180,913.5000,904000
920.0000,922.0000,891.0000,917.0000,1401000
918.0000,918.0000,892.0000,901.5000,990500
900.5000,907.5000,893.5000,901.0000,904500
901.5000,919.0000,898.5000,915.5000,619700
915.0000,939.0000,913.5000,937.5000,741700
938.0000,950.4500,929.0000,940.5000,642800
938.5000,940.5000,913.5000,919.0000,827700
918.5000,927.5000,906.5000,920.5000,632500
924.5000,941.0000,920.4550,940.0000,739000
945.0000,959.5000,942.0410,957.5000,995600
957.0000,959.0000,936.1710,940.0000,668000
935.5000,946.5000,924.5000,931.0000,2830700
932.0000,940.5000,908.0000,936.0000,1194300
941.5000,947.5000,929.0000,941.5000,963900
953.0000,953.0000,917.5000,926.5000,1406600
927.5000,987.0000,922.0000,985.0000,2094100
984.5000,1005.0000,974.5000,980.5000,2252800
971.5000,1025.0000,971.5000,1012.0000,1696200
1015.0000,1032.0000,996.5000,1022.0000,902800
1023.0000,1032.9500,1013.1500,1031.0000,778000
1031.0000,1037.0000,1011.0000,1026.0000,808600
1022.0000,1031.1000,1014.7600,1027.0000,519100
1032.0000,1037.0000,1003.0000,1005.0000,891300
1006.0000,1016.0000,1002.0000,1003.0000,543400
1003.0000,1016.0000,969.0000,973.0000,907700
971.0000,980.0000,957.9150,972.5000,838900
963.0000,963.0000,929.5000,938.0000,1417500
935.0000,944.0000,917.9450,921.5000,959300
921.5000,921.5000,921.5000,921.5000,0
922.0000,925.5000,908.5000,912.5000,980600
915.0000,931.5000,914.3700,928.5000,1209500
927.0000,944.0000,912.5000,940.5000,1562000
943.5000,962.5000,934.0000,962.0000,1499600
959.5000,978.0000,959.5000,964.0000,584500
960.0000,966.5000,944.0000,952.5000,1048500
944.5000,959.0000,931.5000,932.0000,1032300
927.0000,930.5000,907.0000,909.5000,1707300
907.0000,907.0000,858.0000,868.0000,2832700
873.0000,879.9000,850.0800,851.5000,958700
850.0000,863.0000,835.5000,844.5000,1155900
841.0000,857.5000,840.5000,842.0000,1019100
843.5000,843.5000,815.0500,819.0000,957700
816.0000,832.2300,814.0000,816.0000,973800
823.0000,829.0000,815.0000,821.0000,777200
818.5000,823.0000,809.0000,812.0000,918700
813.5000,820.5000,798.0000,798.0000,912900
797.0000,801.5000,776.3000,782.5000,1823200
785.0000,794.5000,773.5000,776.5000,1901500
772.0000,772.0000,750.5000,760.0000,1428300
764.0000,778.0580,749.8220,759.0000,2206900
765.0000,788.3790,765.0000,775.5000,1592000
774.0000,774.0000,741.0000,748.0000,2007700
753.5000,768.5000,743.9100,761.5000,1461900
759.5000,762.0000,746.3280,760.5000,1343900
760.0000,769.5410,746.5000,760.0000,1410200
757.0000,757.5170,739.5000,747.0000,1640900
745.5000,755.0000,737.0000,749.5000,1818400
751.0000,758.5000,716.0000,720.0000,2017000
719.0000,753.5090,708.5000,745.5000,1833900
746.5000,758.0000,735.0000,735.5000,1110400
732.5000,738.0000,720.5000,723.5000,1211500
740.0000,777.0000,739.5000,770.0000,3027800
755.0000,758.0000,740.5000,749.0000,2245500
755.0000,780.1800,750.0000,778.5000,1604000
780.0000,797.0000,776.5000,790.5000,1837800
790.0000,804.0000,761.5000,794.0000,2573500
800.0000,821.0000,794.5000,815.0000,2775900
812.5000,823.0000,796.5000,798.0000,2157700
801.5000,810.0000,786.5000,803.0000,1302900
805.0000,813.0000,801.0000,808.5000,1174900
805.0000,808.0000,781.5000,784.0000,1856200
783.0000,799.5000,774.0000,780.5000,2040000
776.0000,789.0000,764.4950,766.5000,1186000
767.0000,770.0000,741.5000,746.0000,1135900
748.0000,763.5290,746.0000,757.5000,817600
756.0000,767.5000,747.0000,749.0000,1147200
740.0000,740.0000,712.0000,716.5000,2135800
713.0000,719.5000,691.0000,697.5000,3072100
696.5000,705.0000,688.5000,695.0000,1758000
692.0000,711.3880,689.0000,697.5000,1238700
693.0000,693.0000,675.5000,684.5000,1811100
680.5000,700.0000,680.5000,699.5000,1745400
702.0000,738.0000,702.0000,734.0000,1668100
735.5000,758.0000,733.0000,735.0000,1715800
731.0000,732.0000,706.1800,729.5000,1051500
724.0000,735.5000,719.0000,729.0000,2185800
729.0000,734.5000,724.2750,726.0000,1201800
724.0000,724.9520,704.0000,720.5000,2361800
719.5000,742.0000,715.2710,736.5000,1833800
740.5000,753.0000,737.5000,747.5000,2187600
747.0000,757.5000,727.5000,731.0000,2024200
726.0000,728.3000,714.4400,725.0000,1561100
727.5000,771.0000,719.5000,763.5000,2109300
758.0000,762.0000,741.0000,746.0000,1231700
744.0000,759.5000,733.5000,747.5000,2731400
752.0000,759.5000,747.5000,755.0000,1540100
752.5000,758.0000,728.5000,731.0000,878300
732.5000,733.0000,702.5000,712.0000,1626600
703.0000,726.3600,682.4280,719.0000,1818200
721.0000,739.7080,714.0000,727.0000,1094600
726.5000,741.0000,716.7100,737.5000,873600
736.0000,739.2750,720.5000,729.5000,1013200
730.0000,732.5000,713.5000,719.5000,886200
719.5000,727.0000,713.0000,715.5000,786500
717.5000,744.5000,707.0000,733.0000,1831100
740.0000,776.5000,736.0000,770.0000,2316000
768.0000,769.0000,734.5000,745.0000,1818600
737.0000,742.0000,723.5000,732.5000,912300
730.5000,742.0000,711.0000,712.0000,1339500
711.5000,726.0000,694.5000,704.5000,2217800
700.5000,713.5000,689.0000,707.5000,1167900
724.0000,735.0000,711.0000,715.5000,1370000
717.5000,743.0000,716.0000,739.0000,1742500
740.5000,753.0000,711.5000,714.0000,1117800
721.0000,727.5000,709.0000,725.5000,911500
730.0000,733.5000,720.5000,730.0000,225400
730.0000,730.0000,730.0000,730.0000,0
730.0000,730.0000,730.0000,730.0000,0
736.0000,762.0000,732.0600,749.5000,924900
745.5000,769.5000,740.0000,768.5000,758000
770.0000,779.9040,757.0000,766.0000,366100
766.0000,766.0000,766.0000,766.0000,0
766.0000,779.0000,756.0000,765.0000,770600
772.0000,799.5000,764.5000,768.5000,1497000
770.0000,799.0000,770.0000,790.5000,1737700
796.5000,800.5000,777.0000,798.0000,1570500
803.0000,828.0000,793.1400,824.5000,1321500
825.5000,825.9280,792.0000,816.0000,1313400
821.0000,832.0000,812.4340,825.5000,1168100
830.5000,843.0000,826.0000,831.5000,1322400
819.0000,822.5000,784.0000,816.0000,1786800
821.0000,860.5000,800.5000,855.0000,3291400
855.5000,888.5000,837.0000,884.5000,1437900
885.0000,894.0000,873.0000,876.0000,849100
876.0000,914.5000,872.0000,911.0000,1577100
914.5000,939.5000,907.0000,924.5000,1783000
928.5000,930.0000,896.5000,915.0000,2023600
910.0000,910.0000,889.0000,897.0000,1184800
892.5000,899.5000,871.5000,896.5000,2682500
896.0000,913.2110,896.0000,910.0000,837600
912.0000,921.0000,893.5000,910.0000,1016100
903.0000,903.0000,860.0000,862.5000,1613300
867.0000,905.0000,867.0000,899.0000,1489300
880.0000,904.4600,873.0000,886.5000,1118000
887.0000,921.0000,874.0000,880.0000,1557000
879.0000,903.0000,860.5000,888.0000,1316200
889.0000,897.0000,873.0000,897.0000,918900
898.0000,908.0000,856.5000,860.0000,1384000
859.5000,899.5000,859.5000,896.0000,1189500
892.0000,898.5000,854.5000,859.5000,1590400
855.0000,867.0000,848.5000,859.0000,1140500
857.0000,880.0000,855.5000,870.5000,987800
865.0000,886.5000,848.5000,879.0000,1134000
859.0000,876.5000,838.0000,840.5000,1540300
836.0000,860.0000,825.5000,835.5000,1345500
825.5000,842.5000,821.0000,839.0000,1212600
836.5000,859.5000,833.9520,836.5000,989600
837.5000,838.0000,824.0000,827.0000,1296000
830.0000,830.0000,795.5000,802.5000,1476200
804.0000,832.5000,795.5000,827.0000,1870200
831.5000,848.5000,822.9200,825.0000,1157200
827.0000,848.5000,820.8120,824.0000,982900
821.5000,825.5000,804.5000,821.0000,1297800
825.0000,840.0000,802.5000,811.5000,1278400
803.0000,804.4760,786.5000,791.5000,2144700
768.5000,773.8800,716.5000,724.5000,3207100
728.0000,743.0000,708.6400,736.5000,1783800
732.5000,735.8600,696.5000,698.5000,1961600
697.0000,713.5000,682.5000,686.0000,1887700
680.5000,685.7500,655.5000,657.0000,2787800
656.0000,660.0000,639.0000,650.0000,2005800
665.0000,678.0000,649.4940,653.5000,2000500
654.0000,664.5000,635.5000,646.5000,1646400
654.0000,655.7500,644.0000,648.5000,1094700
647.0000,665.1800,642.5000,659.0000,4799900
656.0000,662.5000,630.5000,644.0000,1833200
661.0000,688.4100,661.0000,679.0000,2906600
677.0000,712.5000,669.5000,706.5000,2452000
707.0000,710.5000,696.0630,709.5000,2060500
709.0000,720.5000,703.5000,708.0000,1868200
710.0000,719.5000,705.0000,711.0000,1124000
736.0000,749.0000,705.1250,710.5000,2038500
707.0000,712.5000,689.0000,700.0000,1662400
705.5000,711.0000,693.0000,700.5000,2391400
700.0000,703.5000,682.5000,682.5000,1928800
685.0000,704.0000,679.5000,700.0000,2188000
701.0000,709.5000,687.0000,691.5000,1396800
691.5000,691.5000,691.5000,691.5000,0
691.5000,691.5000,691.5000,691.5000,0
697.5000,715.5000,697.5000,705.0000,1438800
706.5000,713.5000,683.5000,686.0000,1524000
684.0000,697.0000,678.0000,691.0000,1240600
692.5000,705.0000,686.0000,703.5000,1563200
704.0000,726.5000,703.5000,709.5000,1282800
706.0000,725.6300,705.0000,722.5000,1343300
726.5000,748.0000,724.0000,738.0000,1309400
742.5000,765.5000,741.0000,743.5000,1715300
739.5000,743.7800,724.5000,728.5000,1657700
732.5000,733.2640,713.0000,716.0000,934300
718.5000,723.0000,706.0000,709.0000,1260800
712.5000,719.0000,696.0000,703.0000,1133600
701.0000,729.0000,686.5000,727.5000,2156200
729.0000,740.0000,720.5000,723.5000,1726000
725.0000,733.0000,710.5000,727.5000,1564700
725.0000,746.6450,720.0000,743.0000,3100400
745.0000,756.5000,738.0000,739.0000,1686400
737.0000,741.5000,711.0000,719.5000,2399300
709.5000,734.5000,709.5000,712.0000,721700
712.0000,712.0000,712.0000,712.0000,0
721.5000,745.5000,714.5000,730.5000,1730600
727.5000,738.0000,719.0000,728.5000,1734600
725.5000,730.5000,699.0000,704.0000,1557300
711.5000,725.0000,699.8750,706.5000,1197800
706.5000,722.5000,699.5000,701.5000,1106400
700.5000,716.5000,693.5000,713.5000,1833500
718.0000,749.5000,710.0000,749.5000,2767300
746.0000,770.0000,738.3260,761.0000,1687200
761.0000,765.5000,735.8600,752.0000,1127300
755.5000,796.0000,755.5000,792.5000,2420800
787.0000,790.5000,761.5000,764.5000,1931900
764.5000,770.0000,755.5000,759.0000,1213500
760.5000,781.0000,752.5000,761.0000,1657200
764.0000,782.0000,759.5000,763.0000,1129500
763.0000,763.0000,763.0000,763.0000,0
760.0000,763.5000,732.5000,736.0000,1707300
738.5000,747.5000,725.5000,743.5000,1056100
746.0000,746.5000,732.0000,740.5000,1098500
743.5000,765.0000,739.0000,759.5000,1967100
764.5000,766.0000,740.5000,754.5000,1378400
753.5000,763.5000,737.5000,757.0000,1243800
752.0000,756.5000,737.0000,746.5000,1079900
737.0000,740.5000,722.5000,724.0000,1239800
722.0000,729.5000,713.0000,719.0000,923600
716.0000,730.0000,708.4380,716.5000,888000
718.0000,727.0000,710.0000,715.0000,1377500
717.0000,741.0000,714.5000,737.5000,1371200
732.5000,739.0000,724.0000,736.0000,1330700
733.5000,742.0000,721.0000,737.0000,957200
751.0000,753.1400,728.5000,733.5000,1383200
732.5000,733.5000,718.5000,720.0000,2098100
719.0000,722.0000,709.0000,712.0000,964900
717.0000,740.7700,715.5000,727.0000,1899700
724.0000,729.5000,712.5000,712.5000,1371000
719.0000,719.0000,699.9930,703.5000,1207400
706.0000,716.0000,703.0000,710.5000,939700
710.0000,720.5000,708.5000,714.5000,630300
712.0000,716.0000,704.5000,707.0000,757700
702.5000,713.5000,697.0000,698.0000,832900
687.5000,705.5000,683.0000,700.5000,978700
697.0000,703.5000,689.5000,694.0000,1382000
695.0000,703.5000,685.7250,690.5000,1070500
686.5000,699.0000,684.0000,688.0000,807700
683.5000,689.7720,680.0000,683.0000,563500
682.5000,689.0000,677.5000,687.0000,648700
687.5000,687.5000,651.0000,655.5000,1118000
652.0000,673.5000,649.0000,665.0000,1149000
671.5000,676.0000,664.0000,669.5000,727700
675.5000,681.5000,667.0000,672.0000,860700
678.5000,680.0000,657.0000,671.5000,848400
670.5000,677.5000,662.0000,676.5000,962700
675.0000,695.0000,674.0000,676.5000,1044600
677.5000,677.9200,663.5000,668.5000,1102300
671.0000,671.0000,653.5000,658.0000,836300
650.5000,650.7200,621.5000,629.0000,1587500
625.5000,657.5000,624.0000,652.0000,1348400
644.5000,644.5000,621.0000,635.0000,2340900
638.0000,654.0000,631.5000,633.5000,1500300
631.0000,643.0000,616.5000,618.5000,1443600
625.0000,636.0000,618.0000,625.5000,1209200
629.0000,632.5000,617.0000,630.0000,1271300
632.0000,647.0000,625.0000,646.0000,1085500
644.5000,649.5000,636.0000,645.0000,1067700
643.5000,649.5000,628.5000,647.0000,1410500
643.5000,646.5000,626.5000,633.0000,1170500
630.0000,655.0000,625.5000,645.0000,1227700
642.0000,663.0000,642.0000,648.0000,1185900
645.5000,654.0000,635.5000,640.5000,1853100
641.5000,654.5000,636.5000,638.0000,4695100
643.0000,650.5000,628.5000,649.5000,1678000
650.0000,673.5000,638.9580,653.0000,2039800
647.5000,666.5000,633.0000,661.5000,2052500
669.5000,672.5000,656.5000,669.5000,2152000
671.0000,682.0000,664.7500,666.5000,1080000
671.0000,676.5000,660.0000,671.0000,946800
674.5000,676.5000,652.5000,659.5000,1182900
658.5000,666.0000,646.5000,648.0000,1120300
648.0000,685.0000,647.0000,684.5000,1768400
679.5000,696.0000,674.0000,681.5000,1924500
664.0000,670.5000,636.0000,644.0000,2119600
647.5000,671.5000,631.5000,639.5000,2186200
633.0000,642.0000,593.0000,594.5000,2792800
601.5000,614.5000,593.5000,612.5000,2177400
615.0000,629.0000,602.5000,620.5000,2117100
620.5000,620.5000,620.5000,620.5000,0
618.0000,622.5000,594.5000,601.5000,1693100
602.5000,613.0000,594.5000,598.5000,1457800
602.0000,631.0000,601.5000,622.0000,1877100
621.0000,625.5000,594.4380,596.0000,1380400
602.0000,616.0000,598.0000,602.5000,723200
607.0000,621.5000,605.0000,619.0000,1068000
630.5000,633.0000,617.0000,618.0000,1200582
615.0000,621.0000,599.5000,607.0000,932568
612.0000,623.5000,593.4600,595.5000,1419874
598.5000,612.5000,584.5000,591.5000,1351199
594.0000,594.0000,569.6200,588.0000,1460941
591.0000,609.4400,577.5000,606.5000,1468222
608.0000,611.0000,590.0000,590.0000,1159262
597.0000,622.5000,597.0000,610.0000,2562042
607.0000,617.5000,597.0000,597.0000,962351
594.5000,600.0000,579.0000,596.5000,1778586
599.0000,611.5000,593.0000,600.5000,983192
602.5000,623.5000,595.0000,621.0000,1653672
631.0000,632.0000,612.5000,618.5000,1456337
