143.0000,150.5000,140.0000,150.5000,31081700
153.0000,159.2500,153.0000,157.5000,6808100
160.0000,174.0000,159.0000,171.5000,4931400
174.0000,205.0000,174.0000,185.0000,13616100
187.0000,202.0000,183.0000,195.0000,5087900
200.0000,215.0000,200.0000,213.5000,6760600
215.0000,218.0000,208.0000,208.0000,5800100
207.0000,207.0000,185.0000,193.0000,1599700
188.0000,188.0000,169.0000,172.0000,2045700
170.0000,185.0000,168.0000,180.0000,1432000
181.0000,192.7500,179.7500,185.0000,3198200
178.0000,185.0000,178.0000,183.0000,135100
185.0000,189.0000,183.0000,185.2500,265900
185.0000,190.0000,185.0000,188.0000,289500
186.0000,193.0000,183.0000,185.0000,1640400
189.0000,190.0000,188.7500,190.0000,26800
185.0000,199.0000,185.0000,191.0000,97600
195.0000,195.0000,189.0000,189.5000,474600
189.5000,190.0000,174.0000,187.7500,52900
187.0000,187.0000,184.0000,185.5000,259800
186.0000,187.0000,180.0000,185.0000,167500
185.0000,185.0000,184.0000,184.5000,65900
184.0000,185.2500,182.0000,184.0000,41600
184.0000,185.5000,184.0000,185.5000,240600
184.0000,185.2500,184.0000,185.2500,704100
187.0000,195.0000,187.0000,189.7500,663600
190.0000,193.0000,187.0000,188.5000,3123500
190.0000,195.0000,188.0000,189.0000,5432000
192.0000,192.0000,187.0000,188.5000,78900
190.0000,192.0000,187.7500,188.5000,141000
186.0000,188.0000,186.0000,186.0000,332800
189.0000,192.0000,189.0000,191.7500,61800
190.0000,191.2500,185.7500,191.2500,164000
186.0000,190.0000,185.0000,185.0000,174100
186.5000,188.0000,179.0000,179.0000,116500
183.0000,183.0000,177.0000,180.0000,1636200
181.0000,183.0000,180.0000,183.0000,8600
183.0000,183.5000,181.7500,183.5000,13300
184.0000,185.0000,183.0000,184.2500,84700
185.2500,202.0000,185.2500,197.0000,2589600
193.0000,193.0000,190.0000,192.0000,1612800
193.0000,193.0000,190.0000,191.2500,0
190.0000,193.0000,190.0000,191.5000,1340400
193.0000,193.0000,185.0000,191.0000,268600
185.0000,187.0000,180.0000,187.0000,867700
185.0000,187.0000,175.0000,182.5000,2832800
184.7500,185.0000,180.0000,184.5000,256900
180.0000,187.0000,179.0000,181.0000,708200
185.0000,193.0000,183.0000,193.0000,21600
193.0000,193.0000,189.7500,189.7500,17900
193.0000,193.0000,186.0000,190.5000,20900
190.0000,190.0000,186.0000,186.0000,17700
185.0000,190.0000,185.0000,188.0000,72100
187.0000,190.0000,187.0000,189.5000,46100
192.0000,192.0000,189.0000,189.0000,13400
192.0000,192.0000,186.0000,189.5000,92400
186.0000,190.0000,186.0000,188.0000,0
190.0000,200.0000,188.0000,199.5000,1072300
197.2500,216.7500,194.0000,215.0000,10412200
210.0000,220.0000,210.0000,219.0000,418700
212.0000,219.0000,212.0000,219.0000,362300
225.0000,239.7500,220.0000,225.0000,407600
229.5000,235.0000,229.5000,230.1000,66700
235.0000,252.0000,235.0000,252.0000,416400
260.0000,260.0000,245.0000,256.0000,1025300
258.0000,258.0000,245.0000,245.0000,1310400
248.0000,250.0000,245.0000,250.0000,293700
250.0000,262.5000,250.0000,259.5000,1994400
260.0000,260.0000,254.0000,254.7500,4740900
255.0000,255.0000,243.0000,252.0000,7251700
251.7500,255.0000,251.0000,253.0000,793100
252.2500,256.0000,252.2500,254.0000,5052200
257.7500,257.7500,250.0000,254.7500,489500
258.0000,277.0000,254.0000,254.0000,6136700
258.2500,262.0000,258.0000,260.0000,16482100
257.5000,260.0000,252.0000,254.2500,16292800
260.0000,279.0000,260.0000,261.0000,3786000
262.0000,262.0000,256.7500,257.2500,1333000
254.0000,256.0000,226.7500,251.0000,7856200
250.0000,254.0000,241.7500,248.5000,1823800
251.0000,252.5000,248.0000,249.2500,482900
246.5000,248.7500,245.0000,247.7500,1792000
250.5000,250.5000,245.0000,247.0000,1065500
247.7500,250.5000,245.7500,249.0000,4768800
248.0000,250.0000,245.0000,250.0000,3559200
250.7500,250.7500,245.0000,246.0000,601100
245.0000,249.0000,245.0000,248.7500,192000
247.0000,250.0000,247.0000,249.5000,1652200
250.0000,250.5000,245.2500,250.5000,192900
244.7500,245.7500,244.0000,245.0000,172100
239.7500,246.5000,239.7500,245.0000,3028500
243.5000,248.0000,243.5000,247.0000,176600
244.0000,248.7500,244.0000,245.7500,353200
249.7500,252.0000,246.2500,251.0000,745500
253.0000,255.0000,248.2500,250.0000,547000
253.0000,256.5000,250.2500,252.0000,2236700
250.2500,255.0000,249.0000,251.0000,916100
252.0000,252.0000,247.7500,248.0000,87900
248.0000,252.0000,239.2500,243.7500,194700
240.0000,241.7500,237.0000,241.7500,354300
238.0000,248.0000,238.0000,245.0000,170400
243.0000,248.7500,240.5000,248.7500,824800
249.0000,250.0000,243.0000,243.2500,98500
241.0000,251.0000,241.0000,249.0000,11615000
249.7500,250.2500,246.0000,247.0000,1305800
243.0000,251.7500,243.0000,247.0000,2563300
250.0000,250.0000,240.0000,247.0000,299900
250.0000,251.0000,247.0000,248.7500,640800
250.7500,250.7500,243.0000,244.0000,438200
241.7500,247.7500,230.0000,235.0000,83700
230.0000,232.5000,204.0000,205.0000,773400
208.7500,209.0000,198.0000,206.2500,941600
206.2500,209.2500,201.0000,203.5000,519300
206.5000,230.0000,205.5000,224.0000,5394700
227.0000,244.0000,224.7500,242.2500,388500
245.7500,250.5000,240.2500,246.2500,1423500
246.2500,246.2500,240.0000,244.5000,210700
246.5000,246.5000,237.0000,240.0000,249000
238.7500,242.7500,237.0000,238.7500,475500
241.7500,254.0000,239.5000,240.0000,910600
240.5000,247.5000,240.5000,242.0000,1059100
242.0000,246.0000,231.2500,238.2500,290300
241.7500,242.7500,235.0000,238.7500,7392300
240.7500,247.0000,239.5000,241.0000,934000
245.7500,254.0000,240.2500,246.2500,1062600
245.0000,246.7500,235.7500,240.5000,332400
237.7500,240.0000,232.5000,239.2500,297400
233.7500,239.0000,229.0000,232.5000,527600
231.5000,235.0000,217.2500,226.7500,654500
229.0000,231.7500,223.7500,228.5000,212900
225.0000,225.0000,210.5000,219.0000,319400
215.0000,217.2500,212.2500,215.0000,192000
218.0000,224.7500,215.0000,222.7500,1328700
224.7500,229.0000,224.5000,228.7500,244000
231.2500,231.2500,226.0000,230.0000,581700
231.0000,234.7500,227.0000,230.0000,77500
226.2500,231.2500,222.0000,224.7500,630200
222.2500,228.2500,222.2500,224.0000,61000
224.0000,230.2500,224.0000,230.2500,4321900
226.2500,241.5000,226.2500,238.5000,336800
235.0000,245.5000,232.0000,235.5000,1006100
235.5000,238.0000,228.5000,229.7500,461400
226.0000,232.0000,223.0000,228.7500,247200
230.0000,230.0000,226.2500,226.7500,195600
222.2500,227.0000,218.2500,219.2500,214100
222.5000,223.5000,212.0000,212.0000,462200
215.5000,223.0000,215.0000,221.0000,3512800
222.0000,245.7500,222.0000,241.0000,3718100
245.0000,247.0000,239.5000,241.0000,846900
236.5000,244.7500,236.0000,242.7500,753800
245.0000,259.0000,244.7500,251.2500,2017200
252.7500,254.0000,248.2500,251.0000,794000
245.7500,253.0000,232.7500,237.0000,484400
235.0000,235.0000,211.7500,212.0000,831900
219.0000,236.5000,201.2500,203.0000,1170900
210.0000,230.0000,210.0000,220.0000,1140400
225.0000,232.5000,222.5000,225.5000,373600
222.0000,228.7500,222.0000,224.2500,1621900
227.7500,246.5000,227.7500,246.5000,591300
247.0000,250.5000,243.7500,249.0000,302500
250.0000,250.0000,240.0000,241.2500,624700
252.5000,272.0000,249.0000,270.0000,871100
268.0000,269.2500,255.0000,257.0000,413500
262.0000,274.2500,259.2500,263.0000,906700
257.0000,271.0000,254.2500,259.0000,585400
265.0000,265.0000,248.2500,260.0000,415300
263.7500,273.0000,260.0000,273.0000,579600
266.0000,292.0000,266.0000,284.5000,636600
288.0000,291.5000,276.0000,287.2500,782900
285.7500,291.0000,282.5000,288.7500,579000
290.0000,296.5000,286.2500,289.5000,804900
289.2500,295.0000,288.0000,290.7500,247300
295.0000,313.7500,295.0000,305.0000,237100
300.7500,311.0000,300.7500,307.7500,204000
303.0000,318.0000,303.0000,311.5000,380700
314.2500,340.0000,314.2500,328.0000,984500
323.5000,357.5000,323.5000,330.0000,1074300
339.7500,345.0000,331.7500,338.0000,1085700
342.0000,342.0000,308.0000,323.0000,810200
331.0000,331.5000,317.5000,323.0000,491500
326.2500,326.2500,317.0000,321.5000,126000
329.2500,332.7500,319.0000,332.0000,404100
331.0000,331.0000,325.0000,327.7500,627400
335.7500,352.7500,331.0000,347.0000,753600
352.7500,372.0000,352.5000,361.0000,449400
369.7500,369.7500,345.0000,345.5000,434400
339.0000,344.0000,312.7500,334.2500,835700
344.0000,344.0000,320.7500,320.7500,256000
321.0000,326.0000,307.7500,318.0000,1021300
327.5000,338.5000,327.0000,334.5000,914000
331.2500,335.0000,325.0000,332.5000,323800
330.0000,340.7500,323.7500,323.7500,358400
319.7500,319.7500,280.7500,289.0000,0
299.7500,314.0000,288.2500,305.2500,1110300
308.5000,308.5000,301.2500,303.2500,558800
298.5000,311.2500,295.0000,301.5000,1098200
311.7500,323.2500,311.7500,320.0000,513000
322.0000,344.0000,322.0000,330.5000,468800
330.0000,345.0000,328.2500,340.0000,1690400
342.7500,350.0000,338.7500,350.0000,1930500
346.0000,354.0000,339.2500,354.0000,1286500
350.0000,356.5000,347.0000,356.5000,1078400
352.2500,353.0000,323.0000,335.0000,1266600
335.0000,335.5000,323.0000,329.0000,528600
328.0000,340.0000,327.0000,336.0000,379300
337.0000,354.5000,337.0000,343.7500,2864700
341.0000,346.5000,341.0000,345.0000,848500
345.7500,348.0000,336.2500,345.0000,879300
347.0000,347.0000,336.0000,345.0000,5559500
345.0000,350.0000,337.7500,344.2500,7883200
339.0000,345.0000,335.0000,344.0000,309800
344.5000,355.0000,344.0000,350.0000,2675500
351.5000,355.2500,349.0000,351.0000,894900
358.0000,389.0000,357.7500,377.0000,2734100
370.0000,395.0000,370.0000,375.0000,1632200
378.5000,390.2500,376.0000,378.0000,0
379.2500,384.5000,369.0000,372.0000,0
375.0000,379.0000,368.0000,373.0000,0
375.0000,375.0000,367.0000,368.0000,0
367.7500,375.0000,360.5000,365.0000,0
368.0000,374.0000,364.2500,367.5000,0
364.0000,370.0000,362.5000,363.0000,0
366.0000,366.0000,352.5000,355.0000,0
358.2500,369.7500,345.7500,363.5000,0
368.0000,368.0000,358.5000,362.7500,0
368.0000,380.7500,367.0000,375.7500,0
378.5000,378.5000,366.2500,367.7500,0
369.2500,375.5000,366.2500,374.5000,0
374.7500,378.5000,367.5000,373.0000,0
372.7500,382.7500,367.7500,379.7500,0
383.7500,386.7500,376.2500,377.7500,0
381.0000,404.0000,380.0000,398.0000,0
399.2500,399.2500,375.0000,394.2500,0
394.0000,410.5000,394.0000,410.5000,0
408.0000,417.5000,408.0000,417.5000,0
415.0000,415.0000,374.7500,385.7500,0
389.5000,390.0000,366.0000,383.2500,0
378.5000,390.0000,375.0000,384.7500,0
382.0000,385.5000,369.0000,372.7500,0
379.0000,379.0000,368.7500,374.0000,0
373.5000,373.5000,355.2500,368.0000,0
368.2500,381.7500,368.2500,381.2500,0
384.2500,388.0000,381.0000,384.7500,0
384.0000,398.0000,372.0000,395.0000,0
399.0000,399.0000,383.0000,391.0000,0
390.7500,403.2500,387.0000,398.5000,0
400.5000,409.7500,396.5000,407.0000,0
408.7500,447.0000,408.7500,433.7500,0
436.5000,452.5000,435.0000,442.2500,0
438.0000,474.2500,433.2500,455.5000,0
460.5000,484.5000,445.0000,448.0000,0
445.0000,450.2500,421.5000,440.0000,0
435.0000,435.0000,411.0000,425.2500,0
423.7500,423.7500,410.0000,411.7500,0
415.0000,440.0000,408.0000,426.0000,0
422.2500,438.5000,417.0000,435.0000,0
440.0000,440.0000,412.2500,428.0000,0
426.5000,433.0000,409.0000,409.0000,0
410.7500,412.0000,393.7500,400.0000,0
401.5000,418.0000,398.0000,416.7500,0
419.0000,422.2500,409.5000,417.7500,0
415.0000,418.2500,400.0000,400.0000,0
400.0000,408.0000,381.5000,395.0000,0
395.7500,397.2500,386.5000,395.0000,0
390.5000,390.5000,350.2500,359.0000,0
360.0000,371.2500,342.7500,343.0000,0
337.0000,342.2500,315.0000,332.5000,0
331.7500,331.7500,318.7500,328.0000,0
333.0000,353.2500,328.0000,350.5000,0
343.7500,344.5000,323.2500,326.2500,0
328.5000,335.2500,320.5000,329.5000,0
326.5000,331.2500,302.0000,311.7500,1676800
320.0000,328.0000,313.7500,319.2500,955700
318.2500,324.7500,314.7500,315.7500,0
314.2500,316.7500,298.0000,298.0000,669200
299.7500,299.7500,289.0000,293.0000,859500
300.0000,302.9300,289.5000,294.2500,1521300
293.2500,293.2800,263.0000,270.0000,1823400
271.7500,294.7500,270.2500,290.5000,1709900
281.0000,294.7500,274.2500,275.5000,975800
281.5000,281.5000,263.2500,263.2500,952400
266.2500,266.2500,251.5000,253.0000,3641500
251.7500,265.5000,248.7700,263.2500,1923000
260.5000,269.7500,260.5000,269.7500,1027100
265.2500,269.2500,260.5000,264.2500,390100
265.7500,296.7500,263.0000,295.2500,1119300
293.0000,299.5000,279.2500,288.2500,1017600
283.5000,286.2500,271.0000,275.2500,1125900
275.7500,277.6000,262.0000,268.5000,1159400
266.5000,270.5000,240.0000,257.0000,1033500
259.0000,280.7500,258.5000,266.7500,821700
265.0000,279.5000,265.0000,276.0000,573500
274.0000,276.7500,258.7500,260.2500,1162400
259.2500,262.2500,243.7500,244.7500,1322000
242.7500,244.0000,230.0200,234.5000,883000
232.2500,246.2500,225.0000,226.0000,1079800
228.7500,240.0000,227.7500,235.0000,1158600
234.2500,247.7500,229.7700,245.0000,1003800
243.5000,246.0000,235.2500,238.2500,991700
235.0000,239.5000,230.2500,238.2500,1206200
238.7500,252.5000,238.7500,248.7500,973700
245.7500,255.2750,245.7500,253.2500,735900
253.5000,269.2500,253.5000,268.0000,892100
268.0000,268.0000,268.0000,268.0000,0
267.2500,267.2500,240.0000,244.5000,1521700
246.0000,248.5000,240.0000,244.5000,822100
244.0000,250.2300,240.0000,247.7500,445500
247.0000,262.7500,247.0000,256.7500,1278100
253.5000,254.7500,248.7500,251.7500,415100
251.0000,254.7500,235.7500,249.7500,1109600
243.7500,249.5000,210.0000,211.2500,3122800
209.0000,217.0000,196.0000,198.0000,3060300
197.5000,204.0000,172.1000,184.0000,3452400
191.0000,195.0000,185.5000,185.5000,349200
185.5000,186.8000,171.2000,172.1000,2601500
170.9000,175.6000,160.7000,165.0000,2478200
165.0000,176.9000,157.7000,166.3000,1985300
170.3000,175.0000,166.5000,173.0000,3034900
169.3000,171.8000,163.0000,167.3000,2950900
165.3000,178.7000,158.1000,161.3000,21143500
165.1000,171.3000,160.3500,168.2000,2089700
168.1000,174.0000,162.5000,164.0000,4879400
167.0000,198.0000,165.8000,180.6000,7027000
164.0000,204.0000,163.7000,200.2500,1446000
189.2500,205.0000,175.0000,180.2500,1158200
190.5000,192.5000,170.2500,172.5000,1323800
182.0000,184.0000,170.0000,172.0000,1146500
172.0000,180.6960,160.0000,166.7500,1783100
173.2500,173.2500,150.5000,153.5000,1032100
148.5000,167.0000,144.2500,157.0000,1166200
162.0000,163.0000,132.2500,132.5000,1397800
136.7500,148.7630,110.0000,118.7500,2006100
112.7500,121.0200,109.0000,117.5000,1043200
106.0000,116.5000,83.0000,115.0000,124440000
118.2500,118.7500,104.7500,114.0000,831000
109.2500,116.5000,91.0000,96.0000,1311000
101.7500,108.7500,93.5000,94.7500,2070100
75.0000,91.7500,75.0000,83.5000,899000
95.0000,95.0000,82.0000,90.5000,1584900
91.7500,112.5000,91.7500,99.7500,930800
100.0000,106.5000,81.5000,83.5000,1095100
79.2500,82.7500,68.2500,71.0000,3275200
74.0000,82.0000,71.0000,77.0000,4172300
81.2500,82.0000,73.2500,77.0000,1513100
80.0000,82.0000,76.5000,78.0000,1262900
75.2500,78.7500,68.2500,72.0000,1990500
74.0000,74.0000,67.5000,69.7500,1022100
68.7500,69.2500,61.0000,63.2500,1230500
60.7500,60.7500,49.7500,50.0000,1348300
53.5000,53.7500,40.7500,53.0000,3195500
55.2500,59.7500,38.0000,39.5000,4445600
39.2500,43.0000,37.2500,39.0000,3005000
39.0000,41.0000,37.5000,38.5000,2058000
40.0000,41.0000,35.0000,35.7500,1971900
37.0000,45.5000,35.0000,43.0000,4612100
45.0000,45.0000,37.2500,37.5000,1715500
38.0000,42.0000,33.2500,33.7500,1898400
35.5000,39.2500,33.0000,36.0000,1443700
37.5000,42.2500,37.0000,40.0000,1562800
40.7500,40.7500,34.0000,36.0000,1108400
36.0000,37.5000,32.5000,34.0000,818700
32.7500,34.7500,30.5000,31.0000,606100
32.2500,34.0000,29.5000,29.5000,592400
30.0000,30.0000,27.5000,29.5000,644900
28.2500,30.0000,26.7500,27.2500,656600
28.0000,29.7500,25.7500,26.0000,1020700
25.5000,26.5000,22.5000,22.5000,971000
23.0000,24.7500,21.5000,21.5000,968600
23.0000,27.2500,22.0000,25.5000,2194000
26.0000,31.7500,26.0000,29.5000,1831200
29.0000,30.0000,28.0000,29.2500,672500
30.0000,33.0000,29.5000,33.0000,939700
33.0000,33.7500,32.0000,32.7500,767200
33.0000,34.5000,27.0000,28.2500,526000
27.5000,29.2500,25.5000,27.0000,1006800
27.0000,27.7500,25.2500,27.5000,505500
27.5000,29.2500,25.7500,27.7500,552700
27.5000,28.2500,25.5000,28.0000,390700
28.2500,37.2500,28.2500,37.2500,1743700
34.7500,35.5000,32.7500,34.7500,1662500
34.7500,36.2500,34.2500,36.2500,536600
36.2500,37.2500,34.2500,37.2500,434100
35.7500,35.7500,30.7500,32.0000,958600
33.0000,33.5000,28.7500,30.0000,650700
30.0000,30.7500,29.2500,30.0000,833600
30.5000,30.7500,29.5000,29.7500,0
29.7500,30.0000,29.0000,29.2500,423700
30.0000,30.7500,27.0000,27.0000,1498600
29.0000,29.0000,27.7500,28.0000,793300
29.0000,29.0000,27.5000,28.7500,381800
29.0000,29.5000,27.2500,29.5000,88000
29.5000,29.5000,29.5000,29.5000,0
29.5000,29.5000,29.5000,29.5000,0
30.0000,33.7500,28.2500,33.0000,3221400
33.7500,34.7500,31.7500,33.0000,1650900
32.5000,33.0000,30.0000,30.0000,232800
30.0000,30.0000,30.0000,30.0000,0
32.0000,33.5000,31.0000,32.7500,409900
32.0000,36.2500,31.0000,35.2500,380400
35.2500,38.5000,34.0000,37.5000,1040700
38.5000,38.5000,35.0000,35.0000,263400
35.0000,35.0000,32.7500,34.0000,573900
34.2500,35.5000,33.2500,35.0000,772500
35.0000,38.7500,34.0000,38.2500,2213100
37.0000,43.0000,36.5000,43.0000,1323600
43.5000,47.2500,41.5000,45.5000,5158300
46.0000,48.2500,42.5000,48.2500,699600
48.0000,52.0000,48.0000,50.0000,1924600
52.0000,53.5000,50.0000,53.5000,579400
53.5000,56.2500,51.5000,56.2500,1140600
55.7500,58.7500,55.0000,58.7500,714400
57.0000,61.2500,57.0000,59.7500,734700
59.2500,61.2500,48.0000,49.2500,1771900
51.7500,54.2500,50.0000,52.2500,1001800
52.2500,54.7500,51.5000,53.2500,965500
53.0000,55.5000,52.2500,53.2500,997300
53.0000,53.0000,48.2500,50.2500,902700
50.7500,50.7500,48.2500,49.5000,1984400
50.0000,51.0000,47.5000,50.7500,821500
51.0000,58.0000,51.0000,57.0000,0
57.0000,58.7500,54.2500,55.0000,0
55.7500,61.2500,54.7500,61.2500,0
61.0000,74.7500,60.5000,72.2500,1425100
72.7500,78.2500,70.2500,77.0000,832500
77.0000,77.5000,66.0000,66.0000,473000
69.0000,72.2500,62.0000,71.0000,789600
68.0000,72.2500,68.0000,72.2500,638600
72.0000,73.0000,70.0000,70.5000,593000
71.0000,71.0000,65.2500,69.2500,357100
66.5000,66.5000,62.7500,65.0000,447000
63.5000,65.0000,59.2500,63.0000,410100
61.0000,65.0000,61.0000,62.7500,311900
61.0000,61.0000,54.5000,55.7500,769100
60.0000,60.0000,54.2500,57.2500,393100
58.5000,59.2500,55.0000,59.2500,371300
61.0000,64.5300,61.0000,63.2500,502400
63.5000,64.0000,60.0000,60.7500,478300
59.0000,60.2400,57.0000,57.7500,270500
56.5000,56.5000,52.0000,53.5000,345500
52.0000,53.5000,50.5000,51.7500,475600
53.5000,54.0000,51.5000,53.0000,1732600
53.2500,54.5000,50.5000,50.5000,260300
52.7500,53.7500,47.5000,48.0000,756400
47.0000,47.7500,44.7500,47.0000,1082300
46.0000,50.0000,46.0000,49.5000,924000
49.5000,53.5000,49.5000,52.5000,611100
52.7500,53.5000,51.7500,52.2500,491000
52.5000,54.2500,52.5000,54.0000,648400
54.2500,54.5000,53.5000,53.7500,326500
53.7500,54.7500,53.2500,54.2500,795000
54.2500,54.5000,51.0000,53.5000,348700
53.0000,58.0000,53.0000,57.2500,1682900
56.7500,59.2500,55.0000,59.2500,780000
57.5000,66.0000,57.5000,66.0000,715900
66.7500,71.5000,60.2500,62.0000,1516000
61.5000,61.5000,57.5000,59.0000,1032500
59.5000,59.5000,53.0000,56.7500,1227200
57.0000,61.2500,56.7500,59.7500,526000
59.5000,60.0000,55.7500,56.5000,689300
57.0000,57.0000,55.5000,55.7500,840900
56.7500,57.7500,55.7500,57.0000,556700
59.2500,60.0000,57.0000,59.7500,692100
59.7500,62.7500,58.0000,61.5000,1392500
64.0000,64.0000,61.0000,61.7500,642600
62.0000,62.7500,59.2500,61.0000,685900
61.5000,62.7500,59.2500,62.0000,643100
60.2500,66.0000,60.0000,66.0000,799000
66.0000,66.0000,66.0000,66.0000,0
66.0000,66.0000,66.0000,66.0000,0
67.0000,77.2200,66.5000,77.0000,1646600
75.0000,80.0000,72.5000,79.2500,941600
81.5000,89.0000,81.5000,87.0000,1335300
87.0000,91.0000,85.6000,89.0000,713100
91.2500,91.2500,81.0000,83.0000,1725100
80.5000,85.2500,79.7500,85.0000,950000
83.5000,95.0000,83.5000,95.0000,1203200
94.0000,104.7500,94.0000,104.5000,978500
104.0000,122.2500,101.7500,122.2500,1602700
116.0000,134.5000,113.5000,131.5000,1968900
126.0000,136.5000,124.0000,134.5000,1905000
135.0000,144.2500,135.0000,143.2500,1487700
143.0000,152.7500,138.0000,147.0000,1251400
148.0000,150.0000,138.7500,150.0000,894600
150.0000,150.0000,150.0000,150.0000,0
152.5000,169.2500,152.5000,167.2500,1873700
168.0000,184.7500,162.7500,172.7500,1678500
173.0000,179.5000,163.4700,165.2500,4662300
165.0000,168.5000,158.7500,162.0000,1413000
162.0000,162.0000,143.0000,146.7500,1669600
142.0000,147.7500,134.0000,138.7500,1603400
144.7500,147.5000,136.0000,137.0000,1183100
140.0000,141.5000,131.5000,138.5000,1019100
138.7500,146.7500,138.7500,145.7500,1213600
145.5000,147.5000,139.2500,146.0000,761400
146.0000,158.0000,146.0000,158.0000,1457000
159.0000,166.7500,156.0000,166.0000,1715500
166.0000,167.5000,155.5000,157.7500,691300
158.0000,166.7500,158.0000,165.7500,660000
165.7500,165.7500,165.7500,165.7500,0
170.0000,170.0000,158.5000,161.7500,1114400
169.7500,169.7500,160.2500,166.0000,934700
164.0000,164.2740,156.7500,161.7500,1237600
162.7500,164.5000,161.2500,162.0000,546500
166.5000,176.0000,165.1000,176.0000,746200
172.5000,178.0000,168.7500,175.2500,1147300
173.0000,173.7500,164.5000,168.5000,762500
166.0000,173.7500,161.7500,164.7500,849800
168.2500,172.0000,163.7500,172.0000,927400
170.2500,171.1250,163.0000,163.0000,542500
163.0000,169.5000,159.0000,161.5000,1416700
163.5000,169.2500,163.5000,165.5000,635400
163.5000,167.2500,163.5000,166.7500,759600
165.5000,165.5000,160.7500,162.7500,1195400
163.0000,163.0000,149.6000,151.2500,1868100
150.5000,154.5000,141.5000,151.2500,2163700
151.2500,152.5000,132.0000,135.5000,2529000
137.0000,143.0000,127.5000,129.0000,1053500
127.0000,133.5000,127.0000,128.7500,1719300
128.0000,130.7500,123.0000,123.7500,822300
123.2500,135.2500,119.5000,135.2500,1122900
134.0000,138.7500,131.2500,136.7500,852400
137.0000,141.7500,136.0000,141.7500,656500
143.0000,145.0000,139.8900,142.0000,661200
140.5000,143.0000,136.7500,139.0000,473000
137.2500,141.2500,130.5000,134.2500,783200
134.7500,138.0000,132.2500,137.2500,348600
138.2500,139.0000,128.7500,130.7500,474500
130.0000,131.2500,126.2500,127.5000,255300
128.2500,129.0000,119.2500,124.7500,459800
127.2500,132.7500,122.0000,129.5000,400700
129.0000,129.9180,117.7500,119.2500,546900
121.0000,127.0000,120.7500,122.5000,473600
123.7500,128.0000,118.5000,118.5000,373300
117.5000,119.0000,112.0000,115.5000,721200
117.5000,139.5000,116.7500,139.5000,1509700
141.0000,150.7500,141.0000,149.5000,1234900
151.5000,151.5000,136.0000,140.2500,572700
140.5000,142.2000,135.2500,140.2500,637600
143.7500,144.5000,142.0000,143.0000,497000
142.2500,144.7500,140.7500,143.0000,386600
142.0000,143.0000,138.0000,140.5000,368000
142.2500,149.0000,139.5000,148.2500,1295200
146.2500,156.5000,146.0000,149.5000,771500
150.5000,152.5000,145.7500,145.7500,459400
147.2500,149.0000,138.0000,141.0000,690000
141.5000,141.5000,138.0000,138.2500,366000
138.0000,144.0000,138.0000,142.5000,550000
139.5000,143.2500,138.5000,142.0000,465100
142.5000,160.0000,142.5000,160.0000,950300
159.9000,160.0000,150.3200,158.5000,623000
156.0000,188.0000,156.0000,179.0000,1933200
178.9000,190.0000,173.3310,175.4000,676000
173.7000,176.7000,167.0000,176.7000,400200
176.4000,176.4000,171.6000,176.2000,642100
175.0000,185.0090,165.6000,165.6000,876300
164.0000,166.1760,157.1000,161.2000,787700
162.6000,177.4000,162.5000,169.0000,986500
168.0000,177.0000,168.0000,171.0000,662900
166.4000,170.7000,158.5000,159.6000,122500
160.0000,164.6000,160.0000,161.6000,603100
161.0000,162.5000,158.4000,161.0000,275700
166.5000,168.3000,161.3000,167.0000,768400
166.2000,168.0090,162.1000,164.4000,731100
165.0000,169.8000,161.9140,167.0000,880400
166.8000,167.0000,161.0700,166.0000,875000
165.0000,168.9000,154.1000,155.2000,863200
154.5000,160.0000,147.7000,150.3000,1031700
153.1000,158.2000,151.5000,155.9000,474500
155.9000,155.9000,155.9000,155.9000,0
158.7000,158.7000,145.6000,145.8000,579600
146.5000,148.6760,138.9550,142.1000,746900
145.0000,147.3000,140.3100,142.6000,1029700
144.9000,152.7000,144.0000,152.7000,1214300
152.0000,157.0000,150.0140,152.0000,514300
149.3000,157.0000,149.0000,154.9000,887500
151.4000,154.0000,148.9250,152.0000,626300
150.7000,155.7400,148.0000,151.4000,386900
150.4000,153.0000,149.0000,150.7000,486800
150.4000,152.0000,142.3000,146.4000,505900
145.8000,152.0000,142.0000,143.2000,1130700
145.0000,153.0000,145.0000,151.9000,1259200
153.7000,164.3000,152.0000,162.8000,2243300
160.0000,161.5680,153.9000,159.5000,1322100
158.5000,162.0000,151.7000,152.9000,744200
155.2000,159.8000,148.4320,153.6000,389200
154.8000,160.8000,149.1000,153.8000,1146700
150.2000,155.4000,148.0000,148.9000,960500
150.3000,152.0000,146.8000,146.8000,380100
150.5000,154.8000,143.5000,151.6000,555300
151.8000,152.0000,146.1000,148.5000,729600
152.7000,154.2000,145.0000,147.0000,696300
149.4000,150.1000,144.4000,144.4000,909900
145.9000,145.9000,137.7620,140.9000,896400
142.6000,144.5000,139.1000,142.0000,717000
141.6000,158.5000,140.7380,155.5000,1537700
157.8000,157.9600,148.0000,150.0000,1235500
154.5000,157.4000,148.7000,151.2000,825000
151.2000,158.0000,151.0000,155.7000,1007000
157.9000,160.3000,155.8000,159.0000,851900
160.0000,162.5000,153.8320,156.9000,1448500
160.7000,165.0000,156.0000,164.6000,2082400
164.3000,172.4000,164.3000,167.7000,3009300
169.1000,170.8000,163.6000,165.7000,1167500
167.6000,171.4000,162.8000,166.4000,464100
168.0000,172.7000,166.7000,170.4000,1636500
169.4000,172.1000,165.0000,168.1000,766100
164.6000,165.3870,158.6000,158.8000,1347000
159.2000,164.6000,159.2000,160.1000,905500
161.2000,161.2000,155.0000,156.0000,773200
156.8000,158.0000,151.4000,153.4000,806600
152.2000,154.6630,142.9000,142.9000,783300
142.9000,149.8000,140.5500,149.0000,897300
149.0000,153.9000,146.0000,148.5000,2005300
146.8000,151.8000,146.0000,150.4000,447000
149.2000,149.9000,142.6000,144.0000,460600
145.1000,154.0000,145.1000,153.5000,761700
152.1000,155.7000,151.0000,155.1000,594200
158.0000,160.9000,156.1000,160.2000,784800
164.2000,168.7000,164.2000,168.2000,1206800
169.0000,170.0000,166.9000,169.5000,1791300
167.0000,174.4000,167.0000,171.3000,1648700
168.2000,172.5000,167.2300,170.8000,1333100
171.6000,171.9350,167.7900,169.7000,433400
172.3000,173.8000,170.1000,173.7000,887900
173.7000,174.2180,169.0000,174.0000,460800
176.0000,196.9000,175.0000,195.6000,3215700
191.2000,195.9000,185.0000,185.4000,1066400
184.5000,192.8000,182.3350,190.4000,1336700
195.2000,228.4000,194.7000,225.2000,4442100
222.9000,223.0000,202.0000,203.0000,1474300
203.0000,210.9000,199.6000,204.0000,2451400
200.2000,201.9700,193.1000,195.0000,1383700
190.8000,207.0930,186.1540,206.4000,1827900
207.0000,207.0000,197.0000,200.0000,1361300
203.4000,210.1000,200.6000,210.0000,800300
206.8000,212.7000,202.9000,203.1000,2538600
203.5000,207.0000,202.5000,202.8000,2448600
199.8000,207.3000,198.9000,200.7000,582600
198.9000,203.3000,190.5000,194.9000,562300
195.7000,197.9000,189.5000,193.7000,368200
194.9000,196.6000,184.2000,188.8000,955300
191.9000,191.9000,184.1000,185.8000,1440500
187.3000,190.9000,183.9000,188.0000,631800
188.2000,194.0000,180.0000,182.8000,1197000
185.0000,186.9000,177.3350,179.4000,742300
181.9000,188.0000,180.6000,188.0000,1203600
186.9000,192.4000,184.8000,190.1000,916500
189.4000,194.1000,185.9000,188.1000,908900
186.0000,189.3150,181.9000,184.0000,457800
184.5000,189.9000,182.0000,183.9000,325100
183.2000,186.5000,181.5000,186.5000,241400
191.0000,191.0000,184.5750,190.0000,116300
190.0000,190.0000,190.0000,190.0000,0
184.4000,198.2620,184.4000,197.9000,489400
194.0000,197.9000,190.0000,194.9000,443900
195.4000,201.4000,192.2750,198.5000,385000
195.0000,211.6000,195.0000,211.6000,737400
208.7000,229.5000,208.7000,229.0000,2575400
230.0000,230.0000,218.5000,226.3000,1046900
225.0000,230.1000,216.9000,230.1000,1158700
227.1000,237.9000,227.1000,237.3000,1645700
243.6000,247.0470,236.0000,239.1000,1795200
238.0000,240.0000,229.1000,235.8000,1540400
237.0000,239.7000,227.8000,230.9000,1226600
236.1000,238.5000,228.6000,229.4000,700400
234.6000,245.6000,227.0000,229.5000,1991500
233.0000,240.0000,233.0000,235.2000,727000
233.7000,237.9000,230.0000,237.1000,556900
237.0000,237.0000,221.6000,222.3000,747800
228.3000,228.3320,212.4000,212.9000,1163000
211.2000,220.1000,208.8000,219.0000,1284600
213.9000,220.6000,212.9000,213.4000,670400
209.8000,209.8000,204.5000,207.1000,733900
204.1000,206.0000,200.5140,202.4000,661400
203.3000,213.2000,203.3000,207.5000,898400
210.6000,211.0000,204.7000,204.7000,858800
206.0000,207.8000,201.2860,205.2000,999300
207.1000,220.6000,205.7000,219.9000,1186400
216.2000,227.2000,216.2000,221.0000,2024000
379.0000,379.0000,379.0000,379.0000,2419000
205.9000,207.9000,190.0000,197.1000,1333600
197.0000,205.0000,196.7000,198.2000,1094600
198.0000,205.2000,198.0000,200.1000,688600
201.9000,204.1000,196.0000,197.7000,494300
200.0000,212.4000,200.0000,210.2000,970800
213.1000,230.0600,213.0000,230.0000,6314900
230.0000,244.7510,230.0000,241.4000,1454600
240.2000,273.3000,240.2000,269.9000,4757100
270.0000,274.9000,255.1000,262.8000,2214100
257.4000,270.2000,257.4000,269.7000,1853600
265.7000,284.7000,265.7000,282.0000,2358900
282.0000,293.6000,269.1000,282.0000,6907300
278.7000,281.0000,259.7000,260.8000,2834300
260.8000,278.9000,255.3000,275.0000,2416300
271.9000,277.3000,268.8000,270.2000,2178600
276.8000,283.0930,273.7000,282.0000,1415900
283.4000,295.4000,279.6000,294.0000,2986800
293.0000,296.8000,287.8000,293.0000,1851300
290.4000,298.8000,282.1000,298.1000,1418800
294.7000,298.0000,266.0000,286.2000,2614300
352.0000,352.0000,352.0000,352.0000,1433500
297.9000,298.8000,292.9000,295.6000,717800
295.9000,298.0000,290.0000,296.6000,610600
296.0000,302.7000,294.2000,301.9000,697300
301.4000,302.9000,295.7000,297.9000,896800
300.0000,309.9430,298.0000,304.9000,1051200
305.9000,305.9000,292.8000,295.0000,812300
295.4000,301.5980,293.5000,295.0000,627500
292.7000,304.6000,292.7000,301.0000,1772100
300.7000,305.4000,298.0000,304.6000,866300
308.1000,318.9000,303.7000,312.0000,2523700
308.4000,310.5000,302.7000,310.4000,756700
315.0000,342.5000,312.0000,340.6000,2900100
338.2000,364.7000,337.9000,358.5000,3541300
360.9000,363.0670,350.5000,355.5000,1663400
355.0000,359.5000,353.5310,359.3000,1451400
361.7000,364.3000,354.5000,359.3000,1634900
360.8000,387.2000,360.0000,372.0000,2051300
371.7000,382.0000,370.4000,375.5000,1753200
377.4000,383.3000,375.1000,379.0000,923000
379.0000,379.0000,379.0000,379.0000,0
379.0000,379.0000,379.0000,379.0000,0
385.6000,396.2000,379.2000,388.0000,1463800
386.2000,388.0000,371.6000,373.1000,1794900
371.9000,371.9000,355.1000,363.8000,1383700
367.9000,373.9000,366.6000,369.2000,1095900
369.4000,370.0000,355.5000,358.0000,1178200
360.0000,363.5000,356.0000,360.0000,1368500
360.8000,376.3000,360.8000,372.2000,887800
373.2000,378.3000,372.0000,377.0000,751900
374.1000,379.2000,363.9000,364.1000,770800
364.2000,364.4000,352.3000,361.3000,878500
369.6000,369.6000,363.4000,369.0000,705400
366.5000,375.0000,364.2000,364.3000,1241200
362.3000,365.0000,351.0000,355.7000,2105600
356.4000,363.0000,351.0000,362.6000,1239800
368.5000,375.1000,363.6000,368.8000,738500
366.6000,367.6000,348.4000,348.4000,699800
348.0000,348.0000,326.1800,340.3000,2388800
343.0000,350.9000,337.0000,347.8000,1315400
349.3000,359.2000,344.3660,352.0000,1363600
352.0000,352.0000,352.0000,352.0000,0
379.0000,379.0000,379.0000,379.0000,2471000
324.5000,324.5000,290.5000,296.9000,3211900
295.7000,305.6000,285.0000,291.0000,2622000
277.7000,293.6000,259.5000,273.9000,3646100
291.1000,315.0000,285.6000,304.5000,2233600
300.0000,300.0190,290.0000,297.0000,2388800
297.3000,309.9000,293.5000,308.8000,2172100
313.0000,313.6740,302.9000,307.0000,1007900
307.2000,309.5000,283.0000,284.1000,1021800
279.9000,281.9000,266.6000,268.4000,2619700
274.0000,278.7000,265.0000,273.1000,1205000
268.5000,269.4000,247.5000,252.5000,3008800
251.0000,255.0000,226.0000,236.5000,4098500
234.4000,237.3000,221.1000,231.7000,5262800
233.0000,240.0000,228.2000,236.6000,1551000
228.6000,228.6000,215.0000,219.0000,3598700
225.3000,237.0000,224.3000,236.4000,4086000
242.0000,256.3000,240.3000,256.3000,4265300
260.0000,271.1000,258.1000,267.0000,3400900
267.0000,267.0000,267.0000,267.0000,0
263.1000,268.4000,252.6000,258.1000,2867600
254.1000,255.7000,245.1000,253.6000,1603800
258.2000,263.9000,258.2000,261.5000,1670200
263.0000,266.0020,241.4000,252.1000,3597100
245.8000,249.1000,241.3000,242.9000,1482900
245.0000,247.4000,235.8000,238.6000,1934700
240.0000,246.6000,237.1000,246.6000,3187600
243.4000,256.5000,243.4000,254.5000,3159500
256.9000,261.4000,251.0000,252.8000,2638700
254.4000,265.2000,254.4000,265.0000,1155600
263.9000,277.0000,261.4000,275.0000,2176800
277.6000,282.9250,275.0000,277.1000,2248000
278.0000,279.0000,272.5250,275.5000,806400
278.3000,280.8000,272.2000,274.6000,1068600
281.4000,297.6000,281.4000,294.2000,1600500
293.0000,293.0000,282.4000,284.6000,888400
275.0000,289.7000,271.1000,282.8000,1146700
286.2000,286.2000,271.6000,273.7000,979100
275.3000,276.7000,267.7000,271.6000,952200
272.5000,278.9000,271.8000,275.4000,567600
268.1000,269.7940,256.5000,257.3000,1186900
259.8000,261.9000,246.4000,248.3000,2063500
243.3000,244.8000,233.1000,235.0000,3980800
235.8000,242.4000,235.2000,240.2000,3149700
238.4000,239.1000,236.6000,237.8000,693200
238.1000,254.1000,238.1000,254.1000,724600
246.2000,255.8480,245.7410,253.9000,1178500
255.0000,269.3000,255.0000,269.3000,987000
274.2000,274.2000,267.9000,270.0000,2058600
269.1000,276.8000,265.0000,273.3000,515600
273.0000,277.2000,272.3000,276.7000,595300
279.4000,282.3000,267.1000,272.2000,850000
273.1000,273.1000,257.2000,259.3000,1370300
258.2000,264.9000,251.9000,253.2000,446500
250.4000,256.7000,250.0000,251.6000,779200
251.6000,257.3000,249.1000,256.9000,609100
265.6000,281.0000,258.7000,279.7000,1579200
275.7000,287.6000,272.6000,285.5000,809100
285.0000,292.1000,282.9300,290.1000,1237200
293.8000,294.0000,285.6000,292.3000,396400
295.6000,297.0000,289.8000,293.1000,543200
292.0000,293.0000,282.3000,285.4000,400200
287.9000,292.4000,280.2000,289.5000,597500
289.6000,289.6000,276.1000,276.8000,780500
284.6000,295.9000,282.9730,295.8000,652500
290.1000,295.9000,285.0000,295.9000,411200
290.9000,300.8000,285.8000,299.9000,603800
302.0000,311.5000,277.1000,300.0000,2346700
302.5000,312.6000,302.4350,307.0000,2339600
312.0000,314.5000,305.6000,309.3000,614900
305.9000,307.6000,298.0000,301.8000,2191500
294.3000,296.1000,282.3000,282.3000,949800
284.5000,295.0000,283.0820,290.0000,1275400
297.6000,300.0000,285.4000,289.2000,1589400
290.7000,292.0000,284.9000,287.5000,736100
290.0000,299.2000,290.0000,299.0000,516900
299.6000,304.1000,297.2000,304.0000,981700
305.0000,319.7000,304.5000,312.0000,1577400
312.0000,323.0000,301.4000,302.7000,1439200
313.0000,313.0000,302.8000,303.5000,257300
303.6000,303.6000,277.1000,290.0000,1464800
291.7000,291.9850,275.6000,278.2000,753900
279.1000,284.7760,276.0000,278.0000,850400
279.5000,292.0000,276.5720,289.5000,569300
289.5000,289.5000,289.5000,289.5000,0
286.8000,302.8000,281.8750,299.0000,1156800
302.4000,302.5000,295.4000,301.5000,1854800
303.0000,308.9000,300.9000,306.0000,960700
309.3000,325.8160,303.7000,320.0000,1320500
326.4000,326.4000,311.1000,312.0000,333400
312.5000,312.5000,301.2000,304.6000,702700
299.1000,307.7000,297.1000,301.8000,819900
303.1000,306.7000,297.9000,305.1000,1456200
306.0000,308.6000,302.1000,304.7000,970000
310.0000,310.9000,305.5000,309.4000,995600
312.8000,314.8000,307.6000,309.1000,736500
309.0000,317.1000,305.0000,311.3000,895800
312.4000,313.6000,305.7000,309.5000,568700
311.1000,319.8000,311.1000,314.1000,1178100
313.1000,316.5450,289.5000,304.0000,861300
306.1000,306.9300,299.6000,299.9000,578900
302.2000,302.6000,290.1000,293.5000,1243600
298.6000,298.6000,283.0000,292.4000,881800
292.0000,293.7000,275.5000,293.7000,954700
293.5000,303.0000,291.8000,293.2000,516100
299.2000,299.2000,286.4000,294.3000,798200
297.6000,306.9000,297.0000,304.5000,2152600
301.2000,319.8000,301.2000,308.3000,1207400
307.3000,318.5580,306.1000,313.3000,703100
310.9000,321.0000,306.7000,316.2000,901000
313.9000,316.7000,300.2000,314.5000,1539100
315.0000,332.8000,315.0000,332.7000,1656800
334.5000,340.0000,329.1960,333.6000,753300
336.7000,336.7000,321.0000,331.5000,1232400
333.7000,335.5200,325.7550,334.0000,249600
328.8000,338.0000,325.1880,337.2000,905900
340.0000,352.5000,338.4000,349.0000,2048200
354.3000,361.8000,347.0000,350.1000,965600
353.9000,353.9000,345.4000,348.6000,513200
345.5000,349.5000,336.8000,339.9000,891100
341.1000,344.1000,334.0000,339.2000,1192200
338.4000,341.2000,330.5000,340.0000,789200
337.2000,344.6000,334.4000,339.7000,670600
334.0000,340.3000,334.0000,339.8000,422200
341.4000,345.0000,336.4000,340.1000,640600
340.9000,341.9000,333.9000,340.8000,483000
338.0000,338.3000,326.2000,333.7000,928100
337.4000,341.0000,329.0000,331.8000,474000
329.6000,329.6000,319.4000,324.4000,464800
328.2000,336.7000,328.0000,335.0000,732500
335.8000,338.0000,329.5000,335.4000,419700
338.1000,341.2000,333.0000,334.9000,578800
342.0000,357.5000,341.5000,352.9000,854500
356.0000,370.9000,351.5000,360.9000,1677800
360.2000,366.0000,356.8000,364.9000,428300
366.8000,378.2000,364.0000,371.4000,840200
372.0000,372.0000,354.6000,357.4000,544600
366.8000,401.6000,364.7000,395.9000,2310700
384.9000,395.0000,373.7000,379.2000,1600200
378.6000,394.0000,378.0000,392.8000,592400
383.2000,386.0000,360.5500,361.0000,1834400
355.9000,376.6000,351.6000,373.6000,1923000
379.9000,381.5000,373.6000,376.9000,489600
374.6000,376.4370,361.2000,368.9000,338100
373.4000,375.3000,364.7000,371.2000,353400
362.7000,365.3000,356.0000,356.0000,979000
356.4000,365.1000,353.5550,365.1000,753500
366.0000,371.9000,364.9000,371.0000,1069200
369.3000,376.6000,362.8000,369.1000,539000
367.4000,369.6000,350.0000,356.2000,640500
356.5000,359.6630,341.7000,348.8000,671100
351.4000,369.2000,351.4000,358.0000,1344800
365.0000,372.3000,360.8000,372.3000,996600
376.6000,382.1000,365.0000,370.7000,748000
372.0000,372.0000,362.9000,368.3000,629200
368.2000,380.0000,368.2000,373.3000,1055400
371.7000,383.5000,367.4000,370.7000,599600
371.9000,381.7400,355.7000,360.6000,1021200
363.8000,367.7000,357.9000,361.0000,234300
361.9000,371.9000,359.0000,370.0000,503400
360.7000,379.6000,359.5000,372.0000,612600
371.7000,387.3000,367.8000,385.0000,847000
382.0000,382.0000,382.0000,382.0000,885300
382.2000,390.0000,381.6000,389.4000,1538000
387.3000,396.8000,383.2000,396.7000,1093100
361.0000,361.0000,361.0000,361.0000,1096300
361.0000,361.0000,361.0000,361.0000,805000
361.0000,361.0000,361.0000,361.0000,504100
361.0000,361.0000,361.0000,361.0000,48100
361.0000,361.0000,361.0000,361.0000,0
412.9000,419.9000,404.1000,415.5000,354700
412.7000,420.0000,405.1000,414.6000,298000
416.5000,417.9000,410.0000,415.9000,88000
420.0000,430.5950,414.3000,417.5000,1515100
416.0000,427.1000,414.7000,424.0000,1287900
420.3000,423.4000,410.4000,414.2000,1370300
412.0000,418.5000,410.0000,412.9000,592000
413.3000,413.3000,402.7000,406.0000,693300
410.0000,421.3300,406.1000,413.1000,990100
417.5000,428.9000,413.3000,426.8000,1636600
428.7000,443.2000,423.7000,441.9000,1649900
440.6000,443.0000,431.2000,439.2000,934700
438.4000,441.7000,428.0000,431.3000,362900
436.1000,455.0000,436.1000,447.9000,1289100
450.4000,450.6790,435.3000,438.0000,829800
438.0000,439.5000,416.7000,419.8000,1293200
419.7000,419.7000,419.7000,419.7000,845400
421.0000,426.8000,413.7000,424.9000,791300
429.0000,430.2000,418.9000,420.2000,1512800
425.0000,426.3000,419.0000,420.0000,993300
420.9000,430.9000,419.4000,424.9000,824000
422.0000,449.7000,420.8000,437.4000,1572900
436.6000,440.0000,418.0000,422.8000,1301400
427.9000,439.5000,426.5000,439.1000,455300
442.3000,455.0000,439.1000,445.0000,772100
445.1000,445.1000,432.0000,436.5000,468400
440.1000,446.3000,430.5000,439.2000,696600
435.0000,449.0000,392.5000,445.9000,1711800
445.7000,455.0000,437.6000,440.0000,691400
441.6000,443.6000,429.8000,432.8000,816100
432.6000,434.5170,415.6000,425.4000,858900
420.6000,437.1000,420.0000,433.1000,834500
433.1000,434.9000,423.8000,428.0000,485300
424.5000,429.9000,414.2840,423.6000,339100
421.6000,426.8000,417.6000,419.7000,425900
425.0000,439.7000,420.0000,426.5000,1268400
427.1000,444.5000,425.6000,439.2000,1172500
438.9000,442.5000,425.0000,425.0000,892700
426.9000,429.2000,410.4000,422.0000,934000
418.9000,422.7000,405.7000,407.3000,755800
403.1000,412.8100,393.5000,397.0000,1136200
389.0000,414.1000,389.0000,409.4000,864100
410.5000,424.9000,408.8000,419.5000,483300
430.0000,432.5000,419.4000,422.9000,562500
416.9000,423.0000,416.6000,417.9000,518300
419.2000,427.4090,415.0000,420.0000,602000
420.2000,427.7000,414.6000,415.4000,405400
414.1000,419.7000,404.7000,406.6000,368200
407.3000,409.5000,390.0000,397.8000,831000
399.1000,401.0000,377.7000,383.0000,1028300
375.5000,377.3000,365.1000,372.4000,1458300
370.0000,381.9000,367.0330,377.6000,543800
378.0000,396.9000,378.0000,385.3000,865200
376.1000,380.1000,355.1000,369.8780,1477600
376.6000,385.7000,368.9000,380.5000,1082100
381.3000,400.0000,378.5000,397.9000,940000
395.3000,408.2000,395.3000,408.0000,1142500
411.0000,418.6000,401.6000,402.2000,676500
401.7000,405.7000,396.2000,402.5000,508500
409.5000,431.1000,409.2000,421.2000,1710000
419.4000,428.0000,242.9000,426.0000,1511800
429.9000,430.7000,423.1000,428.7000,649700
429.9000,430.0000,422.6000,422.8000,696500
426.1000,428.1000,412.0000,415.7000,727200
418.1000,437.7000,417.0000,435.5000,1198000
438.1000,441.5000,432.0000,432.0000,663900
435.6000,449.5000,432.7000,448.2000,752200
449.2000,568.3300,447.9000,470.2000,2172800
468.0000,468.0000,455.7000,465.7000,1191800
467.8000,476.6000,467.0000,475.0000,671800
474.6000,476.3470,461.4000,466.5000,635600
472.2000,481.1000,472.0000,475.0000,892100
485.0000,485.0000,470.0000,475.0000,1170600
468.0000,468.0000,436.0000,442.1000,2147900
449.3000,455.0000,440.6000,440.7000,625900
440.3000,446.8000,434.4000,444.0000,769700
445.8000,447.0000,438.8000,442.4000,548700
442.9000,444.9000,423.6000,425.1000,639000
426.3000,439.8000,426.3000,439.0000,766000
439.9000,464.0000,439.9000,464.0000,2079900
466.1000,486.9000,466.1000,481.0000,2236400
477.3000,485.0000,466.6230,478.6000,430100
477.0000,481.9000,467.0000,474.0000,553000
480.4000,510.5000,478.5080,499.0000,1425900
499.9000,522.5000,491.4000,492.9000,1648300
493.3000,495.7000,474.3560,479.7000,1705400
484.0000,493.1000,456.0000,462.6000,2270700
461.8000,462.4000,441.0000,452.9000,2602300
454.0000,469.7000,452.7000,468.0000,1502600
468.2000,474.9000,466.5000,469.0000,1899800
470.0000,474.5000,458.1000,473.9000,1781400
465.5000,468.7000,450.5000,457.6000,1340900
461.5000,465.6650,452.9000,456.8000,608400
454.9000,454.9000,437.1000,439.7000,1716000
440.3000,444.8000,435.0000,435.0000,677700
442.3000,450.0000,438.2000,445.0000,854300
448.2000,449.9000,440.4000,446.7000,565300
447.0000,452.4000,438.9000,441.3000,612900
434.7000,434.7000,420.2000,425.9000,573800
428.5000,434.2000,427.6000,429.9000,632100
425.0000,436.3000,424.9000,429.3000,908700
428.0000,442.1000,426.5000,439.2000,504800
442.8000,447.4000,436.1000,436.1000,793300
436.2000,457.6000,432.5760,457.6000,1353100
459.9000,459.9000,450.0000,452.8000,1130800
447.4000,453.4000,444.6000,449.6000,598500
453.2000,453.2000,437.0000,443.7000,465000
444.1000,452.3000,441.3000,451.6000,662600
450.1000,474.1000,450.1000,470.7000,1547200
471.0920,471.3000,461.5000,467.0000,1137400
468.6000,485.8000,468.6000,485.0000,956600
483.9000,485.9000,452.5000,456.1000,1004300
455.5000,462.9000,445.7000,460.3000,358200
465.3000,466.5880,453.0000,457.0000,528300
456.5000,456.5000,432.0000,443.0000,837800
441.0000,441.0000,421.2000,430.7000,947400
427.0000,437.7000,421.8000,431.7000,860100
428.1000,432.0000,417.4000,422.5000,690700
426.2000,436.3000,424.1000,435.0000,904400
439.8000,450.0000,434.3000,438.0000,917700
435.0000,439.9000,425.6000,428.5000,790000
439.0000,441.6000,430.0000,431.7000,485600
429.7000,442.4000,429.7000,439.9000,435500
442.7000,459.0080,441.4000,457.6000,762900
462.7000,483.9000,459.2000,469.6000,1530400
470.4000,479.0000,462.6000,469.6000,881200
468.5000,481.9040,467.4000,479.7000,722500
480.2000,491.0000,479.2490,484.4000,364700
484.5000,495.3000,481.7000,495.3000,653600
492.7000,495.7430,464.0000,469.1000,964600
456.9000,487.0000,456.9000,485.9000,721900
486.0000,495.8000,476.0000,482.3000,647200
475.1000,483.2000,465.1000,465.3000,592500
453.8000,462.7000,441.3000,451.4000,1095200
447.6000,474.0000,447.6000,472.0000,865400
470.4000,474.8000,461.2000,465.0000,394200
458.8000,477.1000,456.0000,475.8000,541900
472.7000,475.0000,456.2000,457.3000,364800
463.3000,466.7000,457.6000,461.0000,445100
465.6000,474.7000,464.3000,474.5000,761200
471.4000,490.9000,465.8130,485.3000,1208300
489.2000,498.8000,481.6000,488.5000,648600
488.6000,491.7670,481.3320,486.5000,384400
489.1000,490.0000,471.8000,475.2000,747900
475.0000,479.3000,459.4000,462.0000,987400
455.7000,462.0000,451.5000,460.6000,815500
452.0000,463.8000,452.0000,462.5000,1018100
469.0000,472.1000,451.2000,454.0000,643500
450.0000,455.9000,421.0000,430.7000,1456600
423.5000,432.2000,420.0000,429.3000,1026400
442.1000,454.9000,389.9940,399.5000,1425700
388.0000,415.0000,371.0000,390.8000,1501100
380.0000,391.3000,338.6000,341.0000,1490500
331.1000,352.7000,313.7000,343.5000,1983500
346.7000,381.2000,346.0000,346.0000,2092200
358.0000,360.8000,340.0000,351.2000,2298100
355.2000,379.6100,344.3000,368.9000,1079000
378.0000,390.0000,374.2000,385.8000,600900
385.8000,385.8000,360.9000,368.0000,810200
368.4000,371.5000,360.4000,366.1000,1046400
360.5000,360.7000,320.5000,324.3000,1213600
321.9000,321.9000,295.5000,309.8000,1381300
307.4000,334.9000,307.4000,324.4000,880300
327.4000,339.1500,324.3000,331.7000,1606600
335.6000,344.5000,331.8000,339.0000,651000
346.0000,356.3000,345.5000,351.9000,1771800
351.5000,352.1000,337.0000,347.0000,744700
351.0000,369.3000,350.7000,363.8000,980900
364.1000,377.7000,364.1000,376.7000,1346100
376.9000,384.9000,363.0000,383.9000,1343400
376.5000,383.6000,374.2000,375.0000,1505800
366.0000,366.0000,346.0000,350.0000,536200
347.9000,360.1000,347.2000,353.2000,990400
363.9000,383.0000,357.1000,383.0000,805500
384.5000,391.5000,375.8000,382.2000,749600
375.3000,384.7000,360.8000,362.8000,543800
354.4000,362.1000,346.2130,357.9000,531800
364.9000,366.8000,350.1000,356.6000,670500
348.4000,371.8000,341.6000,368.2000,719200
371.9000,385.1150,370.4000,378.4000,734800
386.0000,386.8000,375.3000,375.9000,1272700
366.2000,375.6000,364.5000,365.0000,617500
355.1000,370.0000,355.0000,363.1000,878200
360.3000,368.0000,355.2910,356.5000,661600
342.6000,344.8000,308.6000,312.2000,1294500
314.7000,319.5000,287.0000,296.5000,1334800
284.4000,305.0000,280.3000,283.3000,1556300
293.3000,309.4000,292.9000,307.2000,1607500
298.2000,304.9000,288.0000,290.0000,1109200
285.3000,286.5000,272.1000,274.7000,1324900
272.0000,280.1000,260.7000,265.2000,1300700
257.2000,266.0000,255.0000,262.1000,706700
256.7000,257.0000,237.2600,238.7000,1159000
247.3000,267.0000,241.0000,266.8000,1578800
273.5000,310.9000,273.5000,294.8000,2133200
300.0000,305.2000,286.8000,297.4000,739800
305.0000,309.5000,291.3000,309.1000,638600
305.8000,309.2000,297.4000,305.8000,1160000
304.3000,331.5000,299.8000,330.0000,1239100
326.2000,333.2000,311.5000,316.0000,761500
329.3000,342.3000,320.7000,339.0000,1307500
342.3000,348.2610,321.4000,330.1000,909600
322.7000,323.6000,304.0000,315.5000,1388200
321.0000,322.9340,308.1000,311.5000,801100
303.1000,307.8100,292.4000,293.3000,803300
296.6000,297.1980,285.7000,294.3000,1233200
300.7000,312.6000,290.7000,310.3000,1443400
308.6000,316.1000,299.0000,307.8000,1028000
308.9000,311.6000,300.0000,308.7000,1072900
321.0000,342.6000,308.7000,333.5000,1903300
333.0000,342.4000,327.0000,341.9000,1048700
343.2000,349.5000,323.2000,323.2000,716800
311.5000,311.5000,292.0000,301.7000,1000600
306.6000,312.4000,296.7000,306.5000,1739800
299.1000,310.0000,294.1000,305.9000,1171300
309.9000,317.7000,305.3000,316.9000,1246400
311.3000,315.9000,300.1000,304.5000,699000
303.4000,315.3000,300.8000,312.2000,861500
315.9000,334.8000,310.3000,322.0000,1669200
310.0000,325.0000,304.8000,310.0000,1194400
309.2000,319.2000,306.7000,315.2000,1017800
322.2000,317.2420,313.7400,312.7000,658200
314.7000,310.5930,303.0800,303.2000,842900
302.5000,311.7000,299.1000,300.1000,751000
297.1000,298.8550,275.8700,268.6000,1854300
264.9000,275.0000,260.0000,260.8000,904800
260.6000,260.6000,238.1640,242.2000,996700
251.0000,265.7230,249.7000,250.2000,1455200
246.7000,252.2400,247.5000,247.5000,1219200
248.6000,262.5000,248.6000,255.9000,604500
254.0000,262.2000,245.7600,257.4000,910100
271.3000,291.6000,269.0660,291.5000,2101900
291.6000,292.7000,275.1000,282.2000,884800
279.6000,306.7000,267.7000,299.5000,1683300
303.3000,305.6900,292.6000,294.3000,839500
301.6000,302.3800,291.4800,294.5000,1176500
299.4000,308.3000,299.2000,307.9000,748400
305.5000,309.3000,301.0000,304.5000,995500
309.0000,311.0000,295.2000,300.0000,708100
306.7000,306.7000,280.6000,280.6000,955300
276.8000,290.4000,275.2000,287.8000,708900
285.8000,287.2490,265.6000,266.8000,768400
267.8000,281.9000,266.2000,270.8000,631700
269.5000,274.4000,251.7000,251.7000,1244000
253.9000,259.9000,246.3650,250.0000,1944300
256.0000,262.9300,252.4000,256.6000,1486200
253.3000,259.9000,251.5070,254.4000,629900
253.2000,257.1640,249.7360,255.6000,903000
259.8000,275.0000,255.7000,268.2000,1468700
269.1000,273.9000,265.4000,267.9000,659200
268.8000,271.0000,265.7000,270.0000,189300
270.0000,270.0000,270.0000,270.0000,0
270.0000,270.0000,270.0000,270.0000,0
272.0000,272.3000,262.6000,262.7000,1115300
265.0000,267.7000,260.6000,264.5000,495700
268.2000,270.7000,262.8000,268.8000,252500
268.8000,268.8000,268.8000,268.8000,0
276.8000,294.7000,275.9000,292.5000,1597700
290.4000,293.1840,279.2860,288.4000,790400
288.1000,297.6000,281.6000,290.5000,942100
290.5000,297.9000,288.9000,295.9000,809900
296.6000,296.6000,284.9600,289.1000,475400
292.7000,298.5000,288.9000,292.3000,792200
293.5000,308.9000,293.0000,298.2000,1984600
298.9000,316.8000,298.9000,309.3000,1503800
311.5000,323.9000,310.5000,321.0000,3197600
317.1000,321.8000,311.0000,319.0000,1090400
325.6000,332.6000,322.9000,330.7000,928200
331.6000,337.9000,325.0000,337.5000,1019800
339.0000,344.5000,333.0000,340.0000,1855900
341.7000,341.7000,318.4000,331.0000,1931800
332.7000,338.9000,330.3000,338.2000,669400
332.2000,336.0900,326.7000,333.3000,911900
334.4000,339.4000,326.6000,330.1000,774000
331.0000,355.5000,331.0000,351.1000,1227800
349.0000,355.7000,341.0000,343.9000,874100
341.6000,341.6000,327.7770,335.7000,856400
337.7000,347.8000,335.1000,340.5000,997800
341.2000,357.0000,340.5000,350.1000,1009900
352.6000,364.6870,350.3000,351.5000,869000
349.4000,360.8000,347.9000,359.0000,608600
357.1000,367.6000,356.5000,366.3000,961800
361.0000,367.7950,349.8580,358.7000,868800
360.7000,370.0000,357.4000,361.0000,889900
361.0000,362.4000,350.0910,353.7000,843500
345.6000,346.9000,327.8000,334.0000,2219900
338.1000,351.4000,326.1100,344.1000,615100
344.0000,346.8000,331.0000,334.4000,1145300
338.4000,344.3000,324.2060,336.0000,1614200
329.1000,337.3000,319.7000,329.5000,2065600
329.1000,339.7000,329.1000,330.4000,704700
335.2000,343.7000,333.1000,336.1000,739000
335.8000,336.0000,325.1000,330.8000,998400
333.1000,333.2000,322.8000,326.0000,1050600
327.4000,335.1000,323.3000,324.7000,1265000
328.3000,329.7000,318.7000,323.9000,1195200
321.7000,322.6000,312.7000,321.9000,931500
321.9000,326.6000,318.3000,324.2000,1020000
323.6000,334.3000,320.8000,320.8000,1723300
321.0000,324.1000,316.6000,319.2000,956300
319.1000,326.9000,319.1000,322.3000,921700
319.3000,320.9360,297.7000,302.6000,1698600
302.2000,302.2000,291.4500,294.9000,1544500
294.2000,304.9000,294.2000,302.6000,1450700
304.0000,321.5000,304.0000,315.9000,1426000
315.5000,330.2000,315.5000,320.8000,1536400
320.4000,322.6000,310.4000,318.9000,883600
320.2000,336.5000,317.9900,333.2000,1697700
339.9000,343.5000,324.8000,337.8000,2323900
340.9000,344.1000,332.7000,340.6000,1342200
343.7000,343.8000,333.6300,338.4000,1146900
339.2000,340.4000,332.1400,337.5000,737100
334.3000,336.1000,319.0000,325.6000,1655800
328.5000,329.6000,316.0000,321.4000,1023500
320.6000,320.6000,301.4000,302.6000,1351800
301.9000,307.1000,293.3000,300.0000,2214800
302.6000,305.5000,294.9000,297.5000,1947300
296.5000,305.3000,296.5000,300.1000,1637600
298.8000,305.6000,286.9000,292.5000,2437800
290.0000,301.7000,290.0000,294.5000,1847200
297.3000,311.4000,297.3000,305.6000,1899400
308.1000,312.5000,299.0000,305.3000,1495000
305.5000,308.0000,296.4000,299.6000,1299300
290.0000,297.4000,282.0000,291.9000,3552500
293.0000,300.9000,287.3000,291.0000,2414400
291.0000,291.0000,291.0000,291.0000,0
291.0000,291.0000,291.0000,291.0000,0
287.0000,295.6000,271.3000,272.9000,2455200
271.6000,289.9090,271.6000,281.9000,1851100
287.1000,296.5000,284.8000,287.7000,7334500
288.1000,300.0000,287.0530,294.6000,1991600
293.2000,295.4000,286.0000,286.2000,1747600
285.0000,295.5700,283.0000,293.9000,1411900
294.1000,299.6000,289.0000,290.1000,1573400
292.9000,297.2000,285.6870,288.7000,2179200
288.1000,290.0000,282.0000,287.1000,1327600
283.3000,285.0000,272.4000,275.4000,1624400
276.6000,280.7000,273.9000,274.2000,1329200
275.1000,288.2000,275.1000,283.1000,1237900
284.0000,290.7000,281.6000,288.6000,1467700
284.6000,300.7000,284.6000,292.3000,1840300
293.0000,298.5000,291.6000,292.2000,992200
294.0000,295.9000,290.2000,294.7000,722300
297.6000,300.0000,288.7000,289.8000,1426200
293.8000,299.9000,281.2000,285.5000,1709200
285.3000,285.3000,262.9000,272.3000,2112300
272.3000,272.3000,272.3000,272.3000,0
272.0000,272.0000,250.0000,254.0000,2539300
257.0000,259.9000,247.6000,252.0000,2490900
254.6000,264.1000,249.4000,261.5000,1151100
259.5000,259.5000,248.9750,252.8000,896000
250.0000,251.4000,233.6000,239.2000,1476100
240.2000,245.7800,229.6000,231.2000,1647400
227.7000,227.7000,216.9000,223.9000,2580900
224.9000,225.3000,215.6000,218.9000,1184700
216.0000,217.2000,208.7000,211.0000,1996300
210.7000,220.8000,209.5000,218.1000,1237100
220.1000,230.0000,218.3200,229.2000,1519500
224.6000,224.6000,203.5000,204.4000,1969300
208.7000,212.3230,203.5000,210.0000,1549100
212.8000,216.0000,205.0000,206.4000,1260000
211.6000,219.9950,211.6000,216.2000,1090200
220.4000,223.4600,214.5000,218.5000,1256600
215.2000,215.2000,204.3000,205.6000,1229900
208.3000,209.7000,195.0000,197.2000,1651700
198.4000,201.7000,183.8000,187.8000,2344800
187.8000,187.8000,187.8000,187.8000,0
187.8000,187.8000,187.8000,187.8000,0
192.3000,202.7000,191.0440,199.2000,1858800
201.2000,210.9000,196.3000,207.0000,2141800
205.2000,205.2000,197.3000,202.4000,1173000
209.3000,212.4500,194.4000,194.4000,1718300
195.1000,197.5600,190.0000,192.0000,1307400
193.7000,194.7000,175.3000,179.4000,1988700
179.4000,186.2000,179.0000,182.3000,1699800
184.8000,202.4210,183.9000,202.3000,2868300
206.8000,211.6000,198.7000,209.9000,2091600
209.2000,218.4000,205.6000,218.4000,1499200
218.4000,224.0000,217.6810,222.5000,1278700
218.3000,224.4000,210.3000,219.4000,1349600
213.7000,220.3000,211.8000,212.2000,1943900
209.5000,213.0000,202.0000,203.1000,827600
203.0000,208.0500,201.0000,201.0000,1528300
203.2000,203.9000,197.3490,202.2000,1269600
206.0000,206.9000,198.7000,205.4000,1090400
211.0000,217.3000,208.0000,215.2000,1110700
214.3000,219.3000,212.5000,213.8000,1610800
215.5000,222.2000,211.8000,221.2000,1295500
220.6000,227.7000,218.2000,223.2000,1326700
223.9000,233.5000,220.0000,221.0000,1321300
221.1000,226.9000,219.1000,219.7000,1350200
220.4000,220.4000,197.3000,199.6000,1999000
203.4000,213.4000,201.8800,210.5000,1908600
206.1000,215.1950,205.4000,210.6000,1418800
206.6000,209.0000,198.7000,199.7000,10043200
199.8000,211.4000,199.2000,210.4000,875300
211.0000,211.0000,200.0000,200.4000,902200
202.8000,207.2640,195.8000,196.7000,1597400
193.0000,198.8000,190.6000,195.3000,2942100
197.0000,201.5000,195.7000,196.8000,2074800
196.8000,198.4000,188.8000,190.1000,1442600
186.0000,190.6000,177.5000,179.1000,1376600
179.3000,184.0000,175.2000,176.7000,1131500
175.4000,182.9700,172.8880,176.3000,877600
175.8000,182.0000,166.9410,173.6000,2842500
175.1000,181.2200,173.8190,179.5000,1604300
180.9000,185.7020,179.1000,183.5000,1165900
184.5000,188.0000,181.4000,181.8000,1039100
182.2000,184.6000,180.9000,184.3000,619700
184.4000,185.4000,171.0000,171.6000,1222300
171.1000,183.0000,171.1000,181.5000,732400
181.4000,195.0000,180.7000,188.0000,849200
187.8000,194.0000,186.9000,192.8000,1227500
191.6000,197.2000,190.0000,197.2000,1386800
197.9000,199.3700,191.2000,196.8000,1279500
195.0000,199.0000,188.0000,191.1000,1638000
191.0000,191.2000,185.0000,188.4000,1162300
189.6000,191.9000,183.9000,191.2000,1249700
188.9000,189.9000,184.1000,186.4000,1106000
187.7000,193.0000,186.6730,192.2000,2111600
192.9000,202.5000,192.9000,200.7000,2056600
199.9000,200.9000,193.0000,194.7000,914500
192.6000,203.4000,190.9000,190.9000,1610700
188.8000,197.9000,186.0000,189.1000,1583800
191.0000,196.8330,191.0000,191.8000,1480800
187.4000,189.7000,182.1000,183.0000,1920400
183.0000,183.0000,183.0000,183.0000,0
179.0000,183.6000,176.5000,180.0000,1501100
180.0000,180.0000,172.5000,172.6000,1855600
171.7000,171.7000,150.8000,159.1000,4549200
159.2000,168.2200,155.0000,161.7000,2160300
160.8000,166.1000,155.4200,159.7000,1812300
159.1000,163.7300,144.0000,151.0000,1923400
150.1000,150.7090,138.7000,147.5000,3162700
148.5000,155.9000,147.9700,154.7000,1351300
157.7000,184.9000,155.4000,182.8000,4067000
182.5000,200.8900,177.3800,196.5000,3012500
193.6000,195.3340,186.2000,192.6000,4373700
194.0000,203.2590,192.1000,198.5000,3091900
198.8000,200.4000,194.0000,196.0000,1153700
216.9000,237.9000,215.0000,225.0000,5763700
227.4000,231.2800,221.2000,224.3000,2160000
220.3000,220.4000,210.6330,215.3000,1769800
220.2000,228.6900,218.3000,218.3000,2068500
213.2000,215.0000,205.7300,209.8000,2013600
210.8000,219.9000,210.8000,215.5000,2297900
213.3000,213.8000,203.7480,210.1000,1759000
209.8000,212.7810,201.9300,207.8000,1853400
201.6000,202.1120,193.2000,197.1000,2411900
199.9000,208.1000,192.2000,198.0000,2350400
200.0000,203.0000,193.8000,193.8000,1405400
193.4000,198.9000,187.2000,198.0000,1404500
190.0000,201.2000,186.7800,195.2000,1289900
193.7000,197.2000,191.3000,194.1000,1063900
195.6000,198.5000,190.4000,198.1000,913300
199.1000,212.2000,199.1000,207.1000,1977400
204.5000,207.7100,199.3000,206.5000,1309200
207.1000,207.6000,201.8000,202.6000,2330500
202.2000,206.4400,193.1000,193.1000,1665000
190.2000,198.3000,190.2000,198.0000,1278900
196.7000,199.8000,190.7000,190.7000,1308500
189.4000,193.5000,187.5000,188.6000,1245200
193.3000,196.8000,190.8000,194.5000,780700
194.6000,207.5400,194.6000,206.5000,3172600
205.9000,211.1500,205.9000,210.1000,2418500
209.0000,210.0000,195.0000,198.0000,2751800
197.5000,206.0000,194.8600,199.2000,1805300
200.0000,203.0000,191.7000,192.1000,1826100
193.9000,196.3160,188.5000,193.5000,1885500
194.5000,200.1000,193.8000,194.0000,1605700
191.1000,198.3000,188.2000,198.3000,1355800
196.3000,199.0000,192.9000,195.1000,615500
195.2000,200.4000,195.2000,200.0000,945400
200.6000,212.8540,200.0000,208.9000,3325100
208.5000,220.5000,202.8700,219.8000,4860800
220.4000,230.6000,220.4000,226.9000,3707800
224.9000,229.3500,214.8000,215.8000,1946600
216.1000,222.6000,211.1330,220.5000,1367800
223.9000,232.1000,214.4000,214.4000,2918300
216.0000,223.7000,211.4000,212.2000,1227600
212.5000,214.9000,206.6000,210.3000,918300
211.1000,211.1000,206.2000,206.2000,885800
204.2000,207.3000,199.1000,207.3000,1110900
208.1000,210.0000,198.6000,200.2000,1112800
197.0000,205.7000,194.1000,204.8000,1107000
204.3000,206.1000,196.5000,198.0000,989700
200.5000,214.2000,200.5000,213.7000,1505600
208.9000,212.2000,208.9000,211.0000,926200
209.4000,210.3000,206.5000,207.9000,1002000
210.9000,214.7000,209.6000,214.7000,628200
215.0000,215.0000,210.4000,212.0000,542200
211.2000,211.5480,203.9000,208.4000,731900
211.0000,212.9000,208.2000,210.6000,1244200
209.0000,210.0000,204.9000,208.3000,1086500
211.1000,216.6000,211.0000,215.0000,1682300
216.8000,220.6000,215.4000,219.1000,2132500
215.4000,224.0000,215.4000,220.9000,1992500
220.0000,224.9000,218.6000,221.2000,938000
225.2000,230.5000,222.7000,226.6000,1741800
228.6000,232.5850,226.0000,226.0000,1645100
226.2000,229.0000,222.8000,225.4000,2074400
222.9000,226.7000,221.0000,225.6000,1311300
226.0000,229.9000,225.3000,229.0000,766500
229.7000,234.3000,228.5000,233.0000,1085400
234.0000,234.0000,226.5000,227.9000,1249300
228.9000,234.3000,225.8300,234.3000,1213600
235.1000,244.9000,234.2000,243.0000,1613000
247.7000,250.3450,244.5000,248.1000,993800
248.8000,258.7000,246.2100,257.9000,1903400
256.0000,259.6000,247.1000,249.5000,1848600
249.3000,250.4800,242.0000,242.1000,1805300
245.0000,250.6390,244.1000,249.0000,500700
249.0000,249.0000,249.0000,249.0000,0
249.0000,257.2200,248.8930,253.4000,482600
254.6000,254.7000,248.5000,249.0000,510900
247.7000,251.4800,244.8000,251.2000,109100
251.2000,251.2000,251.2000,251.2000,0
256.0000,276.2200,248.2000,268.5000,2590700
268.5000,277.6300,266.0240,275.0000,954100
276.4000,277.0000,269.6030,275.4000,850900
275.0000,276.5000,267.1000,268.8000,929800
267.6000,285.9000,265.8000,273.0000,1697100
275.0000,284.0000,273.2000,278.9000,1678000
279.8000,287.9000,277.6000,283.1000,1130700
282.8000,285.9390,275.0000,275.4000,1822700
277.8000,278.2950,267.3000,267.4000,1820600
266.7000,273.3000,261.0000,263.5000,1212700
261.9000,262.4490,254.8000,260.9000,1126400
257.4000,261.0000,255.1000,257.0000,1496100
259.4000,265.8000,257.6000,262.1000,1645900
263.3000,272.7000,263.3000,271.2000,1326700
270.4000,272.3000,265.9000,269.8000,2243900
269.3000,272.9000,264.7000,269.5000,870000
268.3000,276.6000,267.4000,275.3000,805600
274.3000,278.3000,270.1000,272.8000,1169100
266.6000,270.0000,261.2000,268.4000,2354100
272.1000,273.1000,267.6000,271.9000,479700
268.0000,272.2800,253.0000,257.0000,2642100
256.8000,260.0680,248.9000,254.6000,2022900
254.9000,271.3000,254.2880,270.7000,1509900
269.9000,271.2000,258.1000,261.6000,836300
260.8000,268.0000,260.6000,267.4000,576700
268.6000,275.0000,267.0000,269.9000,623700
268.8000,272.0000,264.7000,266.8000,388600
269.9000,270.3000,254.2000,268.7000,1939700
268.4000,271.5910,266.1800,270.2000,1247800
268.7000,276.5940,267.0000,276.0000,1258500
276.9000,292.6000,276.9000,290.2000,1895000
289.4000,296.8000,288.1000,292.5000,1424300
291.2000,296.0000,290.2800,293.3000,690700
291.2000,295.9000,280.7000,282.5000,1230400
282.1000,289.1000,278.0000,287.1000,633400
285.4000,289.6000,269.8000,277.0000,2599400
273.2000,275.7000,248.4180,251.4000,3404500
254.0000,259.5000,236.8020,241.4000,2770500
243.9000,252.7000,243.5000,245.6000,1448200
239.1000,244.6400,233.6400,238.2000,1748200
239.7000,244.0000,233.3000,240.6000,1430800
243.3000,243.3000,226.4000,227.7000,2838800
224.3000,226.5900,211.5000,223.8000,3200400
221.9000,221.9000,200.4000,203.9000,4310600
205.9000,216.9180,203.2520,215.2000,3833200
216.2000,218.2000,210.7000,212.4000,1633100
212.8000,214.4000,208.6000,210.7000,1063900
211.9000,219.7000,210.0000,219.7000,1354700
218.0000,219.3000,208.5000,215.1000,1916800
212.1000,226.5000,212.1000,220.0000,2292600
222.1000,230.9700,202.0000,203.5000,3753700
209.5000,209.5000,192.9000,198.9000,4052100
197.0000,208.9000,197.0000,205.9000,3797300
200.8000,206.6000,197.0000,197.7000,2079000
195.1000,196.8000,170.4000,181.6000,9163000
180.0000,182.2000,173.1000,174.3000,4576800
173.1000,179.4000,169.3160,172.5000,5490900
171.2000,173.0000,167.8000,170.7000,3412400
172.2000,177.9000,169.4000,170.0000,4704800
171.8000,176.4000,166.8000,172.9000,6983500
176.9000,186.5000,171.3000,172.9000,7445600
170.4000,176.4000,167.8000,173.1000,5441200
173.1000,173.1000,173.1000,173.1000,0
173.1000,173.1000,173.1000,173.1000,0
174.0000,174.5080,162.4000,165.2000,4597300
162.5000,166.1000,160.2000,161.2000,2589800
160.8000,166.3000,160.1000,162.7000,3521900
164.4000,166.8000,153.7000,155.4000,4844800
151.9000,162.1000,149.7000,155.1000,3698500
162.0000,185.7000,159.9300,184.9000,10043600
188.0000,200.1000,186.0400,192.2000,7005100
194.8000,194.9000,182.1000,193.2000,3978700
190.1000,194.1000,178.8000,181.8000,3822500
174.4000,175.4960,160.8000,167.0000,4744300
165.0000,174.6000,163.8300,173.6000,3091600
173.4000,175.9920,160.3000,162.3000,3765200
159.8000,168.6000,159.1000,161.3000,2491100
164.0000,171.3000,161.1000,166.6000,3096900
169.8000,170.7900,158.1000,162.0000,1925600
162.8000,168.9000,158.0900,168.9000,2845600
170.8000,178.0000,167.8880,174.4000,2276600
174.8000,184.3000,173.5000,183.6000,3704400
181.4000,182.8790,176.2750,179.5000,3046900
179.5000,184.3000,177.0000,181.9000,2747900
182.0000,184.4000,174.9090,177.8000,2742000
176.1000,178.4040,170.3000,172.7000,995800
171.3000,174.7000,166.6000,167.7000,1902300
170.2000,180.2000,169.8930,178.1000,2340000
178.1000,178.1000,178.1000,178.1000,0
179.8000,183.3310,178.3000,181.0000,2767400
184.0000,195.5000,183.3960,195.4000,4226300
196.0000,197.1800,191.0540,196.1000,2695400
195.0000,202.3000,191.4000,194.6000,3121700
196.3000,198.0000,190.2000,190.7000,1409100
193.0000,193.0000,181.1000,188.1000,1913200
187.0000,187.8000,181.5000,183.5000,1478400
184.7000,185.7000,179.9520,185.0000,1328000
186.1000,192.4340,184.2000,189.8000,1392500
189.0000,190.8000,185.4000,189.3000,1122900
190.6000,194.9000,188.4000,193.7000,1949700
192.9000,198.1000,191.0000,192.3000,1291000
182.7000,184.3000,164.2500,175.4000,4054600
177.0000,179.1500,168.7000,170.4000,2084900
170.4000,170.4000,170.4000,170.4000,0
173.6000,179.3000,172.3000,174.7000,1408000
171.1000,174.0000,167.1000,170.7000,2193600
170.0000,176.0000,168.2000,174.2000,1807000
175.6000,176.7000,170.0000,170.0000,1923700
169.5000,171.8500,166.5800,169.0000,1780800
169.0000,171.9000,165.1000,167.4000,1593100
163.9000,169.5000,161.0000,161.1000,1644800
164.2000,165.0000,156.5000,159.3000,1507600
158.7000,163.5000,157.4000,159.9000,1056400
158.0000,161.7000,150.5000,150.5000,2637300
150.4000,151.3000,141.0000,143.0000,2300200
143.1000,146.6200,141.9840,144.8000,2068800
141.5000,148.6000,138.8000,146.4000,1897000
149.9000,154.6000,149.0000,153.2000,1640400
154.8000,154.8000,149.7000,151.2000,1065000
151.6000,154.7000,150.6000,152.0000,1138200
154.1000,155.0000,148.1000,151.3000,1602100
145.0000,148.9750,142.7340,145.5000,2501300
147.6000,148.9000,143.5000,144.2000,2167900
141.6000,144.3800,134.7000,134.7000,2026800
137.5000,141.5700,137.5000,140.2000,1261300
138.9000,139.5000,134.6000,134.7000,1420500
135.7000,136.8000,132.7000,136.1000,1353800
137.6000,140.0000,130.1000,133.1000,1222200
134.8000,141.4000,132.2000,140.6000,1008700
141.9000,143.6640,139.2000,139.7000,1228200
135.6000,137.7000,132.8000,134.5000,1175200
136.7000,141.3000,134.2000,138.8000,1043900
140.4000,141.4000,135.1080,136.2000,1386000
137.2000,140.6300,134.3000,138.7000,951500
143.9000,158.9000,142.0000,155.6000,3086400
151.8000,153.8770,146.2000,149.8000,1948700
154.1000,160.5000,153.2000,157.0000,2346600
157.4000,159.0500,146.8000,152.9000,1247200
154.8000,158.6000,153.5000,154.7000,1116000
155.9000,162.9560,155.9000,161.4000,1165800
163.5000,165.6000,160.9000,164.7000,1077400
165.2000,167.0780,160.4000,165.7000,1689200
162.9000,169.1000,161.5000,164.8000,1094700
168.6000,170.8000,162.6000,167.4000,1201000
169.8000,176.0000,169.6200,172.5000,2107700
173.2000,176.9000,171.6000,174.9000,1053400
175.0000,175.0000,163.6000,165.0000,2075800
165.8000,170.2160,164.0720,168.5000,962900
171.2000,174.4000,165.7000,174.4000,984200
173.6000,174.5830,168.8000,170.4000,987200
168.0000,171.8000,167.7000,169.1000,803200
168.7000,174.5000,168.7000,173.8000,1066800
177.2000,177.2000,169.9000,172.1000,840500
166.9000,175.5000,166.9000,174.7000,673100
172.7000,175.7000,162.0580,163.4000,1393900
165.5000,185.0000,165.0000,185.0000,4085300
180.0000,191.8000,178.5000,182.2000,2272600
182.2000,194.9500,181.4000,193.0000,2065800
193.2000,199.1000,187.5000,194.6000,2138900
193.8000,198.3000,191.8000,197.0000,1187800
192.9000,195.2000,185.8720,193.0000,784900
192.3000,193.4000,180.5000,182.8000,1698600
184.6000,189.4000,182.0000,188.6000,1122400
186.8000,188.7000,180.3000,181.1000,1109100
181.0000,181.8000,171.0000,179.8000,1237200
180.8000,180.8000,173.7000,176.3000,738800
174.7000,185.2000,174.7000,185.2000,1111100
186.9000,190.0500,184.7000,185.3000,747000
185.3000,185.3000,185.3000,185.3000,0
185.0000,188.4000,179.3000,180.3000,1103400
177.5000,179.9000,171.8000,172.5000,1349400
172.5000,173.3000,164.5000,168.2000,2296200
169.1000,169.9800,165.0000,166.2000,863000
169.0000,177.3000,168.8000,177.3000,1567900
177.3000,180.1000,174.8000,177.2000,1219300
175.5000,178.0000,170.8000,174.3000,829600
177.4000,177.4000,170.1000,171.4000,1421900
170.1000,179.4000,170.1000,177.0000,1307100
178.1000,181.1000,176.6000,178.7000,933600
181.5000,189.0000,179.9000,187.0000,1523900
188.5000,193.3230,185.4000,187.1000,1100600
188.9000,190.0000,182.4000,186.5000,753100
182.1000,187.1000,180.0500,186.5000,641600
190.1000,190.4000,185.5000,185.8000,391900
186.6000,188.1000,181.4000,183.7000,493300
186.2000,186.2000,178.2380,183.6000,718600
186.3000,193.1000,184.3000,186.4000,1216600
188.5000,188.5000,181.5000,182.2000,1432800
183.9000,183.9000,177.6000,179.8000,718600
180.5000,180.5000,174.3000,175.1000,916100
174.0000,179.8000,174.0000,177.4000,784000
183.3000,187.0930,180.4000,182.0000,1442700
181.9000,182.5900,178.6000,179.0000,528200
176.7000,178.2000,173.6000,177.2000,866400
178.5000,178.5000,173.0000,175.9000,1242200
175.2000,176.0000,172.6000,175.6000,741400
177.6000,177.6000,172.7000,173.0000,510900
173.0000,176.3000,171.7620,175.7000,689500
174.5000,177.5000,171.8000,177.5000,751600
178.3000,179.3000,166.8000,173.8000,1418300
171.9000,176.3000,168.9000,169.7000,1137100
171.4000,176.7000,170.4000,176.7000,973600
178.4000,184.8000,175.8000,183.7000,1068600
181.6000,186.5000,181.6000,185.0000,976100
189.9000,194.4000,187.4000,194.1000,1658600
193.7000,194.6000,188.9000,194.1000,807700
195.0000,199.4800,188.2000,191.9000,931900
193.0000,195.9000,190.3000,191.8000,1047500
193.4000,196.2000,191.2000,196.0000,657200
194.9000,198.3000,193.6420,193.9000,941300
194.1000,195.3000,184.2000,184.7000,1048500
186.9000,196.1000,186.9000,196.1000,948000
192.3000,197.8000,192.3000,193.8000,579200
196.7000,196.7000,189.0000,190.3000,534700
188.7000,195.3900,188.0000,190.6000,563800
191.3000,194.1700,187.8000,188.7000,488900
188.0000,188.8000,181.6000,181.6000,867900
183.8000,185.1000,181.0000,184.0000,687200
183.2000,190.3000,183.2000,189.3000,495200
191.0000,196.0000,191.0000,191.1000,1270300
196.9000,201.2000,192.6000,198.0000,1680800
196.6000,209.0800,196.6000,199.0000,1716600
195.6000,201.9100,191.4000,193.0000,997500
194.3000,195.4000,191.4000,192.0000,348300
192.8000,196.1400,186.0000,187.5000,935400
186.0000,187.5680,178.1000,178.8000,1948000
183.8000,185.6000,177.9000,185.4000,1160100
187.4000,187.4000,181.3000,182.7000,752700
182.2000,186.5000,181.5000,186.3000,701800
185.8000,186.8960,181.3000,183.4000,416300
187.6000,187.6000,178.5000,178.7000,675400
176.3000,179.0000,171.9000,172.4000,889200
174.4000,176.8000,172.4000,176.6000,676500
178.7000,178.7000,174.3000,174.9000,411500
173.1000,176.4120,170.5000,172.1000,617300
171.8000,178.3000,171.8000,177.5000,495200
178.2000,184.4000,177.8800,181.7000,507900
181.7000,183.8000,179.9000,180.8000,510100
182.1000,182.1000,173.8000,173.8000,538900
174.0000,174.0000,160.4000,168.3000,1636100
169.0000,170.9000,165.0000,170.5000,809000
171.0000,174.7000,170.8960,172.8000,609300
172.0000,176.5000,169.8000,175.0000,686400
176.0000,178.5000,173.0000,176.2000,662700
177.1000,178.2000,174.9000,174.9000,427100
176.5000,180.0100,172.7000,174.8000,873200
174.5000,177.5000,170.5000,172.4000,746900
173.2000,178.5020,173.2000,174.9000,637300
175.2000,180.8000,174.6000,176.5000,709400
174.8000,185.5000,174.8000,184.0000,1244700
180.0000,185.0100,179.6000,182.6000,720100
184.3000,186.7600,182.4000,182.8000,1236400
182.7000,184.8000,178.6000,179.8000,1034400
188.8000,188.8000,178.7000,179.0000,517100
180.5000,184.8000,179.0000,184.0000,175600
184.0000,184.0000,184.0000,184.0000,0
184.0000,184.0000,184.0000,184.0000,0
185.0000,192.9920,183.0000,189.7000,837900
190.4000,194.0000,190.0000,191.0000,450700
193.6000,193.8000,190.4000,191.0000,86800
191.0000,191.0000,191.0000,191.0000,0
194.0000,194.0000,183.3080,188.9000,816900
189.4000,189.4000,183.7000,187.0000,704500
187.6000,188.8760,183.4000,183.8000,601600
183.3000,185.4000,179.2300,179.9000,1096700
183.7000,185.3600,177.2000,180.0000,1016500
180.8000,180.8000,173.6000,174.9000,829700
175.2000,178.5000,174.5000,175.2000,740900
177.1000,180.8600,174.7000,176.6000,920700
175.2000,177.4000,173.7000,176.7000,856100
174.4000,174.4000,165.0000,172.5000,2257600
173.0000,177.1000,171.5000,176.1000,1678900
175.4000,181.7000,175.4000,181.6000,1142800
182.0000,182.0000,178.0000,180.0000,762800
179.5000,180.7810,170.3000,171.4000,1332500
172.9000,175.7270,167.6000,168.9000,1254300
165.9000,168.2000,164.5000,166.0000,1595800
166.8000,172.3760,160.5000,161.8000,1174000
161.7000,161.7000,156.2000,157.9000,1338700
158.2000,162.8000,158.2000,162.6000,873100
165.2000,168.2050,155.5000,159.5000,1728400
161.5000,161.5080,155.6070,156.6000,1440100
157.0000,158.4100,149.5000,152.0000,1571400
150.6000,155.7000,149.9760,154.6000,1088400
154.0000,155.9000,149.0000,149.7000,909500
149.0000,154.8000,148.3000,154.0000,729900
156.2000,157.7760,152.9000,157.0000,602800
159.0000,167.3000,157.0000,160.6000,1691000
159.8000,163.4000,157.1000,158.5000,853500
161.5000,171.0000,159.7000,165.4000,2516200
165.7000,169.9000,160.3500,165.6000,1507100
163.7000,168.6000,159.7000,168.5000,1773700
168.5000,174.5000,168.5000,170.1000,1986900
169.7000,175.0000,169.5000,171.6000,892500
171.3000,173.7200,167.5000,170.9000,654000
169.1000,169.2000,155.3300,164.0000,2653700
160.4000,161.8000,156.5000,160.0000,1232400
162.3000,166.3000,158.8000,165.1000,1150100
162.8000,173.6530,160.1000,171.0000,3643800
171.4000,171.4000,165.3550,169.0000,2001300
169.0000,170.8000,164.7000,167.3000,1059500
167.0000,170.4000,163.8000,163.8000,1158400
163.1000,165.0000,150.9000,153.0000,2421100
146.6000,148.6000,127.3010,141.4000,5859100
145.7000,153.3000,141.0000,148.2000,2981200
150.4000,151.4000,145.7000,146.7000,1520800
147.1000,151.0000,143.6500,146.3000,1878900
146.5000,146.7000,139.6000,141.6000,2505000
137.9000,143.4000,135.8240,137.0000,1763400
139.2000,141.2000,136.4000,139.2000,1441700
140.0000,146.8500,138.9000,144.2000,1955200
146.7000,148.2080,137.7000,138.4000,1306800
136.0000,141.7000,135.0000,139.0000,1338700
140.8000,144.8000,139.9000,142.3000,1220400
142.7000,147.9000,141.6000,147.5000,1465500
145.1000,147.0400,142.0000,142.7000,1505700
142.5000,145.4000,141.3000,145.3000,1047900
147.0000,147.8000,142.1000,143.8000,1927300
143.2000,144.0000,139.5000,140.7000,782800
142.7000,144.6800,140.1400,143.4000,935100
145.5000,152.7800,143.5000,150.3000,1937300
148.0000,150.6000,145.4100,149.9000,939100
149.4000,154.0000,148.9000,152.8000,1045900
151.9000,158.1000,151.9000,154.6000,1080000
154.3000,158.1490,153.4300,155.8000,752000
157.6000,158.2000,155.1000,158.1000,563500
156.8000,160.2430,156.7900,159.9000,860600
161.5000,163.1000,156.9000,162.1000,696000
161.7000,161.7000,155.8000,155.8000,741800
157.8000,159.4000,148.8000,155.3000,1091300
156.9000,157.2550,152.6000,155.5000,864100
154.7000,159.3000,151.4000,151.6000,889600
149.7000,155.5000,148.4800,154.5000,638100
151.6000,153.1000,149.1200,151.5000,984800
152.7000,153.1000,148.3000,148.4000,1135900
149.4000,151.3000,146.1000,150.6000,866000
154.0000,154.7000,146.7000,150.2000,1003900
150.2000,150.2000,150.2000,150.2000,0
150.2000,150.2000,150.2000,150.2000,0
152.6000,156.3000,150.6000,155.0000,529600
156.4000,156.4000,153.1000,153.3000,380400
153.3000,155.2000,151.2900,153.7000,568500
153.6000,153.7000,150.4000,150.8000,329400
153.3000,153.3000,146.7920,148.0000,278100
149.1000,150.8000,147.3000,148.0000,699800
145.0000,146.6000,143.7200,145.6000,591700
152.4000,152.4000,142.6000,146.3000,371500
140.5000,146.9220,140.5000,146.0000,450400
146.0000,146.0000,146.0000,146.0000,0
146.0000,149.1100,144.4800,145.3000,347800
145.2000,146.6630,142.3400,145.8000,346400
146.0000,148.3000,144.7000,146.1000,400600
146.9000,147.5910,144.4000,145.8000,259400
146.8000,149.8790,141.3000,148.0000,367100
150.1000,150.7000,146.3820,147.3000,550400
149.0000,150.5600,146.4620,148.8000,250000
149.8000,153.4000,145.4720,148.4000,593100
148.2000,148.6000,140.2000,142.2000,566500
140.8000,142.4000,135.9040,138.8000,456700
132.1000,141.5000,132.1000,135.0000,540900
136.2000,138.0000,132.6000,136.8000,903500
143.2000,143.2000,137.3000,137.4000,1116700
138.0000,138.6000,135.6000,137.5000,1063400
137.5000,137.5000,137.5000,137.5000,0
139.7000,143.0000,136.7000,137.7000,1054000
138.7000,138.9700,136.6000,138.2000,767000
138.9000,141.3020,136.7000,139.0000,890500
139.5000,139.5000,135.8000,136.9000,491300
136.7000,139.0000,135.7000,137.2000,484900
136.4000,136.4000,133.2300,135.3000,713500
134.1000,136.4000,133.2000,134.2000,627600
135.0000,136.9000,131.7000,134.1000,601600
134.6000,137.6500,131.1000,137.0000,854100
138.3000,141.0000,136.4690,137.9000,413100
138.5000,138.5000,136.1000,137.4000,414400
137.0000,138.6000,131.3000,132.4000,987400
133.2000,133.2000,130.2840,132.7000,685900
130.4000,132.4000,127.6000,129.4000,744600
129.2000,130.0500,123.1000,124.6000,1682700
125.6000,127.0000,122.2000,126.5000,1191200
127.7000,131.1000,127.7000,130.5000,817600
131.4000,132.5000,123.0000,123.6000,1137900
122.0000,127.7000,121.7760,121.8000,1727800
123.7000,127.4000,121.3960,124.2000,1344800
123.9000,125.5000,121.4000,124.4000,774100
126.2000,126.2000,122.3000,125.4000,620300
124.7000,131.5000,124.7000,129.6000,1060000
129.4000,131.4450,129.4000,131.0000,599300
131.5000,132.0000,130.5000,131.0000,949800
130.9000,132.2000,130.3000,131.0000,999800
130.5000,133.3000,130.2500,132.9000,997300
133.9000,139.0000,133.3800,138.6000,1163600
138.8000,140.5000,137.7000,140.5000,744000
139.1000,144.0000,137.7000,143.0000,1036000
143.0000,143.9800,134.1480,141.0000,770300
141.8000,141.8000,138.4960,139.6000,588200
141.4000,142.4000,138.6000,139.9000,786400
141.1000,142.7000,139.3000,140.4000,568100
140.5000,144.2000,139.6900,142.7000,940900
141.7000,144.3000,139.5000,142.5000,570100
143.0000,144.5640,142.0000,143.0000,526700
143.1000,143.1000,137.5000,137.9000,416800
136.1000,136.4120,131.4000,135.5000,1090400
135.5000,136.7000,133.7000,136.7000,341100
130.0000,141.0000,130.0000,140.2000,483400
139.5000,142.7000,139.2000,141.6000,427800
143.6000,143.6000,140.1000,142.5000,394900
142.4000,143.9000,140.3000,141.1000,321900
141.1000,142.4370,137.7000,139.5000,315700
140.2000,142.6000,139.9000,140.3000,430100
142.1000,142.1000,136.6000,137.5000,428100
138.5000,138.5000,133.8000,134.6000,313000
133.4000,134.9000,129.9100,132.5000,738500
134.2000,135.0000,129.8000,133.3000,479500
132.9000,134.1800,130.0000,132.3000,289400
137.4000,137.5500,126.7000,130.1000,886400
132.0000,138.3220,125.0000,128.7000,863500
125.8000,130.4800,125.8000,128.7000,789200
130.6000,136.7000,128.0000,136.3000,702800
134.6000,139.7000,129.6000,132.5000,820400
134.0000,134.6800,130.2000,133.4000,757100
138.0000,138.0000,131.8000,133.3000,318900
130.2000,136.0000,130.2000,134.8000,601300
130.2000,139.6000,130.2000,139.6000,514700
139.6000,140.0800,136.2680,138.8000,502600
140.8000,140.8000,137.0000,139.7000,379000
139.0000,141.0000,137.0000,137.8000,317800
136.0000,139.8170,134.9000,138.0000,307000
138.0000,138.0000,138.0000,138.0000,0
132.9000,139.0360,132.9000,135.0000,587100
137.1000,138.0000,135.0120,136.4000,417700
136.1000,136.1000,129.3000,130.0000,535900
130.7000,132.8000,129.9000,132.1000,384900
131.8000,133.7000,131.0000,131.9000,271100
134.0000,135.9000,127.6000,128.0000,723400
129.9000,133.4000,127.6000,132.8000,860500
133.6000,135.5000,131.7800,133.3000,411900
133.3000,133.5300,130.7440,132.0000,619900
132.4000,132.6690,128.3800,131.0000,646400
131.6000,133.2000,130.6000,131.0000,740900
133.2000,133.2000,129.3000,130.0000,665800
130.0000,131.1000,126.0000,127.2000,740800
126.9000,129.9360,126.3000,127.2000,332200
127.9000,127.9120,125.8000,126.3000,253100
126.3000,128.7000,125.8000,128.4000,310200
129.2000,130.7000,127.8000,128.0000,574900
130.0000,131.2000,126.8000,129.0000,502000
132.2000,132.2000,128.5000,130.3000,799700
131.0000,133.2000,129.1020,129.9000,858300
125.0000,129.6000,124.8000,125.5000,621300
127.0000,128.1000,124.6000,127.9000,491900
129.4000,129.4000,120.4680,121.2000,825300
120.9000,122.1000,117.5000,118.3000,728500
117.3000,118.0000,113.5000,115.1000,854100
112.0000,114.7000,109.7000,112.3000,1534700
111.4000,111.5900,104.5000,105.1000,1165400
104.2000,104.4000,100.5000,101.3000,2078000
103.0000,104.0000,99.5530,102.2000,768900
103.0000,104.9110,100.5000,103.0000,677900
103.0000,106.9000,101.5400,102.8000,441100
101.0000,103.0000,94.7000,94.9000,1008200
96.1500,97.1500,91.6500,92.0000,1407400
91.6000,91.6000,87.6500,87.8500,1077900
88.5000,95.0130,88.5000,90.5500,1043800
93.4500,95.7500,91.8500,93.1500,1595300
92.7000,93.8500,87.0500,87.0500,1489100
88.0000,89.8500,82.8500,85.0000,1738200
85.8500,88.9440,84.6770,86.4500,1416500
87.3500,91.9500,86.0480,91.4500,1332000
88.0000,92.1500,87.5500,88.9000,950400
88.9500,92.7000,85.9000,91.9500,833200
90.7500,90.7500,87.7500,89.0000,1423300
87.4500,88.5670,87.1500,87.1500,571500
89.0000,89.0000,83.9000,85.5000,756000
84.1500,87.2500,84.1500,86.5500,818600
86.6500,91.2500,86.6500,89.6500,723500
89.0000,90.2130,85.0000,85.8500,670900
90.0000,90.0000,82.8500,84.1500,1167000
85.7500,88.9000,84.5000,85.6000,801900
84.5000,86.4410,81.0500,81.1000,851600
82.0000,82.9570,79.4280,79.7500,986300
79.2000,83.9500,78.3500,78.5000,1233000
80.4500,81.2670,79.0000,79.8500,733800
80.3000,81.3030,77.0000,77.9000,1139900
78.2500,79.5500,76.4500,79.3000,1062900
77.9500,80.2100,77.2700,80.2000,478500
81.7000,81.7000,77.9000,77.9000,586900
77.9000,79.9500,77.6400,78.9000,583800
79.0500,80.7340,77.0600,77.7000,534300
76.7000,79.7500,76.4000,77.3500,939300
78.0000,78.1500,75.1500,76.2500,414700
76.0000,76.0000,71.0000,71.4500,1097100
74.7000,75.2970,71.2500,73.2500,984400
70.7500,73.0000,70.2500,71.1500,766800
70.1500,72.7000,70.1500,71.8000,420000
70.7500,72.0500,69.8000,70.4500,624900
69.5500,74.9500,69.5500,70.4000,489700
70.4000,72.0920,67.9500,68.4000,764300
66.3000,68.5000,66.3000,68.0000,950600
68.0000,69.4500,67.5000,68.0000,615400
68.0000,69.2000,67.6500,68.6000,850200
65.6500,67.9820,62.5500,62.9500,2038100
62.6500,65.4000,62.4260,64.7000,985400
63.6000,66.4840,63.5000,64.3500,780300
63.9500,68.0000,63.0500,66.2000,751300
65.8500,66.7700,61.0000,61.0000,1007000
61.0000,63.4820,57.3500,57.3500,1445100
57.2500,58.0000,55.3500,55.8000,1063800
55.2000,55.2000,49.6200,49.6200,1983100
48.5000,52.1300,48.5000,48.6300,1714100
49.7900,49.7900,47.6000,49.1200,1230300
49.5900,52.1200,47.7100,47.9100,1365800
49.3700,51.8000,48.1600,50.5000,2756900
51.0000,52.5000,49.5000,50.5000,807300
50.2500,54.2500,50.2500,52.5000,626900
50.7500,52.6620,49.2500,49.2500,339100
49.2500,49.2500,49.2500,49.2500,0
49.2500,49.2500,49.2500,49.2500,0
51.7500,53.3300,50.2500,53.0000,511000
52.0000,53.0000,50.7500,51.7500,482000
50.7500,53.0000,50.7500,53.0000,157700
53.0000,53.0000,53.0000,53.0000,0
51.2500,55.7700,51.2500,55.0000,1018900
55.0000,56.3130,53.5000,55.0000,1100100
55.0000,58.6310,53.2500,56.2500,994400
56.2500,57.5630,54.8750,55.0000,1097300
54.7500,57.2500,54.7500,57.0000,1441300
55.2500,57.0500,55.0900,55.5000,816500
58.5000,58.7500,56.5800,57.5000,1032100
57.0000,59.0000,55.5000,58.0000,883500
56.0000,58.0950,52.0000,54.5000,1301900
52.0000,54.0000,50.0000,53.0000,1915000
51.5000,57.2500,51.5000,55.5000,825400
55.0000,57.0000,53.0000,55.2500,804400
54.0000,56.9380,52.2500,54.7500,735900
56.5000,58.0000,54.6250,56.7500,743800
59.7500,64.3500,56.1040,62.2500,1421000
64.2500,64.2500,57.5000,58.7500,978800
59.0000,59.2500,56.1690,57.0000,525100
57.7500,60.0000,55.0000,55.0000,1483900
56.5000,57.7200,55.2500,56.0000,554600
56.5000,57.2500,51.2500,51.2500,869600
50.7500,52.5150,50.0000,50.0000,983400
51.7500,53.1880,50.0000,50.2500,770700
53.2500,53.5000,51.0000,51.7500,1128100
54.5000,55.0000,52.2780,53.2500,945500
52.7500,55.2960,52.3200,54.0000,809300
55.7500,56.0000,54.0000,55.0000,877700
53.2500,59.7500,53.2500,59.7500,1649100
59.7500,62.4800,58.0000,60.5000,1669800
59.7500,63.2500,59.7500,62.2500,784700
63.5000,69.0240,62.0000,68.7500,2608700
70.0000,71.5630,67.1950,68.0000,1401700
67.2500,71.7500,67.0000,68.0000,979500
67.5000,69.0000,62.7500,63.5000,1104200
66.2500,66.7500,63.5000,63.5000,1360000
64.0000,64.0000,61.2500,63.0000,742500
63.5000,66.5000,61.4500,64.5000,703400
66.2500,67.2500,64.2500,65.0000,799400
64.5000,67.2500,63.1300,65.5000,710500
67.0000,67.2500,64.7500,65.0000,537000
64.7500,66.8150,64.7500,66.0000,580700
67.0000,67.5000,65.0000,65.5000,453700
68.0000,68.2500,65.5000,65.5000,535100
67.2500,68.1900,62.7500,64.0000,511300
65.7500,65.7500,58.4730,60.0000,1158800
60.2500,61.2500,59.2500,59.5000,442300
60.0000,60.0000,54.2500,55.0000,1837200
56.0000,56.7900,52.5000,53.0000,1240300
53.5000,54.4950,51.2500,52.7500,950600
53.0000,58.2500,53.0000,56.5000,3793500
55.2500,61.0000,55.2500,60.0000,3583700
60.7500,62.4410,58.0000,58.0000,1237900
59.7500,61.3750,57.5000,60.7500,1048000
60.7500,60.9080,59.7500,60.2500,1000700
57.7500,60.4920,57.7500,58.0000,1317700
56.2500,58.7500,55.0000,57.2500,1679600
54.7500,57.5000,54.5000,57.5000,1562300
58.7500,60.0750,56.4380,59.0000,1141800
58.5000,61.2500,58.2500,60.0000,981400
61.0000,62.7500,60.2500,62.7500,675800
62.5000,64.0000,60.0000,60.0000,843500
60.0000,62.6600,60.0000,61.7500,776600
63.2500,65.2500,62.5000,64.0000,1248000
65.0000,65.0000,62.2500,63.0000,589800
63.0000,64.3130,60.7500,61.2500,980300
64.2500,64.5630,61.5000,62.7500,811500
62.7500,62.7500,62.7500,62.7500,0
62.7500,62.7500,62.7500,62.7500,0
64.0000,65.2500,63.5000,65.0000,986100
65.0000,67.5000,64.8130,66.5000,1156100
67.2500,68.7500,65.5000,65.7500,1298800
65.5000,68.5000,65.0750,67.0000,751800
66.0000,68.7500,64.4910,65.5000,1451500
64.2500,67.7510,64.2500,66.2500,882300
65.0000,69.0000,65.0000,68.0000,1187900
68.7500,70.2500,68.3750,70.2500,1047700
70.2500,71.5000,68.0000,68.2500,862700
68.5000,70.2500,67.8600,68.7500,384700
72.0000,72.0000,66.5000,66.7500,665800
66.7500,68.6500,66.7500,67.5000,523400
66.7500,68.5000,66.3200,67.2500,510500
68.5000,72.0000,68.5000,71.7500,856200
72.2500,75.6800,70.2500,74.5000,992200
75.0000,80.0000,72.6000,79.2500,1649300
80.0000,80.2500,74.0000,80.0000,1592600
80.5000,83.0000,77.1090,78.0000,1231700
76.7500,82.7500,76.7500,77.5000,617400
77.5000,77.5000,77.5000,77.5000,0
81.5000,81.5000,76.2500,79.5000,729000
80.5000,81.1880,74.0000,77.0000,928300
78.0000,78.0000,74.2500,75.0000,1254100
75.0000,78.5000,74.2500,78.5000,554600
78.5000,80.7500,77.0000,78.0000,494200
78.5000,78.5000,75.3530,76.0000,428600
77.2500,82.0000,76.8400,78.7500,665600
77.0000,77.8130,75.5000,75.5000,591000
77.5000,78.3750,75.5000,76.5000,450900
77.0000,77.0000,72.1000,73.2500,703800
74.5000,74.5000,70.0000,71.7500,1186700
69.7500,72.0000,69.2500,71.5000,698600
72.0000,74.7500,70.5000,72.5000,712100
72.2500,74.7500,72.2500,74.5000,503400
74.5000,74.5000,74.5000,74.5000,0
75.0000,75.0000,70.5000,70.5000,572100
74.0000,74.0000,70.5000,72.0000,541500
71.7500,73.7500,70.2500,73.5000,472600
75.0000,75.0000,69.7500,74.5000,1214300
71.0000,75.2980,71.0000,75.2500,562100
71.5000,81.2500,71.5000,77.0000,1169200
78.0000,80.0000,76.6000,79.5000,914200
75.7500,79.7500,75.7500,76.7500,316500
77.7500,79.0000,75.7500,78.2500,587000
74.7500,78.2500,74.7500,76.0000,370300
75.5000,78.5000,74.5000,75.2500,303100
76.2500,78.2560,75.6370,76.7500,373500
78.2500,78.5000,75.0000,75.0000,266200
76.7500,77.0000,74.0000,74.0000,321700
74.0000,74.3000,71.0000,71.0000,736200
73.0000,73.0000,69.0000,70.0000,725700
69.0000,72.6500,68.1880,69.2500,539300
67.5000,70.7350,65.7500,65.7500,709500
65.0000,71.7500,65.0000,69.5000,2664600
71.2500,71.2500,67.0000,67.5000,785400
71.2500,71.2500,68.0000,69.5000,350400
68.0000,70.2500,66.0000,70.2500,700000
66.5000,69.2500,66.5000,69.0000,308700
70.5000,70.5000,67.5000,69.5000,367800
68.2500,70.5000,66.7500,68.0000,340700
70.0000,70.0000,65.2500,66.5000,191400
69.7500,69.7500,65.0000,66.5000,275700
65.0000,68.0000,64.5000,66.0000,266900
68.5000,68.5000,64.2500,64.5000,201800
61.7500,64.5000,59.5000,60.5000,1274000
63.0000,63.0000,55.5000,56.5000,1258800
54.0000,58.2500,54.0000,57.2500,868600
55.0000,59.0000,55.0000,58.7500,749500
60.0000,61.1500,58.2500,58.7500,375100
61.7500,63.0000,58.5500,62.7500,468800
59.7500,63.0000,59.0000,59.7500,575700
59.0000,60.2500,57.5000,59.5000,537300
60.5000,62.1600,59.2000,60.0000,494400
57.7500,60.0000,57.7500,58.0000,409100
57.0000,59.8000,56.5000,56.5000,430500
59.5000,59.5000,54.2500,55.7500,467800
54.2500,57.7630,54.2500,56.7500,663500
54.0000,57.2500,54.0000,55.7500,334200
53.7500,56.2500,53.7500,55.7500,269700
55.2500,58.5000,54.2500,57.7500,426800
59.0000,59.5250,56.2500,57.5000,563900
56.0000,59.5630,56.0000,58.5000,552600
61.0000,61.0000,58.0000,58.5000,699500
61.0000,61.0000,56.7500,57.7500,349900
59.0000,59.0000,56.7500,57.0000,180500
56.5000,59.3130,55.7500,55.7500,261100
59.0000,60.2500,56.5000,58.7500,680700
60.7500,62.7500,57.5300,61.0000,1014200
64.5000,64.5000,60.2500,61.7500,591800
64.0000,64.0000,62.0000,62.7500,254200
59.7500,64.0000,59.7500,64.0000,782200
60.2500,64.0000,60.2500,63.0000,595800
65.2500,65.7500,62.5000,63.0000,702900
65.7500,66.5000,64.0000,65.2500,753900
68.2500,68.2500,63.5000,64.5000,382500
65.0000,69.2500,64.2500,69.2500,648000
67.5000,71.0000,66.6880,70.0000,786000
69.0000,69.0000,64.0000,65.0000,678200
65.5000,66.1000,63.5000,64.0000,253100
64.0000,64.1500,55.7500,57.5000,810100
55.0000,57.9120,54.0000,56.7500,858100
59.0000,59.0000,55.0000,57.7500,402200
59.5000,61.5500,57.7500,58.5000,646700
61.0000,62.0000,59.2500,61.7500,321300
61.7500,61.7500,61.7500,61.7500,0
61.5000,62.1000,57.0000,57.0000,581800
60.2500,60.7500,57.5000,59.0000,488000
60.0000,63.5250,59.0000,62.2500,387300
65.2500,65.2500,58.7500,58.7500,366200
58.7500,61.9000,57.8750,58.0000,227100
61.2500,61.2500,58.5000,59.0000,186200
60.2500,62.5000,59.5000,60.5000,489821
61.5000,61.5000,56.5000,56.5000,658252
58.0000,58.0000,55.2500,55.7500,347634
54.0000,58.0000,54.0000,57.2500,262483
56.5000,57.7500,55.5000,56.0000,193844
57.0000,59.5000,56.9100,58.7500,183348
57.5000,59.0900,57.5000,59.0000,177965
50.0000,52.0000,38.2500,40.0000,4944283
37.0000,37.7500,29.4000,29.7500,3768687
29.7500,34.0000,29.7500,32.0000,2012757
31.5000,37.0100,31.5000,34.0000,896941
35.0000,36.0000,33.7500,35.0000,1258949
36.2500,38.1300,35.5000,35.7500,1023503
