278.5000,282.0000,240.0000,250.5000,352200
250.5000,248.0000,242.0000,244.0000,44500
244.0000,243.0000,235.0000,240.0000,341600
240.0000,240.0000,230.0000,235.0000,0
235.0000,237.0000,235.0000,235.0000,400
235.0000,235.0000,235.0000,235.0000,0
235.0000,235.0000,235.0000,235.0000,0
235.0000,238.0000,230.0000,235.0000,2800
235.0000,230.0000,225.0000,230.0000,13000
230.0000,237.0000,230.0000,235.0000,0
235.0000,240.0000,235.0000,236.5000,100000
236.5000,236.5000,236.5000,236.5000,0
236.5000,238.0000,236.5000,236.5000,3000
236.5000,234.0000,234.0000,234.0000,0
234.0000,238.0000,230.0000,234.0000,10200
234.0000,234.0000,230.0000,234.0000,35000
234.0000,234.0000,230.0000,234.0000,9000
232.5000,232.5000,228.0000,232.5000,8400
232.5000,232.5000,232.5000,232.5000,0
232.5000,232.0000,232.0000,232.0000,0
232.0000,232.0000,232.0000,232.0000,0
232.0000,234.0000,232.0000,232.0000,900
232.0000,232.0000,230.0000,232.0000,200
232.0000,234.0000,232.0000,232.0000,0
232.0000,232.0000,230.0000,232.0000,300
232.0000,232.0000,230.0000,232.0000,0
232.0000,232.0000,232.0000,232.0000,0
232.5000,232.0000,232.0000,232.0000,0
232.5000,232.0000,230.0000,232.0000,300
232.0000,230.5000,230.0000,230.5000,3300
230.5000,229.5000,229.5000,229.5000,0
229.5000,230.3750,229.5000,229.5000,13200
229.5000,229.5000,229.5000,229.5000,0
229.5000,229.5000,229.5000,229.5000,0
229.5000,229.5000,229.5000,229.5000,0
229.0000,229.0000,229.0000,229.0000,0
229.0000,229.0000,227.0000,229.0000,500
229.0000,229.0000,229.0000,229.0000,0
229.0000,229.0000,229.0000,229.0000,0
227.5000,227.5000,225.0000,227.5000,6000
227.5000,225.0000,223.0000,223.0000,28100
192.5000,215.0000,190.0000,195.0000,30800
195.0000,197.0000,190.0000,193.0000,9400
193.0000,188.0000,160.0000,171.0000,148100
173.0000,173.0000,168.0000,173.0000,1000
173.0000,173.0000,172.0000,173.0000,300
173.0000,173.0000,173.0000,173.0000,0
173.0000,169.5000,168.0000,169.5000,7000
169.5000,171.7500,169.5000,169.5000,5700
169.5000,169.5000,169.5000,169.5000,3000
169.5000,170.0000,169.5000,169.5000,5000
169.5000,170.0000,165.0000,169.5000,0
169.5000,169.5000,168.0000,169.5000,12300
169.5000,169.5000,169.5000,169.5000,0
169.5000,170.0000,165.0000,169.5000,0
169.5000,169.5000,169.5000,169.5000,0
169.5000,169.5000,165.0000,169.5000,0
169.5000,171.5000,169.5000,169.5000,1100
171.0000,174.0000,171.0000,174.0000,19400
174.0000,176.0000,174.0000,174.0000,2800
174.0000,176.0000,174.0000,174.0000,6300
174.0000,177.0000,170.0000,174.0000,18900
174.0000,174.0000,174.0000,174.0000,0
174.0000,174.0000,170.0000,174.0000,1100
174.0000,174.0000,174.0000,174.0000,0
174.0000,175.0000,174.0000,174.0000,900
175.0000,175.0000,172.0000,174.0000,23400
174.0000,174.0000,174.0000,174.0000,0
174.0000,174.0000,174.0000,174.0000,0
174.0000,175.0000,172.0000,172.0000,0
172.0000,169.5000,164.0000,169.5000,0
169.5000,169.5000,169.5000,169.5000,0
169.5000,165.0000,154.0000,161.0000,0
157.5000,158.5000,158.0000,158.5000,0
158.5000,162.0000,156.0000,162.0000,0
162.0000,167.0000,166.0000,166.0000,0
166.0000,170.0000,166.3200,167.5000,0
165.0000,173.0000,170.0000,170.0000,0
170.0000,170.0000,170.0000,170.0000,0
170.0000,172.0000,166.0000,171.5000,0
171.5000,171.5000,171.5000,171.5000,0
171.5000,171.5000,171.5000,171.5000,0
171.5000,171.5000,171.5000,171.5000,0
171.5000,171.5000,170.0000,171.5000,0
171.5000,171.5000,171.5000,171.5000,0
171.5000,173.5000,173.0000,173.5000,0
173.5000,173.5000,173.5000,173.5000,0
175.0000,175.0000,175.0000,175.0000,0
175.0000,175.0000,175.0000,175.0000,0
175.0000,175.0000,175.0000,175.0000,0
175.0000,175.0000,175.0000,175.0000,0
175.0000,175.0000,170.0000,175.0000,0
175.0000,175.0000,175.0000,175.0000,0
175.0000,175.0000,175.0000,175.0000,0
175.0000,175.0000,175.0000,175.0000,0
175.0000,175.0000,175.0000,175.0000,0
175.0000,175.0000,175.0000,175.0000,0
175.0000,176.0000,170.0000,174.0000,0
174.0000,174.0000,174.0000,174.0000,0
174.0000,174.0000,174.0000,174.0000,0
174.0000,174.0000,174.0000,174.0000,0
174.0000,174.0000,174.0000,174.0000,0
174.0000,174.0000,174.0000,174.0000,0
174.0000,174.0000,174.0000,174.0000,0
174.0000,174.0000,172.0000,174.0000,0
174.0000,174.0000,174.0000,174.0000,0
175.0000,175.9200,168.0000,173.0000,0
173.0000,173.0000,173.0000,173.0000,0
173.0000,173.0000,168.0000,173.0000,0
173.0000,173.0000,173.0000,173.0000,0
173.0000,173.0000,170.0000,173.0000,0
173.0000,173.0000,173.0000,173.0000,0
173.0000,173.0000,173.0000,173.0000,0
173.0000,168.0000,162.0000,166.0000,0
166.0000,166.0000,158.0000,158.0000,0
158.0000,153.0000,150.0000,150.5000,0
150.0000,153.5000,153.0000,153.0000,0
153.0000,153.0000,153.0000,153.0000,0
153.0000,153.0000,153.0000,153.0000,0
153.0000,156.4200,149.7000,154.0000,0
156.0000,156.0000,152.0000,156.0000,0
162.0000,162.0000,162.0000,162.0000,0
162.0000,168.3000,160.0000,165.0000,0
165.0000,178.0000,168.3000,174.0000,0
174.0000,180.7000,176.2200,178.5000,0
180.0000,180.1800,178.5000,179.5000,0
179.5000,183.5000,178.1000,183.5000,0
183.5000,183.5000,183.5000,183.5000,0
183.5000,183.5000,180.0000,183.5000,0
183.5000,183.5000,180.0000,183.5000,0
183.5000,183.5000,183.5000,183.5000,0
190.0000,190.0000,190.0000,190.0000,0
190.0000,200.0000,189.6200,197.5000,0
197.5000,200.0000,175.0000,178.0000,0
178.0000,184.5000,175.0000,181.0000,0
182.0000,182.0000,182.0000,182.0000,0
182.0000,182.0000,182.0000,182.0000,0
182.0000,182.0000,182.0000,182.0000,0
182.0000,182.0000,182.0000,182.0000,0
182.0000,182.0000,182.0000,182.0000,0
182.0000,180.5000,177.0000,180.5000,0
175.0000,177.0000,170.0000,174.5000,0
174.5000,174.5000,172.0000,174.5000,0
174.5000,174.5000,172.7000,174.5000,0
174.5000,174.5000,174.5000,174.5000,0
174.5000,177.0000,176.0000,176.0000,0
176.0000,176.0000,176.0000,176.0000,0
175.0000,175.0000,175.0000,175.0000,0
175.0000,175.0000,175.0000,175.0000,0
175.0000,175.0000,170.1700,175.0000,0
175.0000,175.0000,175.0000,175.0000,0
175.0000,179.0000,170.4000,176.0000,0
176.0000,176.0000,176.0000,176.0000,0
176.0000,186.8000,177.0000,182.5000,0
181.5000,181.5000,181.5000,181.5000,0
181.5000,181.5000,181.5000,181.5000,0
181.5000,181.5000,181.5000,181.5000,0
181.5000,181.5000,181.5000,181.5000,0
181.5000,181.5000,181.5000,181.5000,0
181.5000,181.5000,181.5000,181.5000,0
181.5000,181.5000,181.5000,181.5000,0
181.5000,181.5000,181.5000,181.5000,0
181.5000,181.5000,181.5000,181.5000,0
181.5000,187.8120,184.0000,184.0000,0
184.0000,180.0000,176.0000,179.0000,0
179.0000,179.0000,179.0000,179.0000,0
179.0000,179.0000,179.0000,179.0000,0
179.0000,179.0000,179.0000,179.0000,0
179.0000,179.0000,179.0000,179.0000,0
179.0000,182.8000,175.0000,178.0000,0
178.0000,178.0000,178.0000,178.0000,0
178.0000,185.0000,180.0000,180.0000,0
180.0000,184.8000,178.2800,181.0000,0
181.5000,181.5000,181.5000,181.5000,0
181.5000,181.5000,181.5000,181.5000,0
181.5000,185.0000,179.1200,182.5000,0
182.5000,182.5000,182.5000,182.5000,0
182.5000,182.5000,182.5000,182.5000,0
182.5000,182.5000,182.5000,182.5000,0
182.5000,182.5000,182.5000,182.5000,0
182.5000,185.0000,182.0000,185.0000,0
185.0000,185.0000,185.0000,185.0000,0
185.0000,185.0000,185.0000,185.0000,0
185.0000,186.0000,181.0000,184.0000,0
184.0000,184.0000,180.0000,184.0000,0
184.0000,184.0000,180.0000,184.0000,0
184.0000,185.0000,179.0000,183.0000,0
183.0000,183.0000,183.0000,183.0000,0
183.0000,180.5000,178.0000,180.5000,0
180.5000,178.0000,176.0000,178.0000,0
178.0000,178.0000,173.1730,178.0000,0
178.0000,177.1100,173.1730,173.5000,0
173.5000,173.5000,160.0000,163.0000,0
163.0000,164.6200,160.0000,164.0000,0
164.0000,164.0000,164.0000,164.0000,0
164.0000,164.0000,164.0000,164.0000,0
164.0000,164.0000,164.0000,164.0000,0
164.0000,164.0000,164.0000,164.0000,0
164.0000,164.0000,164.0000,164.0000,0
164.0000,164.0000,161.0000,164.0000,0
164.0000,164.0000,164.0000,164.0000,0
164.0000,172.0000,163.6720,166.5000,0
165.0000,165.0000,165.0000,165.0000,0
162.5000,162.5000,162.5000,162.5000,0
162.5000,162.5000,162.5000,162.5000,0
162.5000,162.5000,160.0000,162.5000,0
162.5000,162.5000,161.0000,162.5000,0
162.5000,162.5000,162.5000,162.5000,0
162.5000,162.5000,162.5000,162.5000,0
162.5000,162.5000,160.0000,162.5000,0
162.5000,162.5000,162.5000,162.5000,0
162.5000,162.5000,162.5000,162.5000,0
163.5000,163.0000,160.0000,162.5000,0
162.5000,162.5000,160.0000,162.5000,0
162.5000,160.5000,155.0000,160.5000,0
162.5000,162.5000,160.0000,162.5000,0
162.5000,169.0000,160.0000,165.0000,0
165.0000,165.0000,165.0000,165.0000,0
170.0000,170.0000,170.0000,170.0000,0
170.0000,175.0000,170.0000,175.0000,0
175.0000,175.0000,175.0000,175.0000,0
175.0000,175.0000,175.0000,175.0000,0
175.0000,175.0000,175.0000,175.0000,0
175.0000,170.0000,160.0000,163.5000,0
163.5000,163.5000,160.0000,163.5000,0
163.5000,162.0000,155.0000,155.0000,0
163.5000,163.5000,163.5000,163.5000,0
163.5000,163.0000,150.0000,155.5000,0
155.5000,156.0000,148.0000,154.5000,0
154.5000,153.0000,147.5000,151.0000,0
151.0000,151.0000,151.0000,151.0000,0
151.0000,151.0000,151.0000,151.0000,0
151.0000,154.0000,151.5000,151.5000,0
153.0000,153.0000,153.0000,153.0000,0
153.0000,153.0000,153.0000,153.0000,0
153.0000,153.0000,153.0000,153.0000,0
153.0000,153.0000,153.0000,153.0000,0
153.0000,153.0000,153.0000,153.0000,0
153.0000,153.0000,153.0000,153.0000,0
153.0000,153.0000,153.0000,153.0000,0
153.0000,153.0000,152.0000,153.0000,0
153.0000,153.0000,153.0000,153.0000,0
153.0000,153.0000,153.0000,153.0000,0
153.0000,153.0000,153.0000,153.0000,0
153.0000,153.0000,153.0000,153.0000,0
153.0000,153.0000,153.0000,153.0000,0
153.0000,153.0000,151.6000,153.0000,0
153.0000,153.0000,153.0000,153.0000,0
153.0000,153.0000,153.0000,153.0000,0
153.0000,153.0000,151.5000,153.0000,0
153.0000,153.0000,153.0000,153.0000,0
153.0000,153.0000,153.0000,153.0000,0
153.0000,153.0000,153.0000,153.0000,0
153.0000,153.0000,151.0000,153.0000,0
153.0000,153.0000,151.2500,153.0000,0
153.0000,153.0000,153.0000,153.0000,0
153.0000,154.7500,153.0000,153.5000,0
153.5000,153.5000,153.5000,153.5000,0
153.5000,153.5000,152.0000,153.5000,0
153.5000,153.5000,152.2500,153.5000,0
153.5000,153.5000,153.5000,153.5000,0
153.5000,153.5000,153.5000,153.5000,0
153.5000,153.5000,153.5000,153.5000,0
153.5000,153.5000,153.5000,153.5000,0
153.5000,153.5000,153.5000,153.5000,0
153.5000,153.5000,153.5000,153.5000,0
153.5000,153.5000,153.5000,153.5000,0
153.5000,153.5000,153.5000,153.5000,0
153.5000,153.5000,153.5000,153.5000,0
153.5000,153.5000,152.0000,153.5000,0
153.5000,153.5000,153.5000,153.5000,0
153.5000,153.5000,153.5000,153.5000,0
153.5000,153.5000,153.5000,153.5000,0
153.5000,153.5000,153.5000,153.5000,0
153.5000,153.5000,153.5000,153.5000,0
153.5000,153.5000,153.5000,153.5000,0
153.5000,153.5000,153.5000,153.5000,0
153.5000,153.5000,153.5000,153.5000,0
153.5000,153.5000,153.5000,153.5000,0
153.5000,153.5000,152.0000,153.5000,0
153.5000,153.5000,153.5000,153.5000,0
152.5000,152.5000,152.5000,152.5000,0
152.5000,152.5000,150.0000,152.5000,0
152.5000,152.5000,152.5000,152.5000,0
152.5000,152.5000,152.5000,152.5000,0
152.5000,152.5000,152.5000,152.5000,0
152.5000,152.5000,152.5000,152.5000,0
152.5000,152.5000,152.5000,152.5000,0
152.5000,152.5000,151.0000,152.5000,0
152.5000,152.5000,152.5000,152.5000,0
152.5000,152.5000,152.5000,152.5000,0
152.5000,160.0000,155.0000,155.0000,0
155.0000,160.0000,154.0000,155.5000,0
155.5000,155.5000,155.5000,155.5000,0
155.5000,155.5000,155.5000,155.5000,0
155.5000,155.5000,155.5000,155.5000,0
156.5000,165.0000,155.0000,160.0000,0
160.0000,167.0000,157.5000,161.0000,0
161.0000,161.0000,161.0000,161.0000,0
161.0000,161.0000,161.0000,161.0000,0
161.0000,161.0000,161.0000,161.0000,0
161.0000,161.0000,161.0000,161.0000,0
161.0000,161.0000,161.0000,161.0000,0
161.0000,161.0000,161.0000,161.0000,0
161.0000,161.0000,161.0000,161.0000,0
161.0000,161.0000,161.0000,161.0000,0
161.0000,161.0000,161.0000,161.0000,0
161.0000,161.0000,161.0000,161.0000,0
161.0000,161.0000,161.0000,161.0000,0
161.0000,161.0000,161.0000,161.0000,0
161.0000,165.0000,159.0000,160.0000,0
160.0000,160.0000,159.0000,160.0000,0
160.0000,160.0000,160.0000,160.0000,0
160.0000,160.0000,159.0000,160.0000,0
160.0000,164.0000,161.0000,161.0000,0
161.0000,161.0000,161.0000,161.0000,0
161.0000,161.0000,161.0000,161.0000,0
161.0000,161.0000,161.0000,161.0000,0
161.0000,161.0000,161.0000,161.0000,0
161.5000,165.0000,163.0000,163.0000,0
163.0000,163.0000,163.0000,163.0000,0
163.0000,168.0000,159.0000,164.0000,0
164.0000,164.0000,164.0000,164.0000,0
164.0000,165.0000,160.0000,162.5000,0
161.5000,161.5000,161.5000,161.5000,0
161.5000,161.5000,160.0000,161.5000,0
164.0000,170.0000,165.0000,167.5000,0
167.5000,170.0000,164.0000,166.5000,0
167.5000,167.5000,167.5000,167.5000,0
168.5000,168.5000,168.5000,168.5000,0
168.5000,168.5000,165.0000,168.5000,0
168.5000,168.5000,168.5000,168.5000,0
168.5000,168.5000,168.5000,168.5000,0
168.5000,168.5000,165.0000,168.5000,0
168.5000,168.5000,168.5000,168.5000,0
169.0000,175.0000,170.0000,174.5000,0
174.5000,174.5000,174.5000,174.5000,0
174.5000,176.5000,174.0000,176.0000,0
176.0000,178.0000,172.0000,175.0000,0
175.0000,177.0000,172.0000,175.5000,0
175.5000,175.5000,175.5000,175.5000,0
176.5000,176.5000,176.5000,176.5000,0
176.5000,176.5000,176.5000,176.5000,0
178.5000,178.5000,178.5000,178.5000,0
178.5000,177.5000,175.0000,177.5000,0
177.5000,177.5000,177.5000,177.5000,0
177.5000,177.5000,175.0000,177.5000,0
177.5000,177.5000,177.5000,177.5000,0
177.5000,177.5000,177.5000,177.5000,0
177.5000,177.5000,177.5000,177.5000,0
178.5000,178.5000,178.5000,178.5000,0
178.5000,178.5000,177.0000,178.5000,0
178.5000,180.0000,178.3000,179.5000,0
179.5000,181.0000,179.0000,180.5000,0
180.5000,180.5000,180.5000,180.5000,0
180.5000,180.5000,180.5000,180.5000,0
180.5000,180.5000,180.5000,180.5000,0
181.0000,181.0000,181.0000,181.0000,0
181.0000,181.0000,181.0000,181.0000,0
181.0000,182.0000,180.0000,181.5000,0
181.5000,181.5000,181.5000,181.5000,0
182.5000,182.5000,181.4500,182.5000,0
182.5000,185.0000,184.0000,184.0000,0
184.0000,187.0000,186.0000,186.0000,0
186.0000,187.0000,185.0000,187.0000,0
187.0000,187.0000,185.0000,187.0000,0
187.0000,188.0000,185.0000,187.5000,0
187.5000,187.5000,187.5000,187.5000,0
187.5000,187.5000,185.7500,187.5000,0
187.5000,187.5000,187.5000,187.5000,0
187.5000,187.5000,187.5000,187.5000,0
187.5000,187.5000,187.5000,187.5000,0
187.5000,187.5000,183.0000,187.5000,0
187.5000,187.5000,187.5000,187.5000,0
187.5000,187.6880,183.0000,185.5000,0
185.5000,187.6880,183.0000,184.5000,0
184.5000,184.5000,184.5000,184.5000,0
184.5000,184.5000,184.5000,184.5000,0
183.0000,183.0000,180.0000,183.0000,0
183.0000,183.0000,183.0000,183.0000,0
181.0000,181.0000,181.0000,181.0000,0
180.0000,180.0000,180.0000,180.0000,0
179.0000,179.0000,179.0000,179.0000,0
179.0000,179.0000,172.0000,174.0000,0
173.0000,169.0000,165.0000,169.0000,0
169.0000,169.0000,169.0000,169.0000,0
169.0000,169.0000,169.0000,169.0000,0
169.0000,169.0000,169.0000,169.0000,0
169.0000,168.5000,165.4000,168.5000,0
168.5000,168.5000,168.5000,168.5000,0
168.5000,168.5000,168.5000,168.5000,0
168.5000,165.0000,155.0000,160.0000,0
160.0000,163.4000,153.0000,155.0000,0
155.0000,163.4000,153.0000,154.0000,0
152.0000,152.0000,152.0000,152.0000,0
152.0000,151.5000,147.0000,151.5000,0
151.5000,151.5000,151.5000,151.5000,0
147.0000,147.0000,147.0000,147.0000,0
147.0000,147.0000,147.0000,147.0000,0
145.0000,145.0000,145.0000,145.0000,0
144.0000,142.5000,137.0000,142.5000,0
142.5000,141.5000,138.0000,141.5000,0
141.5000,140.0000,138.0000,140.0000,0
140.0000,139.5000,137.7500,139.5000,0
139.5000,142.0000,138.6000,140.0000,0
141.0000,141.0000,141.0000,141.0000,0
141.0000,140.0000,139.0000,139.0000,0
139.0000,139.0000,136.9000,139.0000,0
139.0000,139.0000,139.0000,139.0000,0
139.0000,139.0000,136.0000,139.0000,0
139.0000,139.0000,136.9000,139.0000,0
139.0000,138.5000,135.0000,138.5000,0
138.5000,138.5000,138.5000,138.5000,0
138.5000,138.5000,138.5000,138.5000,0
138.5000,138.5000,135.0000,138.5000,0
138.5000,138.5000,135.0000,138.5000,0
138.5000,138.5000,135.0000,138.5000,0
138.5000,138.5000,138.5000,138.5000,0
138.5000,138.5000,138.5000,138.5000,0
138.5000,138.5000,138.5000,138.5000,0
138.5000,138.5000,138.5000,138.5000,0
138.5000,138.5000,138.5000,138.5000,0
138.5000,138.5000,138.5000,138.5000,0
138.5000,138.5000,138.5000,138.5000,0
138.5000,138.5000,138.5000,138.5000,0
138.5000,138.5000,138.5000,138.5000,0
138.5000,138.5000,138.5000,138.5000,0
138.5000,138.5000,138.5000,138.5000,0
138.5000,138.5000,135.7000,138.5000,0
138.5000,138.5000,138.5000,138.5000,0
138.0000,138.0000,138.0000,138.0000,0
138.0000,139.0000,134.0000,136.0000,0
136.0000,136.0000,132.8000,136.0000,0
134.0000,134.0000,134.0000,134.0000,0
134.0000,134.0000,134.0000,134.0000,0
134.0000,134.0000,134.0000,134.0000,0
135.0000,135.0000,135.0000,135.0000,0
136.0000,136.0000,136.0000,136.0000,0
135.0000,135.0000,135.0000,135.0000,0
135.0000,135.0000,135.0000,135.0000,0
135.0000,135.0000,135.0000,135.0000,0
135.0000,135.0000,135.0000,135.0000,0
135.0000,135.0000,135.0000,135.0000,0
135.0000,135.0000,135.0000,135.0000,0
130.0000,130.0000,130.0000,130.0000,0
130.0000,130.0000,130.0000,130.0000,0
130.0000,131.0000,128.6000,131.0000,0
130.0000,130.0000,130.0000,130.0000,0
130.0000,130.0000,130.0000,130.0000,0
130.0000,130.0000,130.0000,130.0000,0
130.0000,130.0000,130.0000,130.0000,0
130.0000,130.0000,130.0000,130.0000,0
130.0000,130.0000,130.0000,130.0000,0
130.0000,130.0000,130.0000,130.0000,0
130.0000,130.0000,130.0000,130.0000,0
130.0000,130.0000,125.0000,130.0000,0
130.0000,130.0000,130.0000,130.0000,0
130.0000,130.0000,130.0000,130.0000,0
130.0000,130.0000,130.0000,130.0000,0
130.0000,130.0000,126.0000,130.0000,0
130.0000,130.0000,130.0000,130.0000,0
130.0000,130.0000,130.0000,130.0000,0
130.0000,135.0000,132.5000,132.5000,0
132.5000,132.5000,132.5000,132.5000,0
132.5000,132.5000,131.0000,132.5000,0
132.5000,132.5000,132.5000,132.5000,0
132.5000,132.5000,130.0000,132.5000,0
132.5000,132.5000,132.5000,132.5000,0
132.5000,132.5000,132.5000,132.5000,0
132.5000,132.5000,132.5000,132.5000,0
132.5000,132.5000,132.5000,132.5000,0
132.5000,132.5000,132.5000,132.5000,0
132.5000,132.5000,130.0000,130.0000,0
130.0000,130.0000,125.0000,130.0000,0
127.5000,127.5000,125.0000,127.5000,0
127.5000,127.5000,123.0000,125.0000,0
123.0000,123.0000,123.0000,123.0000,0
123.0000,121.7500,110.0000,115.0000,0
117.5000,117.5000,117.5000,117.5000,0
117.5000,117.5000,117.5000,117.5000,0
117.5000,117.5000,117.5000,117.5000,0
117.5000,117.5000,117.5000,117.5000,0
117.5000,115.0000,97.0000,100.5000,0
100.5000,100.0000,85.0000,85.0000,0
85.0000,86.5000,83.0000,86.5000,0
86.5000,86.5000,84.0000,86.5000,0
86.5000,91.0000,84.0000,88.0000,0
88.0000,91.0000,86.0000,89.0000,0
89.0000,91.5000,87.0000,91.5000,0
91.5000,97.5070,89.0000,93.0000,0
93.0000,96.0000,88.0000,92.5000,0
92.5000,92.5000,92.5000,92.5000,0
92.5000,92.5000,92.5000,92.5000,0
92.5000,105.0000,95.0000,101.5000,0
103.5000,103.5000,103.5000,103.5000,0
105.0000,110.0000,107.0000,107.5000,0
107.5000,111.5000,106.0500,111.5000,0
111.5000,111.5000,111.5000,111.5000,0
111.5000,113.5000,110.0000,113.5000,0
113.5000,113.5000,110.0000,113.5000,0
113.5000,113.5000,110.0000,113.5000,0
114.0000,114.0000,114.0000,114.0000,0
115.0000,115.0000,115.0000,115.0000,0
114.0000,114.5000,112.8200,114.5000,0
114.5000,113.5000,113.0000,113.0000,0
113.0000,113.0000,113.0000,113.0000,0
113.0000,113.0000,113.0000,113.0000,0
113.0000,113.0000,113.0000,113.0000,0
113.0000,113.0000,113.0000,113.0000,0
113.0000,113.0000,111.0000,113.0000,0
113.0000,113.0000,113.0000,113.0000,0
113.0000,113.0000,113.0000,113.0000,0
113.0000,113.0000,113.0000,113.0000,0
113.0000,115.0000,114.5000,114.5000,0
114.5000,114.5000,114.5000,114.5000,0
114.5000,114.5000,114.5000,114.5000,0
114.5000,114.5000,112.2500,114.5000,0
113.5000,113.5000,113.5000,113.5000,0
113.5000,113.5000,113.5000,113.5000,0
113.5000,113.5000,112.0000,113.5000,0
113.5000,113.5000,113.5000,113.5000,0
114.0000,114.0000,114.0000,114.0000,0
114.0000,114.0000,113.0000,114.0000,0
114.0000,114.0000,114.0000,114.0000,0
114.0000,114.0000,114.0000,114.0000,0
114.0000,117.5000,115.0000,117.5000,0
117.5000,117.5000,117.5000,117.5000,0
117.5000,117.5000,117.5000,117.5000,0
117.5000,117.5000,117.5000,117.5000,0
117.5000,120.0000,118.5000,119.0000,0
119.0000,119.0000,119.0000,119.0000,0
119.0000,119.0000,119.0000,119.0000,0
119.0000,119.0000,119.0000,119.0000,0
119.0000,119.0000,119.0000,119.0000,0
119.0000,119.0000,119.0000,119.0000,0
119.5000,119.5000,119.5000,119.5000,0
119.5000,119.5000,119.5000,119.5000,0
119.5000,125.0000,120.0000,122.5000,0
122.5000,122.5000,122.5000,122.5000,0
122.5000,122.5000,122.5000,122.5000,0
122.5000,122.5000,122.5000,122.5000,0
122.5000,122.5000,122.5000,122.5000,0
122.5000,122.5000,120.0000,122.5000,0
122.5000,122.5000,122.5000,122.5000,0
122.5000,122.5000,122.5000,122.5000,0
122.5000,122.5000,122.5000,122.5000,0
122.5000,122.5000,122.5000,122.5000,0
122.5000,122.5000,120.0000,122.5000,0
122.5000,122.5000,122.5000,122.5000,0
122.5000,122.5000,122.5000,122.5000,0
122.5000,125.0000,122.5000,125.0000,0
122.5000,122.5000,122.5000,122.5000,0
122.5000,122.5000,122.5000,122.5000,0
122.5000,122.5000,122.5000,122.5000,0
122.5000,122.5000,120.0000,122.5000,0
122.5000,122.5000,122.5000,122.5000,0
122.5000,122.5000,122.5000,122.5000,0
122.5000,122.5000,122.5000,122.5000,0
122.5000,122.5000,122.5000,122.5000,0
122.5000,122.5000,120.0000,122.5000,0
122.5000,122.5000,122.5000,122.5000,0
122.5000,122.5000,122.5000,122.5000,0
122.5000,120.0000,118.5000,118.5000,0
118.5000,118.5000,118.5000,118.5000,0
118.5000,117.5000,110.0000,117.5000,0
117.5000,116.2500,115.0000,116.2500,0
116.2500,116.2500,114.2500,116.2500,0
116.2500,116.2500,116.2500,116.2500,0
116.2500,116.2500,116.2500,116.2500,0
116.2500,116.2500,116.2500,116.2500,0
116.2500,115.0000,113.0000,115.0000,0
115.0000,115.0000,115.0000,115.0000,0
115.0000,115.0000,115.0000,115.0000,0
115.0000,115.0000,115.0000,115.0000,0
115.0000,115.0000,115.0000,115.0000,0
115.0000,115.0000,114.0000,115.0000,0
115.0000,115.0000,115.0000,115.0000,0
115.0000,115.0000,115.0000,115.0000,0
123.5000,123.5000,123.5000,123.5000,0
123.5000,123.0000,120.0000,122.5000,0
122.5000,122.5000,122.5000,122.5000,0
122.5000,124.0000,120.0000,124.0000,0
124.0000,124.0000,124.0000,124.0000,0
124.0000,124.0000,124.0000,124.0000,0
125.0000,125.0000,125.0000,125.0000,0
125.0000,125.0000,125.0000,125.0000,0
125.0000,125.0000,125.0000,125.0000,0
126.0000,126.0000,126.0000,126.0000,0
126.0000,126.0000,126.0000,126.0000,0
126.0000,126.0000,126.0000,126.0000,0
126.0000,126.0000,125.0000,126.0000,0
126.0000,126.0000,126.0000,126.0000,0
126.0000,126.0000,126.0000,126.0000,0
126.0000,126.0000,124.0000,126.0000,0
126.0000,126.0000,126.0000,126.0000,0
126.0000,126.0000,126.0000,126.0000,0
126.0000,126.0000,124.0000,126.0000,0
126.0000,126.0000,126.0000,126.0000,0
126.0000,126.0000,126.0000,126.0000,0
126.0000,126.0000,126.0000,126.0000,0
126.0000,126.0000,126.0000,126.0000,0
126.0000,126.0000,126.0000,126.0000,0
126.0000,126.0000,126.0000,126.0000,0
126.0000,126.0000,125.0000,125.0000,0
125.0000,125.0000,125.0000,125.0000,0
122.5000,122.5000,122.5000,122.5000,0
122.5000,118.0000,117.5000,117.5000,0
117.5000,117.5000,117.5000,117.5000,0
117.5000,117.5000,113.0000,117.5000,0
117.5000,117.5000,117.5000,117.5000,0
117.5000,117.5000,117.5000,117.5000,0
117.5000,117.5000,117.5000,117.5000,0
117.5000,116.5000,113.7000,116.5000,0
116.5000,116.5000,116.5000,116.5000,0
116.5000,116.5000,113.7000,116.5000,0
116.5000,116.5000,116.5000,116.5000,0
116.5000,116.5000,113.0000,116.5000,0
114.0000,114.0000,114.0000,114.0000,0
114.0000,113.5000,110.5000,113.5000,0
113.5000,113.5000,113.5000,113.5000,0
113.5000,109.0000,105.0000,106.0000,0
103.5000,105.0000,90.0000,97.5000,0
97.0000,97.0000,97.0000,97.0000,0
90.0000,90.0000,90.0000,90.0000,0
90.0000,90.0000,90.0000,90.0000,0
86.0000,86.0000,86.0000,86.0000,0
86.0000,86.0000,86.0000,86.0000,0
86.0000,86.0000,86.0000,86.0000,0
85.5000,85.5000,85.5000,85.5000,0
83.0000,85.5000,78.0000,85.5000,0
85.5000,85.5000,85.5000,85.5000,0
85.5000,85.5000,85.5000,85.5000,0
85.5000,85.5000,85.5000,85.5000,0
85.5000,85.5000,85.5000,85.5000,0
85.5000,85.5000,85.5000,85.5000,0
85.5000,85.5000,81.0000,85.5000,0
85.5000,85.0000,80.0000,85.0000,0
84.0000,84.0000,84.0000,84.0000,0
84.0000,81.5000,80.0000,81.5000,0
81.5000,77.5000,75.0000,77.5000,0
76.5000,76.5000,76.5000,76.5000,0
76.5000,74.0000,72.0000,74.0000,0
74.0000,72.5000,68.0000,72.5000,0
72.5000,77.0000,68.0000,76.0000,0
76.0000,76.0000,76.0000,76.0000,0
76.0000,76.0000,76.0000,76.0000,0
75.5000,75.5000,75.5000,75.5000,0
75.5000,75.5000,75.5000,75.5000,0
75.5000,75.5000,75.5000,75.5000,0
75.5000,75.5000,75.5000,75.5000,0
75.5000,75.5000,75.0000,75.5000,0
75.5000,75.5000,75.0000,75.5000,0
75.5000,73.0000,70.0000,73.0000,0
70.5000,70.5000,70.5000,70.5000,0
70.0000,69.0000,66.0000,69.0000,0
69.0000,70.0000,67.5000,67.5000,0
67.5000,67.5000,67.5000,67.5000,0
67.5000,67.5000,67.5000,67.5000,0
67.5000,67.5000,67.5000,67.5000,0
67.5000,67.5000,67.5000,67.5000,0
67.5000,67.5000,67.5000,67.5000,0
67.5000,66.5000,65.0000,66.5000,0
63.5000,63.5000,63.5000,63.5000,0
63.5000,63.5000,63.5000,63.5000,0
63.5000,60.0000,59.0000,59.0000,0
59.0000,59.0000,59.0000,59.0000,0
59.0000,59.0000,55.0000,59.0000,0
59.0000,55.0000,52.0000,55.0000,0
54.5000,54.5000,54.5000,54.5000,0
54.5000,52.0000,45.0000,45.5000,0
45.5000,44.8000,40.0000,40.5000,0
40.5000,39.5000,38.2500,38.2500,0
38.2500,38.5000,35.2500,35.2500,0
35.0000,36.5000,35.0000,36.5000,0
36.5000,36.5000,36.5000,36.5000,0
36.5000,36.5000,36.5000,36.5000,0
36.5000,36.5000,36.5000,36.5000,0
36.5000,36.5000,36.5000,36.5000,0
36.5000,37.8000,35.5000,35.5000,0
35.5000,35.5000,35.5000,35.5000,0
35.5000,35.5000,35.5000,35.5000,0
36.5000,40.0000,37.5000,37.5000,0
38.5000,42.0000,35.0000,40.0000,0
40.0000,42.0000,38.2500,39.5000,0
39.5000,39.5000,39.5000,39.5000,0
42.5000,47.0000,44.0000,45.0000,0
48.5000,48.5000,48.5000,48.5000,0
47.5000,49.0000,44.0000,45.0000,0
45.0000,46.0000,40.0000,43.5000,0
40.5000,43.0000,36.0000,41.0000,0
41.0000,41.0000,41.0000,41.0000,0
44.0000,44.0000,44.0000,44.0000,0
44.0000,44.0000,40.0000,44.0000,0
43.0000,43.0000,43.0000,43.0000,0
43.0000,43.0000,43.0000,43.0000,0
43.0000,45.0000,43.1000,44.0000,0
44.0000,44.0000,44.0000,44.0000,0
44.0000,44.0000,44.0000,44.0000,0
44.0000,44.0000,44.0000,44.0000,0
44.0000,44.0000,44.0000,44.0000,0
44.0000,46.5000,44.0000,46.5000,0
47.5000,49.0000,42.0000,47.5000,0
47.5000,53.0000,50.0000,50.0000,0
50.0000,50.0000,47.0000,50.0000,0
50.0000,50.0000,50.0000,50.0000,0
50.0000,50.0000,50.0000,50.0000,0
50.0000,50.0000,50.0000,50.0000,0
50.0000,50.0000,50.0000,50.0000,0
50.0000,54.0000,50.5000,50.5000,0
49.5000,48.5000,47.0000,48.5000,0
48.5000,48.5000,48.5000,48.5000,0
49.5000,48.0000,46.0000,48.0000,0
48.0000,49.0000,46.0000,49.0000,0
48.5000,48.5000,48.5000,48.5000,0
48.5000,48.5000,48.5000,48.5000,0
48.5000,48.5000,48.5000,48.5000,0
48.5000,48.0000,47.0000,48.0000,0
49.0000,49.0000,46.0000,49.0000,0
49.0000,48.5000,45.0000,48.5000,0
48.5000,49.0000,40.0000,47.5000,0
47.5000,50.0000,48.5000,48.5000,0
48.5000,48.5000,45.0000,48.5000,0
48.5000,48.5000,45.0000,48.5000,0
48.5000,48.5000,40.0000,48.5000,0
48.5000,48.5000,48.5000,48.5000,0
48.5000,48.5000,45.0000,48.5000,0
48.5000,48.5000,48.5000,48.5000,0
48.5000,48.5000,48.5000,48.5000,0
48.5000,48.5000,48.5000,48.5000,0
48.5000,48.5000,48.5000,48.5000,0
48.5000,48.5000,48.5000,48.5000,0
48.5000,48.5000,48.5000,48.5000,0
48.5000,48.5000,48.5000,48.5000,0
48.5000,48.5000,48.5000,48.5000,0
48.5000,48.5000,48.5000,48.5000,0
48.5000,48.5000,48.5000,48.5000,0
51.5000,55.0000,48.0000,51.5000,0
51.5000,51.5000,51.5000,51.5000,0
51.5000,51.5000,51.5000,51.5000,0
50.5000,50.5000,50.5000,50.5000,0
51.5000,51.5000,51.5000,51.5000,0
51.5000,51.5000,48.0000,51.5000,0
52.5000,52.5000,52.5000,52.5000,0
52.5000,51.5000,50.0000,51.5000,0
51.5000,50.5000,48.0000,50.5000,0
50.5000,50.5000,50.5000,50.5000,0
50.5000,50.5000,50.5000,50.5000,0
51.0000,51.0000,51.0000,51.0000,0
52.0000,54.0000,53.0000,53.0000,0
53.5000,53.5000,50.0000,53.5000,0
53.5000,53.5000,53.5000,53.5000,0
53.5000,53.5000,50.0000,53.5000,0
53.5000,53.5000,53.5000,53.5000,0
53.5000,53.5000,53.5000,53.5000,0
53.5000,57.0000,54.5000,54.5000,0
54.5000,54.5000,54.5000,54.5000,0
54.5000,54.5000,54.5000,54.5000,0
55.5000,55.5000,55.5000,55.5000,0
55.5000,56.0000,56.0000,56.0000,0
56.0000,60.0000,57.5000,57.5000,0
57.5000,60.0000,55.0000,58.5000,0
58.5000,62.0000,58.0000,61.5000,0
61.5000,67.0000,60.0000,63.5000,0
64.0000,64.0000,61.0000,64.0000,0
64.0000,67.0000,64.5000,64.5000,0
64.5000,68.0000,59.0000,61.5000,0
61.5000,61.5000,59.0000,61.5000,0
61.5000,61.5000,59.0000,61.5000,0
61.5000,61.5000,61.5000,61.5000,0
61.5000,61.5000,57.0000,61.5000,0
61.5000,61.5000,61.5000,61.5000,0
61.5000,61.5000,61.5000,61.5000,0
61.5000,66.0000,63.5000,63.5000,0
63.5000,63.5000,63.5000,63.5000,0
63.5000,70.0000,65.0000,69.5000,0
69.5000,80.0000,74.0000,78.5000,0
78.5000,90.0000,82.0000,89.0000,0
89.0000,90.0000,87.0000,90.0000,0
90.0000,93.0000,86.0000,88.0000,0
88.0000,88.0000,88.0000,88.0000,0
88.0000,88.0000,88.0000,88.0000,0
88.0000,88.0000,88.0000,88.0000,0
88.0000,88.0000,86.0000,88.0000,0
88.0000,88.0000,88.0000,88.0000,0
88.0000,92.0000,86.0000,89.0000,0
89.0000,95.0000,86.0000,92.5000,0
92.5000,92.5000,92.5000,92.5000,0
92.5000,92.5000,92.5000,92.5000,0
92.5000,96.0000,93.5000,93.5000,0
93.5000,93.5000,93.5000,93.5000,0
93.5000,93.5000,93.5000,93.5000,0
93.5000,92.5000,90.5000,92.5000,0
92.5000,90.0000,87.0000,89.5000,0
89.5000,87.0000,83.0000,85.0000,0
85.0000,85.0000,85.0000,85.0000,0
85.0000,85.0000,83.0000,85.0000,0
85.0000,87.0000,81.0000,83.0000,0
83.0000,83.0000,81.0000,83.0000,0
78.5000,78.5000,78.5000,78.5000,0
78.5000,78.0000,77.0000,78.0000,3200
77.5000,78.0000,77.5000,77.5000,0
77.5000,77.5000,77.5000,77.5000,0
77.5000,75.0000,74.0000,74.0000,0
74.0000,73.5000,71.0000,73.5000,0
72.5000,71.0000,68.5000,68.5000,0
68.5000,68.5000,68.5000,68.5000,0
68.5000,68.5000,63.5000,63.5000,0
63.5000,63.5000,60.0000,62.5000,0
62.5000,62.5000,62.5000,62.5000,0
62.5000,62.5000,60.0000,62.5000,0
62.5000,65.0000,62.5000,62.5000,0
62.5000,65.0000,60.0000,62.5000,0
62.5000,66.5000,60.0000,66.5000,0
66.5000,70.0000,64.0000,67.0000,0
67.0000,67.0000,64.0000,67.0000,0
67.0000,68.0000,64.1500,68.0000,0
68.0000,68.0000,68.0000,68.0000,0
68.0000,68.0000,65.1500,68.0000,0
68.0000,69.0000,68.0000,68.0000,0
68.0000,68.0000,68.0000,68.0000,0
68.0000,68.0000,65.0000,68.0000,0
66.0000,76.5000,66.0000,76.5000,0
77.5000,87.0000,78.0000,81.5000,0
80.5000,83.0000,78.0000,80.5000,0
80.5000,82.0000,80.5000,80.5000,0
80.5000,82.0000,79.0000,79.5000,0
79.5000,79.5000,79.5000,79.5000,0
79.5000,79.5000,79.5000,79.5000,0
79.5000,80.5000,79.5000,79.5000,0
79.5000,79.5000,76.0000,78.5000,0
78.5000,78.5000,78.0000,78.5000,0
78.5000,81.0000,76.0000,78.5000,0
78.5000,80.0000,78.0000,78.5000,0
82.0000,81.0000,78.0000,78.5000,0
79.5000,83.0000,78.0000,80.5000,0
80.5000,83.0000,78.0000,80.5000,0
80.5000,87.0000,80.0000,84.5000,0
84.5000,87.0000,83.0000,84.5000,0
84.5000,86.5000,82.0000,84.5000,0
84.5000,87.0000,83.5000,85.0000,0
85.0000,88.0000,85.5000,85.5000,0
85.5000,88.0000,84.0000,85.5000,0
86.5000,95.0000,86.5000,92.5000,1006700
92.5000,97.0000,91.1000,94.5000,0
94.5000,97.0000,92.0000,94.5000,0
94.5000,102.0000,95.0000,98.0000,0
98.0000,101.0000,101.0000,101.0000,400
98.5000,98.5000,98.5000,98.5000,0
98.5000,105.0000,101.0000,102.5000,0
102.5000,104.9000,102.5000,102.5000,0
102.5000,109.0000,101.0000,102.5000,0
103.0000,107.0000,102.0000,107.0000,0
107.5000,119.0000,110.0000,115.5000,0
115.5000,115.5000,112.0000,115.5000,0
120.0000,122.0000,118.5500,120.0000,0
121.0000,125.5000,121.0000,121.0000,0
121.0000,121.0000,121.0000,121.0000,0
121.0000,125.0000,118.0000,122.5000,0
122.5000,121.0500,117.0000,120.5000,0
120.5000,123.0000,118.0000,120.5000,0
120.5000,119.0000,115.0000,119.0000,0
119.0000,119.0000,119.0000,119.0000,0
119.0000,122.0000,121.5000,121.5000,0
121.5000,121.5000,121.5000,121.5000,0
121.5000,121.5000,121.5000,121.5000,0
121.5000,122.5000,119.0000,121.0000,0
121.0000,121.0000,117.0000,118.5000,0
118.5000,117.0000,115.0000,115.0000,0
116.5000,116.5000,116.5000,116.5000,0
116.5000,120.0000,117.5000,117.5000,0
117.5000,120.5000,118.5000,118.5000,0
118.5000,118.5000,118.5000,118.5000,0
118.5000,118.5000,118.5000,118.5000,0
118.5000,127.0000,124.0000,126.5000,0
129.0000,136.8600,130.0000,133.5000,0
133.5000,137.0000,136.5000,136.5000,0
136.5000,140.0000,136.0000,136.5000,0
136.5000,136.5000,134.5000,136.5000,0
136.5000,142.8800,137.0000,141.0000,0
141.0000,148.5000,143.0000,148.5000,0
148.5000,155.0000,149.3500,151.5000,0
151.5000,160.0000,149.4100,158.0000,0
158.0000,160.0000,158.0000,158.0000,0
158.0000,160.0000,156.5000,158.0000,0
167.0000,180.0000,166.9200,175.0000,53900
175.0000,174.9000,167.0000,169.5000,0
169.5000,172.0000,167.0000,169.5000,0
169.5000,170.5000,165.0000,166.5000,0
166.5000,169.0000,166.5000,166.5000,0
166.5000,168.5000,166.5000,166.5000,0
169.0000,174.0000,172.0000,172.0000,0
172.0000,171.5000,170.0000,171.5000,0
171.5000,171.5000,169.0000,171.5000,0
171.5000,174.0000,168.0000,170.5000,0
169.5000,169.0000,165.0000,166.5000,49000
166.5000,169.0000,166.0000,167.5000,8200
169.0000,169.0000,168.0000,169.0000,36400
169.0000,169.0000,169.0000,169.0000,5300
169.0000,169.9600,168.0000,168.0000,23100
168.0000,168.0000,166.0000,168.0000,89700
167.5000,170.0000,167.5000,167.5000,200
167.5000,169.0000,167.5000,167.5000,3800
167.5000,169.0000,165.0000,166.5000,5100
166.5000,172.0000,169.0000,170.5000,94500
170.5000,190.0000,171.0000,186.5000,46800
186.5000,200.0000,189.0000,197.5000,22500
197.5000,200.0000,193.0000,195.5000,29300
195.5000,195.0000,190.0000,192.5000,12000
192.5000,194.0000,192.5000,192.5000,200
192.5000,194.9000,193.0000,193.0000,3300
193.0000,196.0000,191.0000,195.4000,56400
193.0000,196.0000,190.0000,190.0000,10000
191.5000,188.0000,180.0000,184.0000,13200
184.0000,184.0000,182.0000,184.0000,500
184.0000,184.0000,182.0000,184.0000,500
184.0000,193.5000,184.0000,193.5000,0
193.5000,202.0000,197.0000,200.0000,1966100
201.0000,206.5000,201.8000,206.0000,6300
206.0000,211.5000,205.0000,208.5000,7800
208.5000,210.5000,205.0000,208.5000,9100
207.5000,208.0000,205.0000,206.5000,16800
206.5000,208.0000,203.0000,206.5000,8700
206.5000,208.0000,206.5000,206.5000,300
206.5000,207.0000,206.5000,206.5000,200
206.5000,207.0000,203.0000,206.5000,87500
206.5000,207.0000,203.0000,206.5000,500
206.5000,207.0000,203.0000,206.5000,5700
206.5000,207.0000,203.0000,206.5000,1000
206.5000,203.0000,201.5000,201.5000,6600
201.5000,202.0000,198.0000,201.5000,2500
201.5000,202.0000,197.0000,201.5000,15600
201.5000,202.0000,198.0000,201.5000,4700
201.5000,205.0000,198.0000,201.5000,4400
201.5000,202.0000,198.0000,201.5000,2000
201.5000,202.0000,198.0000,201.5000,4400
201.5000,201.5000,198.0000,201.5000,200
201.5000,201.5000,201.5000,201.5000,0
201.5000,199.5000,196.0000,199.5000,2300
199.5000,200.0000,196.0000,199.5000,5000
199.5000,200.0000,199.5000,199.5000,12200
199.5000,199.5000,199.5000,199.5000,0
199.5000,200.0000,197.0000,199.5000,8500
199.5000,199.5000,199.5000,199.5000,0
199.5000,200.0000,199.5000,199.5000,2900
199.5000,199.5000,199.5000,199.5000,0
201.5000,204.5000,200.5000,203.0000,136900
201.0000,203.5000,198.0000,201.0000,37100
201.0000,202.2800,198.0000,201.0000,18700
201.0000,201.0000,201.0000,201.0000,34500
201.0000,201.9000,195.0000,197.5000,16100
197.5000,197.5000,197.5000,197.5000,2100
198.5000,200.5000,195.0000,198.5000,66800
198.5000,200.5000,199.0000,199.0000,600
199.0000,199.0000,199.0000,199.0000,0
199.0000,199.0000,199.0000,199.0000,0
199.0000,199.0000,196.6000,199.0000,500
201.5000,202.5000,200.0000,200.0000,300
200.0000,202.0000,199.5000,199.5000,12500
199.5000,198.0000,196.0000,198.0000,13700
198.0000,198.2500,196.5000,196.5000,0
196.5000,196.5000,196.5000,196.5000,0
196.5000,196.5000,193.0000,196.5000,4400
196.5000,195.5000,191.0000,194.0000,5000
194.0000,195.0000,194.0000,194.0000,1100
194.0000,194.0000,194.0000,194.0000,0
194.0000,194.0000,191.0000,194.0000,3100
194.0000,193.0000,193.0000,193.0000,300
193.0000,191.0000,186.0000,188.5000,23200
189.0000,189.5000,186.0000,189.5000,16100
189.5000,188.0000,185.0000,188.0000,13400
188.0000,188.0000,185.0000,185.0000,6200
185.0000,185.0000,183.0000,185.0000,778800
185.0000,185.0000,185.0000,185.0000,0
186.5000,190.0000,184.0000,187.5000,17100
187.5000,195.0000,189.0000,192.5000,567000
192.5000,192.5000,192.5000,192.5000,0
192.5000,195.0000,192.5000,192.5000,5000
192.5000,194.0000,192.5000,192.5000,0
192.5000,196.0000,191.0000,194.5000,71400
195.0000,204.0000,197.0000,201.0000,22400
201.0000,204.0000,199.0000,201.0000,19800
201.0000,204.0000,200.0000,201.5000,15100
201.5000,204.0000,200.5000,202.5000,25200
202.5000,202.5000,202.5000,202.5000,0
202.5000,202.5000,202.5000,202.5000,0
202.5000,203.0000,202.5000,202.5000,0
202.5000,205.0000,201.0000,202.5000,3400
202.5000,205.0000,199.8000,201.5000,2034200
205.0000,207.0000,203.0000,206.5000,510400
275.0000,275.0000,275.0000,275.0000,156000
219.5000,232.0000,221.0000,228.5000,18700
228.5000,235.0000,226.5000,230.0000,1178600
231.0000,250.0000,231.9000,247.5000,1568600
247.5000,255.0000,249.0000,249.0000,61000
249.0000,252.0000,246.6000,248.5000,12400
248.5000,248.0000,244.6330,247.5000,436600
247.5000,248.0000,245.5000,247.5000,4000
247.5000,241.0000,238.0000,240.5000,21300
240.5000,239.0000,238.0000,239.0000,7400
239.0000,240.0000,235.0000,237.5000,25800
237.5000,237.5000,237.5000,237.5000,0
237.5000,240.0000,235.0000,237.5000,646900
238.5000,255.0000,236.5000,242.5000,39800
242.5000,260.0000,245.0000,252.5000,45900
252.5000,260.0000,251.0000,258.5000,10800
258.5000,265.0000,257.0000,260.0000,4300
259.0000,263.0000,251.0000,251.0000,10500
251.0000,250.0000,246.0000,250.0000,13200
250.0000,255.0000,252.5000,252.5000,4000
252.5000,252.5000,252.5000,252.5000,0
252.5000,252.5000,252.5000,252.5000,0
252.5000,260.0000,255.0000,260.0000,19900
260.0000,263.9000,256.0000,260.0000,2500
260.0000,263.9000,256.2000,260.0000,2900
260.0000,258.9000,252.0000,255.0000,36900
255.0000,255.0000,245.0000,248.5000,13900
248.5000,248.5000,245.0000,248.5000,0
248.5000,254.0000,245.0000,252.5000,160300
255.0000,259.0000,255.0000,255.0000,0
255.0000,260.0000,260.0000,260.0000,17000
262.5000,264.0000,260.0000,260.0000,3500
260.0000,263.8500,255.0000,260.0000,237300
260.0000,260.0000,260.0000,260.0000,0
260.0000,264.0000,256.0000,260.0000,2600
260.0000,260.0000,256.5000,260.0000,600
260.0000,273.0000,265.0000,270.0000,140400
270.0000,273.0000,265.0000,267.5000,0
267.5000,267.5000,265.0000,267.5000,10200
267.5000,270.0000,265.0000,267.5000,0
269.0000,280.0000,270.0000,275.0000,15600
275.0000,275.0000,275.0000,275.0000,0
252.5000,252.5000,252.5000,252.5000,8800
275.0000,280.0000,271.0000,273.5000,15900
273.5000,273.5000,270.0000,273.5000,16000
271.0000,270.0000,265.0000,267.5000,31100
267.5000,270.0000,263.0000,267.5000,42400
267.5000,270.0000,266.0000,267.5000,1700
267.5000,267.5000,267.5000,267.5000,0
267.5000,273.3760,267.5000,267.5000,4000
267.5000,270.0000,267.5000,267.5000,2600
267.5000,283.5000,270.0000,276.0000,7600
276.0000,280.0000,276.0000,276.0000,22800
276.0000,280.0000,276.5000,276.5000,3500
276.5000,276.5000,274.0000,276.5000,1200
276.5000,275.0000,270.0000,270.0000,3500
270.0000,270.0000,265.0000,270.0000,7100
270.0000,270.0000,265.0000,270.0000,1800
270.0000,271.0000,265.0000,270.0000,2300
270.0000,282.5000,275.0000,282.5000,7000
282.5000,280.0000,280.0000,280.0000,4000
280.0000,280.0000,280.0000,280.0000,0
280.0000,279.0000,275.0000,279.0000,1000
279.0000,283.0000,275.0000,279.0000,118600
279.0000,283.0000,279.0000,279.0000,3300
279.0000,288.0000,281.2000,285.0000,29500
285.0000,286.0000,281.0000,286.0000,300400
286.0000,295.0000,285.0000,290.0000,265700
290.0000,302.0000,295.0000,297.5000,36600
297.5000,295.0000,288.0000,291.5000,410200
291.5000,298.0000,295.0000,295.0000,203300
295.0000,295.0000,291.0000,295.0000,433200
295.0000,300.0000,290.0000,300.0000,14500
300.0000,300.0000,300.0000,300.0000,0
300.0000,305.0000,300.0000,300.0000,2100
300.0000,335.0000,305.0000,330.0000,19000
330.0000,328.0000,319.1000,324.0000,20200
324.0000,324.0000,320.0000,320.0000,13700
320.0000,324.0000,320.0000,320.0000,9200
320.0000,324.0000,315.0000,318.5000,2300
318.5000,315.0000,312.0000,315.0000,16400
315.0000,318.0000,315.0000,315.0000,5000
312.5000,305.0000,300.0000,304.0000,492000
304.0000,304.0000,304.0000,304.0000,0
304.0000,304.0000,304.0000,304.0000,0
304.0000,304.0000,300.0000,304.0000,75900
304.0000,303.5000,300.0000,303.5000,100
303.5000,303.5000,300.0000,303.5000,19200
303.5000,312.5000,304.0000,304.0000,34500
304.0000,308.0000,302.0000,304.0000,800
304.0000,309.0000,304.0000,305.0000,95100
309.0000,321.5000,310.0000,317.5000,622900
317.5000,320.0000,317.5000,317.5000,116700
317.5000,321.0000,317.5000,317.5000,15300
317.5000,320.0000,317.5000,317.5000,36500
317.5000,320.0000,315.0000,317.5000,109400
317.5000,319.0000,310.0000,312.5000,15700
312.5000,314.0000,310.0000,312.5000,4000
312.5000,314.0000,312.5000,312.5000,7900
312.5000,315.0000,313.5000,313.5000,6700
313.5000,322.0000,316.0000,317.5000,23000
317.5000,322.0000,315.0000,318.5000,70200
318.5000,332.0000,322.0000,328.0000,258500
328.0000,349.0000,333.0000,345.0000,24500
360.0000,365.0000,330.0000,356.0000,110100
356.0000,373.0000,350.0000,364.0000,97600
364.0000,370.0000,361.6000,365.0000,54300
365.0000,367.0000,355.0000,361.0000,198000
361.0000,393.0000,365.0000,387.5000,42700
387.5000,405.0000,390.0000,402.5000,51500
402.5000,413.0000,403.0000,406.0000,28900
406.0000,412.0000,403.0000,407.0000,1800
407.0000,420.0000,412.0000,416.0000,18400
416.0000,420.0000,412.0000,414.0000,23600
414.0000,415.0000,412.6000,414.0000,10600
414.0000,420.0000,412.6000,415.0000,10000
415.0000,420.0000,412.0000,413.5000,29800
412.5000,411.0000,403.0100,406.0000,12100
406.0000,410.0000,401.7500,404.0000,15900
404.0000,402.5000,401.8200,402.5000,300
402.5000,405.0000,399.9000,401.5000,4400
401.5000,405.0000,399.6000,401.5000,4900
401.5000,401.5000,399.6000,401.5000,300
401.5000,401.5000,399.6000,401.5000,1000
401.5000,401.5000,401.5000,401.5000,0
401.5000,401.5000,400.2000,401.5000,500
401.5000,401.5000,401.5000,401.5000,0
401.5000,401.5000,398.0000,401.5000,10000
401.5000,415.0000,404.2000,411.5000,100300
411.5000,415.0000,410.2000,411.5000,5600
411.5000,415.0000,410.2000,411.5000,48900
411.5000,413.2500,407.2000,408.5000,14900
408.5000,410.0000,404.0000,406.5000,5000
406.5000,405.0000,398.0000,403.0000,10300
403.0000,417.0000,403.0000,415.0000,24400
415.0000,415.0000,415.0000,415.0000,0
415.0000,419.0000,410.0000,415.0000,11000
410.0000,405.0000,397.0000,401.0000,7800
401.0000,397.0000,377.0000,383.5000,25200
383.5000,395.0000,388.0000,392.5000,75600
392.5000,402.0000,390.0000,395.0000,28400
400.0000,401.0000,394.5000,394.5000,17700
394.5000,396.0000,390.0000,392.5000,15900
392.5000,394.0000,390.0000,392.5000,20700
392.5000,391.4000,383.0000,387.5000,5100
387.5000,388.6000,375.0000,380.0000,33100
380.0000,380.0000,375.0000,379.0000,7300
379.0000,379.0000,375.0000,379.0000,4600
379.0000,380.0000,375.0000,379.0000,5600
379.0000,383.0000,380.0000,381.0000,102500
381.0000,401.4000,377.0000,399.0000,52700
399.0000,420.0000,403.0000,412.5000,35800
412.5000,417.0000,401.5000,412.5000,161500
412.5000,415.0000,405.0000,410.0000,8300
410.0000,411.5000,402.0000,405.0000,25800
405.0000,405.0000,403.5000,405.0000,900
405.0000,407.0000,403.5000,405.0000,1100
405.0000,407.0000,402.0000,405.0000,16600
405.0000,418.0000,403.5000,414.0000,46600
415.0000,435.0000,420.0000,426.0000,222200
426.0000,440.0000,422.0000,431.5000,192700
431.5000,438.0000,430.1500,436.0000,53900
436.0000,440.0000,435.0000,439.0000,79700
440.0000,456.0000,437.0000,453.0000,51600
455.0000,483.5000,459.0000,475.0000,50900
475.0000,479.0000,470.0000,475.0000,11400
475.0000,478.8000,470.0000,475.0000,15000
475.0000,478.8000,470.0000,475.0000,56200
475.0000,475.0000,470.0000,475.0000,1000
475.0000,478.6500,471.0000,475.0000,1100
475.0000,478.6500,470.0000,475.0000,1800
475.0000,475.0000,475.0000,475.0000,0
475.0000,478.6500,475.0000,475.0000,3100
475.0000,505.0000,480.0000,490.0000,75600
490.0000,525.0000,495.0000,515.0000,55400
515.0000,522.0000,510.5000,518.0000,14900
521.5000,560.0000,520.6000,552.5000,119600
557.5000,573.0000,561.0000,567.5000,19000
567.5000,570.0000,545.0000,552.5000,25300
552.5000,553.7000,520.0000,530.0000,61000
530.0000,525.0000,510.0000,522.5000,17300
522.5000,535.0000,515.0000,527.5000,156900
527.5000,535.0000,520.0000,527.5000,90400
527.5000,531.9000,512.5000,512.5000,7100
512.5000,522.0000,507.0000,517.5000,66300
517.5000,521.6000,515.0000,520.0000,900
520.0000,520.2000,515.0000,520.0000,53400
520.0000,520.0000,480.0000,492.5000,34200
495.0000,498.0000,491.0000,497.5000,10900
500.0000,502.5000,495.0000,502.5000,4600
502.5000,501.0000,500.0000,500.0000,9500
500.0000,497.5000,490.0000,497.5000,8600
497.5000,490.0000,480.0000,485.0000,18400
485.0000,485.0000,450.0000,460.0000,56700
460.0000,457.5000,455.0000,457.5000,17200
457.5000,462.5000,455.0000,462.5000,13100
462.5000,472.5000,465.0000,470.0000,22800
470.0000,487.0000,465.0000,485.0000,24400
485.0000,503.8000,480.0000,499.0000,81800
499.0000,512.0000,493.0000,500.0000,35500
502.5000,504.0000,500.0000,501.5000,5400
501.5000,504.0000,495.0000,501.5000,15500
501.5000,502.7500,497.0000,501.5000,12700
501.5000,501.5000,499.0000,501.5000,200
501.0000,502.0000,495.0000,501.5000,12000
501.5000,502.0000,501.5000,501.5000,100
501.5000,508.0000,500.0000,505.0000,20200
510.0000,510.0000,500.0000,505.0000,3500
505.0000,507.0000,490.0000,495.0000,24500
495.0000,506.2500,498.7500,505.0000,14800
505.0000,510.0000,495.0000,500.0000,19800
500.0000,500.0000,500.0000,500.0000,0
500.0000,501.0000,495.0000,500.0000,14400
500.0000,505.0000,495.0000,500.0000,9400
500.0000,502.0000,500.0000,500.0000,1100
500.0000,508.7500,500.5000,503.5000,61100
503.5000,514.5000,502.0000,514.5000,68900
506.5000,517.0000,505.0000,514.0000,56500
514.0000,512.0000,500.0000,505.0000,41900
505.0000,506.0000,500.0000,504.5000,8100
504.5000,509.0000,500.0000,505.0000,95600
505.0000,510.0000,500.0000,502.5000,48000
502.5000,502.9000,490.0000,495.0000,743300
495.0000,500.5000,492.0000,498.5000,25200
500.0000,535.0000,500.1500,530.0000,319000
530.0000,560.0000,527.0000,552.5000,134500
552.5000,555.0000,540.0000,547.5000,93500
547.5000,544.2500,522.0000,527.5000,23800
528.1000,530.0000,528.1000,530.0000,13200
530.0000,540.0000,530.1000,535.0000,16700
535.0000,540.0000,527.5000,527.5000,8400
527.5000,535.0000,524.1000,527.5000,1100
527.5000,535.0000,524.1000,527.5000,700
527.5000,530.5000,522.1000,527.5000,1800
527.5000,534.0000,520.0000,527.5000,11500
542.5000,550.0000,540.0000,545.0000,27900
545.0000,544.0000,535.0000,535.0000,5400
535.0000,535.0000,530.0000,535.0000,11200
535.0000,539.0000,531.0000,535.0000,12700
535.0000,540.0000,531.0000,535.0000,8900
535.0000,538.0000,530.0000,535.0000,30400
535.0000,538.0000,530.0000,535.0000,13000
535.0000,539.0000,525.0000,527.5000,7000
527.5000,533.0000,500.0000,522.5000,43700
523.0000,526.0000,510.0000,523.5000,31100
518.0000,524.0000,515.0000,520.0000,13800
525.0000,525.0000,516.0000,520.0000,6900
524.0000,525.0000,517.5500,520.0000,8100
518.0000,525.0000,517.5500,520.0000,4100
518.0000,518.0000,518.0000,520.0000,2100
523.5000,523.5000,515.0000,520.0000,8800
522.5000,522.5000,515.0000,518.5000,5700
519.0000,519.0000,495.0000,497.5000,21100
500.0000,500.0000,490.5000,495.0000,8700
498.0000,508.0000,498.0000,505.0000,22000
506.9900,510.0000,500.0000,505.0000,8400
500.0000,505.0000,500.0000,505.0000,1600
506.9900,508.5870,505.0000,505.0000,2200
505.0000,508.0000,500.0000,505.0000,4500
500.1000,508.0000,500.0000,502.5000,11800
502.5000,502.5000,495.0000,497.5000,25900
500.2500,509.5240,495.0000,500.0000,105800
496.0000,498.0000,485.0000,487.5000,17200
488.0000,488.0000,445.0000,455.0000,228300
450.0000,458.5000,445.0000,450.0000,14400
445.0000,445.0000,415.0000,417.5000,61700
418.0000,439.0000,415.0000,428.5000,44200
426.7000,429.9000,420.0000,430.0000,95300
430.0000,430.0000,425.7000,430.0000,6400
426.0000,430.5000,425.8400,430.0000,7400
429.0000,429.0000,425.7000,430.0000,4900
425.0000,428.2500,425.0000,430.0000,22900
428.0000,428.7900,426.0000,430.0000,25100
425.0000,428.7900,425.0000,430.0000,3300
430.0000,430.0000,425.0000,430.0000,25100
429.0000,429.0000,425.0000,430.0000,24300
425.0000,427.0000,425.0000,430.0000,19200
425.0000,425.0000,425.0000,430.0000,6900
432.0000,432.0000,425.0000,430.0000,6600
425.0000,430.0000,425.0000,430.0000,7300
430.0000,430.0000,400.0100,420.0000,57300
418.0000,425.0000,416.1000,420.0000,14100
416.1000,425.0000,415.0000,425.0000,22400
421.0000,422.5000,414.0000,422.5000,15100
418.0000,426.0000,418.0000,425.0000,16100
420.0000,420.0000,403.0000,407.0000,27500
398.5000,398.5000,391.0500,393.5000,83000
392.4500,401.4000,392.4500,401.0000,94000
404.6000,407.0000,400.0000,402.5000,30700
403.0000,405.0000,403.0000,402.5000,5600
403.4000,405.0000,403.4000,403.5000,9000
404.0400,409.0000,404.0400,407.5000,4600
418.5000,449.0000,418.5000,440.0000,46100
445.0000,455.0000,439.0000,447.5000,32700
448.7500,448.7500,440.2000,440.0000,8800
439.0000,440.2000,435.0000,440.0000,5500
445.0000,445.0000,425.0000,432.5000,12500
438.0000,438.0000,415.0000,412.5000,2300
416.0000,418.0000,405.0000,412.5000,7000
405.0000,405.0000,405.0000,407.5000,3200
400.1500,401.0000,395.0000,400.0000,24300
396.5000,401.0000,395.5700,400.0000,35100
403.0000,403.0000,396.0000,400.0000,2000
400.0000,400.0000,400.0000,400.0000,1942000
405.0000,427.0000,405.0000,422.5000,34000
432.0000,448.0000,430.0000,442.5000,12900
440.0000,445.0000,440.0000,437.5000,6400
444.0000,444.0000,444.0000,437.5000,3500
441.0000,550.0000,441.0000,447.5000,33500
455.0000,455.0000,445.0000,447.5000,4400
460.0000,494.9850,460.0000,477.5000,25900
470.0000,484.0000,465.0000,475.0000,10200
480.0000,480.0000,461.2000,470.0000,4300
475.0000,475.0000,461.2000,470.0000,1100
475.0000,479.0000,462.0000,470.0000,19900
475.0000,475.0000,465.0200,470.0000,3700
475.0000,475.0000,465.5500,470.0000,6300
475.0000,475.0000,461.0100,465.0000,2000
462.0000,462.0000,462.0000,465.0000,1000
465.0000,470.0000,465.0000,465.0000,2800
470.0000,470.0000,465.0000,465.0000,3500
465.0000,465.0000,445.0000,447.5000,28500
448.0000,448.0000,443.0000,450.0000,16400
443.0000,445.0000,443.0000,450.0000,13100
455.0000,455.0000,445.0000,450.0000,21900
443.0000,445.0000,443.0000,450.0000,2100
443.2000,460.0000,443.2000,450.0000,10200
445.0000,445.0000,443.2200,450.0000,198300
442.0000,444.0000,435.0000,442.5000,192300
435.0000,447.0000,430.0000,440.0000,64000
440.0000,447.0000,430.0000,440.0000,5400
430.0000,447.0000,430.0000,440.0000,3100
448.0000,449.0000,431.8000,440.0000,4900
435.2000,440.0000,425.0000,432.5000,7900
430.0000,422.5000,415.0000,425.0000,12200
435.0000,450.0000,435.0000,439.0000,17800
434.6800,445.0000,433.7500,437.5000,10800
445.0000,450.0000,438.7500,442.5000,4000
447.7500,450.0000,435.0000,442.5000,37600
440.0000,447.0000,435.7500,442.5000,11600
446.2500,447.0000,442.5000,442.5000,40100
443.7500,460.0000,443.7500,452.5000,21100
447.8000,460.0000,445.0000,452.5000,29300
459.4000,459.4000,459.4000,457.5000,1100
462.6000,462.6000,462.6000,455.0000,0
447.8500,447.8500,445.0000,447.5000,2500
450.0000,450.0000,445.4500,455.0000,26300
450.5000,450.5000,450.0000,455.0000,1700
450.0000,450.0000,450.0000,455.0000,5100
450.0000,450.0000,435.0000,445.0000,13300
437.2500,437.2500,435.0000,442.5000,7200
435.4500,437.5000,435.1500,437.5000,5200
436.1000,438.9500,435.0000,437.5000,25700
455.0000,455.0000,455.0000,445.0000,1000
445.0000,445.0000,445.0000,445.0000,0
441.5000,441.5000,441.5000,445.0000,1000
443.0000,443.0000,440.0000,445.0000,4000
440.5000,444.9500,435.0000,440.0000,2400
444.9000,450.0000,440.7500,445.0000,13500
455.0000,455.0000,438.0000,441.5000,25400
443.9500,443.9500,430.0000,437.5000,11800
430.0000,434.2500,410.0000,415.0000,21600
418.0240,418.0240,385.4700,397.5000,46300
375.4570,375.4570,350.4270,357.5000,48900
345.0000,355.7140,340.0000,352.5000,53500
351.7500,355.3500,340.0000,350.0000,99300
352.0000,470.0000,352.0000,370.0000,129000
373.5000,373.5000,348.0290,365.0000,30100
370.0000,373.8000,360.0000,367.5000,6200
372.7500,372.7500,362.0000,370.0000,37000
372.9000,372.9000,362.2500,362.5000,6900
366.7000,370.8000,355.0000,365.0000,5800
359.2000,372.0000,359.2000,365.0000,2100
366.2500,366.2500,355.0000,360.0000,8900
358.4000,361.3000,350.0000,357.5000,14600
217.5000,362.5000,217.5000,361.0000,8100
362.2000,362.2000,362.2000,362.5000,316200
362.5000,362.5000,362.5000,362.5000,0
363.2500,363.2500,355.0000,362.5000,5000
360.3600,365.0000,360.0000,365.0000,2500
360.0000,361.3000,355.0000,355.0000,17300
351.5000,357.0000,350.0000,355.0000,1700
350.0000,355.0000,345.0000,355.0000,204300
350.0000,354.7500,340.0000,342.5000,10200
335.0000,340.0000,330.0000,340.0000,32700
340.2500,340.2500,340.2500,342.5000,14000
355.0000,355.0000,355.0000,347.5000,248900
345.0030,345.0030,345.0030,347.5000,1000
340.0000,344.7100,335.0000,342.5000,14300
342.5000,342.5000,340.0000,342.5000,8500
343.8500,343.8500,335.0000,342.5000,1200
340.0000,346.8000,335.0000,342.5000,6200
335.0000,335.0000,335.0000,342.5000,2000
335.0000,335.0000,325.0000,332.5000,7400
333.7000,333.7000,320.0000,329.0000,8600
320.0000,323.4000,300.0000,305.0000,30800
290.0000,295.3500,280.0000,292.5000,39800
295.3500,295.3500,275.0000,288.5000,9900
288.5000,288.5000,288.5000,288.5000,0
295.0000,295.0000,294.2500,295.0000,40400
290.0000,290.0000,288.0000,294.0000,8000
288.0000,295.0800,288.0000,294.0000,9900
288.0000,288.0000,288.0000,291.5000,1900
292.1300,292.1300,288.0000,291.5000,3200
292.1300,292.1300,288.0000,291.5000,2800
290.0000,290.0000,275.0000,279.0000,20700
273.0000,282.3500,273.0000,281.5000,1700
273.0000,273.0000,265.0000,272.5000,9500
265.0000,265.0000,265.0000,272.5000,800
272.5000,275.0000,265.0000,275.0000,228200
271.5000,283.5000,271.5000,281.0000,33200
285.0000,290.0000,281.0000,289.0000,63200
284.5600,284.5600,284.5600,289.0000,100
284.5600,284.5600,284.5600,289.0000,1100
284.5600,284.5600,284.5600,289.0000,3200
285.0000,285.0000,285.0000,289.0000,1600
289.0000,290.0000,289.0000,287.5000,226400
293.5000,293.5000,293.5000,287.5000,300
280.0000,280.0000,280.0000,287.5000,0
280.0000,280.0000,280.0000,285.0000,11600
280.0000,280.0000,280.0000,285.0000,104400
280.0000,289.7000,280.0000,290.0000,38000
297.2000,303.0500,297.2000,297.5000,97900
297.5000,297.5000,297.5000,297.5000,0
300.0000,301.1000,290.0000,297.5000,29600
301.8500,301.8500,290.0000,297.5000,126400
292.2500,292.2500,290.0000,297.5000,1400
310.8000,319.8500,302.2500,312.5000,11000
319.4000,319.4000,319.4000,312.5000,400
312.5000,312.5000,312.5000,312.5000,0
312.5000,312.5000,312.5000,312.5000,0
305.0000,315.0000,305.0000,310.0000,5200
307.5100,307.5100,305.0000,312.5000,9600
315.9500,315.9500,300.0000,310.0000,11600
310.6500,320.0000,300.0000,315.0000,102700
315.0000,315.0000,300.0000,310.0000,78300
302.3000,320.0000,300.0000,312.5000,15500
315.0000,320.0000,304.1000,312.5000,142200
308.1000,317.1150,305.0000,312.5000,3300
316.2500,320.0000,305.0000,312.5000,3500
305.0000,311.2500,290.0000,295.0000,25000
295.0000,295.0000,285.0000,292.5000,11400
285.0000,285.0000,275.0000,285.0000,11000
275.0000,275.0000,275.0000,285.0000,200
275.0000,275.0000,265.0000,270.0000,9100
269.0000,265.0000,260.0000,272.5000,26000
272.5000,274.0000,265.0000,272.5000,10600
265.0000,272.0000,260.0000,271.0000,33400
269.4500,269.4500,262.0000,271.0000,3700
274.4200,274.4200,262.0000,271.0000,7100
262.0000,279.0000,262.0000,271.0000,10700
270.4600,270.4600,262.0000,271.0000,400
270.4600,271.0000,262.9000,271.0000,3100
270.0000,271.0000,262.0000,271.0000,13600
262.0000,272.5000,262.0000,272.5000,12000
272.5000,272.5000,265.0000,271.5000,4000
272.0000,272.0000,265.0000,272.5000,4700
265.0000,272.0500,256.0000,263.0000,15800
256.0000,264.4000,256.0000,263.0000,5200
264.4000,264.4000,256.0000,263.0000,4300
279.5000,330.0000,279.5000,320.0000,144700
323.9000,323.9000,300.0000,310.0000,67300
310.0000,311.0000,305.0000,310.0000,31300
310.0000,310.0000,310.0000,310.0000,0
310.0000,310.0000,310.0000,310.0000,0
310.0000,314.0000,305.0000,310.0000,3700
310.0000,310.0000,310.0000,310.0000,0
314.0000,325.0000,310.2500,317.5000,10400
317.5000,317.5000,317.5000,317.5000,0
325.0000,330.0000,317.0000,330.0000,20500
325.0000,330.0000,322.0000,325.0000,34000
323.2100,340.0000,321.0000,331.5000,32900
330.5000,365.0000,330.5000,362.5000,42300
365.0000,374.0000,362.1000,367.5000,25700
369.5000,379.0000,369.5000,375.0000,7500
379.0000,379.0000,371.2000,372.5000,12000
374.5000,374.5000,371.0000,369.0000,8700
368.9600,368.9600,365.5000,367.5000,9600
365.5000,366.0000,365.2000,367.5000,2400
365.2000,368.0000,365.0000,367.5000,22700
370.0000,390.0000,370.0000,382.5000,19700
380.0000,400.0000,380.0000,392.5000,15200
400.0000,425.0000,400.0000,417.5000,41700
420.2300,430.0000,414.8000,417.5000,27500
419.6000,419.6000,405.0000,409.0000,63500
408.6000,410.0000,405.0000,407.5000,4400
410.0000,410.0000,405.5000,407.5000,7300
410.0000,414.0000,408.2300,410.0000,6800
415.0000,415.0000,415.0000,410.0000,600
411.4600,415.0000,411.4600,410.0000,2100
415.0000,415.0000,411.4600,410.0000,1000
415.0000,455.0000,415.0000,437.5000,62300
430.0000,445.0000,430.0000,437.5000,8100
432.9000,433.0000,415.0000,425.0000,145000
433.0000,433.0000,415.0000,422.5000,5300
417.7000,430.0000,410.0000,415.0000,87800
405.0000,416.4670,405.0000,415.0000,103400
407.0000,407.0000,405.0000,415.0000,1000
406.0000,415.0000,405.0000,415.0000,68100
406.0000,420.0000,405.0000,415.0000,17500
405.0000,425.5000,405.0000,415.0000,359100
425.0000,425.0000,412.5000,417.5000,7500
412.0000,425.0000,412.0000,417.5000,26400
423.5000,440.0000,416.5330,432.5000,24800
440.0000,475.0000,433.2670,460.0000,84200
469.0000,469.0000,440.5000,447.5000,13800
449.0000,449.0000,440.0000,447.5000,106200
447.5000,449.0000,440.0000,447.5000,80600
440.1360,448.0000,415.0000,422.5000,16100
415.0000,422.5000,415.0000,422.5000,5200
426.5000,426.5000,415.0000,422.5000,3100
415.7500,415.7500,415.0000,422.5000,22100
426.5000,426.5000,415.0000,422.5000,1400
426.5000,426.5000,415.0000,422.5000,2700
415.0000,415.0000,393.8890,412.5000,177100
405.0000,405.0000,370.0000,395.0000,59900
390.0000,400.0000,389.0000,395.0000,22200
395.7000,405.0000,395.7000,397.5000,11800
405.0000,434.0000,405.0000,425.0000,203300
427.5000,450.0000,410.0000,417.5000,137800
420.5000,435.0000,420.0000,425.0000,124600
427.5000,435.0000,420.0000,427.5000,7000
428.2500,430.0000,420.0000,427.5000,5600
420.0000,433.5000,415.0000,427.5000,12000
442.5000,448.5000,415.0000,425.0000,18700
415.0000,426.0000,415.0000,427.5000,5400
420.0000,427.5000,400.0000,410.0000,31500
405.0000,422.0000,405.0000,415.0000,240700
422.0000,428.0000,410.0000,420.0000,31400
415.0000,415.0000,410.0000,420.0000,44700
410.0000,435.0000,410.0000,427.5000,28900
430.0000,440.0000,423.1000,432.5000,83300
438.0000,438.0000,425.0000,432.5000,24400
434.0000,436.0000,425.0000,432.5000,1400
425.0000,425.0000,400.0000,410.0000,13300
416.0000,416.0000,380.0000,382.5000,73200
382.5000,394.0000,380.0000,387.5000,2800
387.5000,387.5000,387.5000,387.5000,0
387.5000,387.5000,387.5000,387.5000,0
382.0000,390.5000,380.0000,387.5000,6300
390.5000,390.5000,390.5000,390.0000,2900
390.5000,395.0000,390.5000,400.0000,8100
405.0000,414.0000,400.0000,410.0000,17700
400.0000,413.0000,390.0000,400.0000,48800
390.0000,395.0000,390.0000,400.0000,7500
400.0000,410.0000,400.0000,409.0000,504800
410.0000,426.9060,410.0000,420.0000,14300
430.0000,430.0000,412.9000,421.0000,11300
430.0000,450.0000,420.7500,442.5000,174700
450.0000,459.0000,446.0000,452.5000,9600
446.0000,452.0000,440.0000,447.5000,185200
447.0000,451.9000,440.0000,447.5000,9000
451.9000,451.9000,447.5000,447.5000,6800
451.0000,451.0000,440.0000,447.5000,2300
451.0000,451.0000,440.0000,447.5000,3200
440.0000,440.0000,435.0000,442.5000,1700
435.0000,435.0000,435.0000,442.5000,600
435.0000,435.0000,425.0000,432.5000,52700
432.5000,432.5000,432.5000,432.5000,0
427.2500,434.0000,425.0000,430.0000,17300
425.0000,435.0000,425.0000,427.5000,48700
425.0000,425.0000,425.0000,426.5000,1700
425.2500,425.3000,425.2500,426.5000,400
425.0000,427.0000,425.0000,421.0000,17900
418.2000,423.0000,418.2000,419.0000,5600
419.5000,419.5000,415.0000,416.5000,5900
416.6000,416.6000,415.0000,416.5000,8300
415.1000,425.0000,415.1000,422.5000,13900
428.4500,430.0000,428.4500,430.0000,7100
425.0000,425.0000,425.0000,430.0000,7200
420.6000,420.6000,420.6000,420.0000,200
424.9000,435.0000,415.0000,427.5000,6900
427.2000,427.2000,427.2000,427.5000,500
435.0000,435.0000,420.0000,427.5000,2400
435.0000,435.0000,427.5000,427.5000,39300
430.2000,430.2000,430.0000,430.0000,1300
425.0000,432.6000,425.0000,430.0000,8700
430.1000,430.1000,426.9600,426.0000,16600
426.0000,426.0000,426.0000,426.0000,0
426.0000,426.0000,426.0000,426.0000,0
424.4000,427.5000,421.0000,425.0000,78500
435.0000,435.0000,427.0000,432.5000,81800
430.0000,431.6000,425.0000,432.5000,2800
425.0000,428.6670,420.0000,430.0000,30700
415.0000,420.0000,410.0000,420.0000,14000
410.0000,419.9000,410.0000,417.5000,5400
410.0000,410.0000,385.7500,397.6250,8800
405.0000,411.0000,397.0000,407.5000,9500
400.0000,400.0000,400.0000,407.5000,800
400.0000,410.0000,400.0000,410.0000,9000
405.0000,405.0000,405.0000,410.0000,1400
405.0000,408.0000,402.0000,407.5000,17700
401.0000,405.0000,401.0000,405.0000,1600
405.0000,405.0000,405.0000,405.0000,51700
401.0000,408.0000,400.0000,405.0000,4000
395.0000,395.0000,390.0000,400.0000,5400
402.0000,402.0000,400.0000,402.5000,6700
395.0000,405.0000,395.0000,410.0000,17100
400.0000,400.0000,400.0000,410.0000,200
400.0000,416.0000,400.0000,410.0000,7500
400.0000,405.4000,400.0000,400.0000,3700
390.0000,403.1000,390.0000,400.0000,21800
390.0000,390.0000,390.0000,400.0000,0
400.0000,403.1000,388.0000,400.0000,44300
399.5000,399.5000,390.0000,400.0000,7200
393.0000,399.0000,390.0000,395.0000,5900
390.0000,390.0000,390.0000,395.0000,0
397.0000,397.0000,390.0000,395.0000,1100
395.0000,395.0000,395.0000,395.0000,0
390.0000,392.0000,381.0000,387.5000,3900
392.0000,392.0000,380.0000,387.5000,4100
380.0000,380.0000,370.0000,375.0000,5200
370.5000,377.0000,370.5000,375.0000,2500
370.0000,370.0000,355.0000,360.0000,9500
366.0000,366.0000,355.0000,362.5000,6100
355.0000,360.0000,355.0000,360.0000,8900
350.0000,350.0000,340.0000,350.0000,60000
346.0000,346.0000,345.0000,352.5000,23100
345.0000,351.0000,345.0000,352.5000,1100
366.0000,385.0000,366.0000,380.0000,48600
390.0000,405.0000,381.5000,395.0000,305500
405.0000,405.0000,385.0000,395.0000,3600
400.0000,410.0000,400.0000,405.0000,240500
410.0000,420.0000,403.0000,410.0000,199100
405.3100,425.0000,405.3100,420.0000,6700
415.0000,435.0000,415.0000,425.0000,8700
430.0000,430.0000,426.3100,425.0000,6600
421.0000,430.0000,421.0000,422.5000,3900
421.0000,424.0000,414.9300,420.0000,24000
417.0000,420.0000,417.0000,420.0000,20500
423.0000,429.0000,415.0000,425.0000,9800
429.0000,430.0000,429.0000,425.0000,900
422.3000,429.0000,422.3000,425.0000,2800
430.0000,430.0000,422.3000,425.0000,2800
430.0000,430.0000,420.0000,425.0000,5500
420.0000,428.0000,420.0000,425.0000,19200
420.0000,420.0000,420.0000,425.0000,100
420.0000,420.0000,400.0000,410.0000,28900
410.0000,410.0000,410.0000,410.0000,0
400.0000,410.0000,400.0000,405.0000,4100
407.0000,407.0000,400.0000,405.0000,10500
405.0000,405.0000,390.0000,400.0000,15800
390.0000,395.0000,390.0000,395.0000,7000
390.0000,391.0000,370.0000,377.5000,17500
370.0000,390.0000,370.0000,382.5000,46400
377.5000,377.5000,377.5000,387.5000,0
395.0000,395.0000,380.0000,387.5000,9100
392.0000,395.0000,382.5000,387.5000,1500
392.0000,415.0000,390.0000,407.5000,22600
420.0000,430.0000,415.0000,425.0000,22500
430.0000,435.0000,420.2200,420.0000,6900
422.0000,435.0000,422.0000,427.5000,16600
425.0000,430.0000,420.0000,425.0000,6900
420.0000,429.0000,420.0000,425.0000,2900
429.0000,429.0000,427.5000,425.0000,16400
429.0000,429.0000,422.5000,425.0000,300
429.0000,429.0000,422.5000,425.0000,2100
429.0000,429.0000,429.0000,425.0000,500
429.0000,429.0000,423.0000,425.0000,4200
423.0000,425.0000,423.0000,423.5000,1200
422.1000,425.0000,420.7000,422.5000,3000
421.0000,421.0000,421.0000,422.5000,100
425.0000,425.0000,425.0000,422.5000,0
425.0000,425.0000,421.0000,422.5000,1200
425.0000,425.0000,421.0000,422.5000,163600
425.0000,425.0000,425.0000,422.5000,1100
421.0000,425.0000,418.8000,420.0000,271200
418.8000,425.0000,417.0000,420.0000,3200
425.0000,425.0000,418.0000,420.0000,500
418.0000,424.0000,418.0000,420.0000,2200
418.0000,418.0000,418.0000,420.0000,1400
415.0000,423.5000,415.0000,420.0000,1600
417.0000,423.5000,417.0000,420.0000,2600
423.5000,423.5000,423.5000,420.0000,200
423.5000,423.5000,417.5000,420.0000,16800
417.5000,430.0000,417.5000,425.0000,11100
430.0000,455.0000,422.5000,447.5000,45100
450.0000,455.0000,442.0000,450.0000,27900
448.0000,455.0000,435.0000,440.0000,23000
435.0000,440.0000,435.0000,440.0000,396100
435.0000,445.0000,435.0000,440.0000,2000
435.0000,450.0000,435.0000,445.0000,37300
440.0000,450.0000,440.0000,445.0000,7400
440.0000,440.0000,440.0000,445.0000,300
440.0000,447.0000,440.0000,445.0000,1100
447.0000,450.0000,443.0000,446.5000,13500
452.0000,455.0000,445.5000,450.0000,19800
450.0000,453.0000,445.0000,450.0000,105500
445.0000,453.0000,445.0000,450.0000,129600
453.0000,453.0000,446.0000,450.0000,2000
453.0000,455.0000,445.0000,440.0000,12200
443.0000,443.8220,437.0000,440.0000,1900
438.0000,438.0000,436.5000,440.0000,1400
436.5000,436.5000,435.0000,440.0000,9300
440.0000,440.0000,440.0000,440.0000,0
442.5000,442.5000,435.0000,440.0000,6500
435.0000,435.0000,435.0000,440.0000,1500
430.0000,430.0000,430.0000,435.0000,6900
435.0000,435.0000,425.0000,430.0000,5200
425.0000,430.0000,425.0000,430.0000,5400
425.0000,425.0000,425.0000,430.0000,1900
430.0000,430.0000,430.0000,430.0000,0
425.0000,425.0000,425.0000,430.0000,1100
425.0000,425.0000,425.0000,430.0000,1000
430.0000,430.0000,430.0000,430.0000,0
440.0000,460.0000,435.0000,455.0000,43700
460.0000,460.0000,450.0000,455.0000,467200
458.0000,458.0000,445.0000,450.0000,368900
443.0000,452.0000,440.0000,445.0000,11500
440.0000,447.0000,440.0000,445.0000,3200
440.0000,446.7500,440.0000,445.0000,3300
446.5000,449.0000,443.0000,450.0000,18100
451.7500,451.7500,445.0000,450.0000,3200
451.7500,453.0000,446.0000,450.0000,2100
446.0000,451.5000,446.0000,450.0000,2100
450.0000,450.0000,446.0000,450.0000,1700
450.0000,450.0000,445.0000,450.0000,2600
450.0000,450.0000,446.0000,450.0000,900
450.0000,450.0000,446.0000,450.0000,2800
446.0000,446.0000,438.0000,440.0000,10600
435.0000,445.0000,435.0000,440.0000,9900
435.0000,438.0000,430.0000,430.0000,12000
432.5000,432.5000,425.0000,430.0000,1600
428.0000,428.0000,424.7500,427.5000,2600
427.5000,427.5000,427.5000,427.5000,0
427.5000,427.5000,427.5000,427.5000,0
425.0000,428.0000,425.0000,427.5000,3300
422.0000,425.0000,410.0000,415.0000,13400
416.0000,416.0000,416.0000,415.0000,3200
415.0000,415.0000,415.0000,415.0000,0
410.5000,440.1890,410.0000,435.0000,16100
440.0000,450.0000,440.0000,442.5000,5500
450.0000,455.0000,450.0000,455.0000,10000
450.0000,455.0000,440.0000,445.0000,12000
448.0000,448.0000,440.0000,445.0000,2300
440.2500,448.0000,440.0000,445.0000,1700
447.9450,450.0000,440.0000,445.0000,13900
440.0000,455.0000,440.0000,450.0000,14600
446.0000,460.0000,446.0000,450.0000,20100
447.0000,455.0000,437.1000,442.0000,12500
447.0000,447.0000,437.2500,442.0000,3000
447.0000,447.0000,442.0000,442.0000,9000
449.3750,450.0000,440.0000,445.0000,57500
445.0000,454.0000,445.0000,452.5000,128000
455.0000,455.0000,450.0000,452.5000,148200
451.0000,455.0000,447.0000,451.0000,50700
448.0000,448.0000,433.0000,437.5000,50000
440.0000,440.0000,435.0000,436.0000,13100
436.3000,440.0000,435.0000,437.5000,21100
439.0000,441.0000,430.0000,434.0000,14500
435.0000,437.0000,427.0000,429.0000,8900
430.0000,430.0000,425.0000,429.0000,4000
427.0000,428.0000,423.0000,428.0000,10900
428.0000,428.0000,423.0000,425.0000,7900
420.0000,426.5000,415.0000,416.5000,72000
413.0000,417.5000,410.0000,415.0000,5600
414.0000,417.5000,410.0000,415.0000,8800
410.0000,417.0000,410.0000,415.0000,14700
418.5000,428.0000,410.0000,424.5000,51000
428.0000,429.5000,422.0000,427.5000,50000
425.0000,434.3000,425.0000,432.5000,15500
428.0000,436.0000,428.0000,433.0000,5100
435.0000,436.4000,430.4000,434.0000,1100
438.0000,438.0000,430.0000,434.0000,3400
436.8000,440.7500,430.0000,435.5000,8900
439.5630,443.0000,435.0000,440.5000,13300
441.0000,445.0000,435.0000,440.0000,6000
435.0000,442.0000,435.0000,440.0000,11700
435.0000,442.0000,435.0000,440.0000,11400
435.5000,440.0000,435.5000,440.0000,8800
436.0000,436.0000,435.7000,437.5000,4000
440.0000,450.0000,440.0000,449.0000,19700
446.0000,446.0000,422.0000,445.0000,12200
449.0000,449.0000,441.0000,445.0000,2300
440.0000,448.0000,440.0000,445.0000,7700
440.0000,447.5000,440.0000,441.5000,31700
439.7500,442.0000,439.2500,440.0000,2600
439.4200,442.0000,438.0000,440.0000,31900
439.4100,442.0000,439.0000,440.0000,900
439.0000,442.0000,439.0000,440.0000,14700
439.4200,442.0000,438.0000,440.0000,5500
440.0000,442.0000,436.0000,439.5000,5400
439.0000,445.0000,435.0000,438.5000,17000
438.0000,440.2000,433.0000,437.5000,5700
441.1000,441.1670,436.1500,437.5000,3100
442.0000,445.0000,442.0000,443.0000,9300
442.0000,445.0000,438.0000,441.0000,2200
438.2500,445.0000,438.2500,442.5000,3200
447.0000,455.0000,443.1500,447.5000,75000
455.0000,470.0000,450.0000,466.5000,31800
464.1000,470.0000,460.0000,462.5000,126400
460.0500,465.0000,460.0000,462.5000,31200
462.5000,462.5000,462.5000,462.5000,0
462.5000,462.5000,462.5000,462.5000,0
465.0000,469.0000,461.7500,465.0000,44300
467.0000,467.0000,460.0000,465.0000,1800
463.0000,470.0000,463.0000,465.0000,18200
467.0000,470.0000,462.0000,466.5000,7400
469.3000,486.0000,469.3000,481.5000,20300
485.0000,492.0000,484.0000,488.5000,16000
485.4350,498.0000,485.4350,497.5000,9600
497.0000,510.0000,497.0000,507.0000,9000
515.0000,540.0000,507.5000,535.0000,237600
540.0000,550.0000,521.5000,525.0000,39200
529.5000,529.5000,506.0500,515.0000,33600
519.0000,519.0000,511.0000,515.0000,1000
520.0000,525.0000,515.4290,520.0000,10900
516.0000,528.0000,516.0000,523.0000,1700
528.0000,528.0000,520.0000,523.0000,15800
518.3080,527.0000,518.3080,524.0000,91300
527.0000,530.2650,520.0000,527.5000,252600
530.0000,538.0000,526.1000,533.0000,43900
538.0000,545.0000,530.0000,541.0000,15500
545.0000,560.0000,545.0000,558.0000,15100
563.0000,599.5000,562.1500,581.5000,54300
585.0000,585.0000,565.0000,577.5000,27900
580.0000,580.0000,570.0000,572.0000,27400
574.0000,574.0000,565.4500,572.0000,2800
572.0000,572.0000,572.0000,572.0000,0
572.0000,580.0000,567.0000,575.0000,142900
580.0000,585.0000,576.0000,580.0000,47300
585.0000,585.0000,576.0000,580.0000,98700
583.7500,585.0000,577.0000,580.0000,7500
576.0000,579.0000,570.0000,575.0000,6800
571.0000,578.4740,570.0000,575.0000,6800
578.0000,579.0000,570.0000,575.0000,25800
575.5000,578.5000,570.0000,575.0000,4400
570.0000,574.0000,565.0000,570.0000,13300
566.0000,574.0000,565.0000,570.0000,2700
565.0000,570.0000,565.0000,567.5000,103500
565.0000,569.0000,560.0000,565.0000,5800
564.0000,564.0000,540.0000,545.0000,20600
540.0000,565.0000,540.0000,560.0000,24500
560.0000,560.0000,560.0000,560.0000,0
563.0000,563.0000,554.0000,557.0000,6600
553.0000,562.0000,552.0000,557.0000,6800
560.0000,560.0000,553.0000,557.0000,1400
554.0000,560.0000,554.0000,557.0000,1700
562.0000,562.0000,552.0000,557.0000,1200
552.0000,561.0000,552.0000,557.0000,500
552.0000,552.0000,545.0000,550.0000,5300
545.0000,555.0000,545.0000,545.0000,3400
540.0000,540.0000,535.0000,540.0000,3500
545.0000,545.0000,535.0000,540.0000,700
535.0000,542.0000,535.0000,537.5000,6900
535.0000,535.0000,530.0000,535.0000,12200
530.0000,536.3000,530.0000,531.0000,3100
525.0000,533.5000,500.0000,517.5000,29900
510.0000,513.0000,490.0000,495.0000,23000
496.0000,500.0000,493.0000,500.0000,7800
495.0000,498.2500,495.0000,498.5000,8600
497.4500,500.0000,497.4500,498.5000,50700
495.1400,500.0000,495.0000,498.5000,3400
499.0000,499.0000,495.0000,498.5000,6400
500.0000,501.0000,495.0000,498.5000,8200
495.0000,495.0000,495.0000,498.5000,2700
498.0000,498.0000,495.0000,495.0000,1500
490.0000,496.0000,490.0000,495.0000,2200
490.0000,495.5000,490.0000,495.0000,1700
490.5000,498.0000,490.5000,495.0000,15600
491.5000,497.0000,490.0000,495.0000,22200
497.0000,497.0000,491.5000,497.0000,23800
496.9000,496.9000,492.0000,497.0000,400
496.9000,496.9000,480.6100,487.0000,58400
480.0000,485.0000,477.0000,481.0000,11400
478.0000,478.0000,472.0000,474.5000,15800
472.0000,478.0000,472.0000,477.5000,16900
477.5000,477.6000,475.0000,477.5000,8100
478.0000,478.0000,470.0000,469.0000,8800
468.0000,468.0000,458.0000,457.5000,6700
462.9750,465.0000,460.0000,465.0000,29300
465.0000,465.0000,462.0000,465.0000,800
465.0000,468.7500,462.5000,465.0000,2300
462.5000,468.1200,460.0000,465.0000,28100
460.0000,468.0000,460.0000,465.0000,95100
464.0000,468.7500,462.0000,465.0000,75400
464.0000,466.0000,461.0000,465.0000,7200
467.0000,470.0000,467.0000,465.0000,1800
470.0000,483.5000,470.0000,482.5000,13000
507.5000,520.0000,505.0000,508.5000,32100
512.0000,512.0000,506.0000,508.5000,416300
511.0000,540.0000,511.0000,538.0000,23700
540.0000,540.0000,531.0000,536.0000,16100
539.0000,558.0000,537.3750,559.0000,41500
560.0000,600.0000,560.0000,581.5000,53900
580.0000,584.0000,576.5000,577.5000,18600
580.0000,600.0000,580.0000,592.5000,18600
592.5000,595.0000,588.0000,589.0000,15400
588.6000,592.2000,588.6000,589.0000,4400
589.0000,590.0000,585.0000,587.5000,60400
587.5000,592.0000,586.0000,586.0000,27300
585.0000,585.0000,575.0000,577.5000,76400
575.0000,575.0000,530.0000,542.5000,21000
545.0000,545.0000,540.0000,542.5000,3600
542.0000,549.0000,530.0000,550.0000,13000
545.0000,555.0000,545.0000,550.0000,800
553.0000,555.0000,550.0000,552.5000,5600
552.5000,555.0000,550.0000,552.5000,5700
552.5000,552.5000,552.5000,552.5000,0
555.0000,559.0000,550.0000,555.0000,7600
550.0000,555.0000,535.0000,545.0000,16200
543.0000,560.0000,543.0000,550.0000,19600
552.0000,554.0000,545.0000,550.0000,4600
554.0000,554.0000,545.0000,550.0000,0
553.0000,553.0000,545.0000,555.0000,33100
555.0000,558.0000,550.0000,555.0000,3900
560.0000,560.0000,560.0000,555.0000,0
550.0000,552.0000,545.0000,550.0000,16600
552.0000,552.0000,552.0000,550.0000,5100
552.0000,555.0000,550.0000,553.0000,3800
558.0000,558.0000,550.2000,553.0000,2400
558.0000,567.0000,550.6000,567.0000,215300
568.5000,572.0000,566.0500,569.5000,3300
570.9000,570.9000,555.0000,558.5000,16200
559.0000,563.0000,559.0000,558.5000,500
555.0000,560.5000,553.0000,558.0000,8900
553.0000,553.0000,553.0000,556.5000,3000
554.0000,554.0000,551.0000,555.0000,4200
555.0000,555.0000,550.0000,555.0000,1000
550.0000,555.0000,550.0000,555.0000,4700
555.0000,555.0000,550.0000,555.0000,7600
551.0000,555.0000,550.0000,552.5000,16900
555.0000,565.0000,550.0000,565.0000,25100
570.0000,570.0000,560.5000,565.0000,7100
561.0000,572.0000,561.0000,567.0000,3700
570.0000,571.5000,562.0000,568.5000,21200
565.0000,572.0000,565.0000,568.5000,328100
571.5000,571.5000,567.0000,568.5000,6400
567.0000,579.4290,571.0000,579.5000,34100
577.0000,582.0000,577.0000,580.0000,10700
607.5000,633.7000,607.5000,617.5000,49600
612.0000,622.0000,612.0000,617.5000,14100
622.0000,622.0000,610.0000,617.5000,5500
620.0000,625.0000,610.0000,620.0000,8700
617.0000,620.0000,610.0000,615.0000,63700
620.0000,630.0000,616.2500,625.0000,49500
625.0000,635.0000,621.5000,627.5000,25200
627.5000,640.0000,623.0000,635.0000,23300
635.0000,640.0000,633.0000,639.0000,32100
634.9000,639.5000,626.5000,632.5000,15000
633.0000,639.5000,630.0000,632.5000,5400
638.0000,639.0000,628.0000,635.0000,13200
633.0000,638.0000,632.5000,635.0000,4700
638.0000,640.0000,631.5000,635.0000,11400
633.0000,639.0000,630.0000,635.0000,11200
638.0000,638.0000,630.0000,635.0000,20400
638.0000,638.0000,625.0000,631.0000,25900
634.0000,634.0000,620.0000,627.5000,2900
620.0000,635.0000,620.0000,627.5000,11500
635.0000,635.0000,622.0000,627.5000,8800
632.0000,635.0000,622.0000,627.5000,28900
631.7000,632.0000,622.0000,627.5000,14500
630.0500,632.0000,622.0000,627.5000,7100
620.0000,630.0000,620.0000,627.5000,6200
632.0000,632.0000,620.0000,630.0000,8600
626.0000,627.5000,610.0000,615.0000,24500
613.0000,620.0000,606.0000,610.0000,13500
615.0000,615.0000,590.0000,600.0000,51300
600.0000,600.0000,585.0000,588.5000,11500
588.5000,592.0000,573.0000,576.0000,16200
579.0000,579.5000,570.0000,575.0000,7500
570.0000,579.2000,570.0000,575.0000,1400
577.0000,600.0000,570.0000,597.5000,31000
598.5000,620.0000,602.0000,606.0000,46900
610.0000,610.0000,604.0000,607.5000,14000
606.0000,611.5500,606.0000,607.5000,13600
611.5500,611.5500,602.0000,606.0000,9200
608.0000,612.0000,608.0000,608.5000,7700
611.6500,612.0000,606.0000,608.5000,7300
606.0000,613.0000,606.0000,610.0000,27400
606.0000,613.0000,606.0000,610.0000,7500
606.0000,613.0000,606.0000,610.0000,3400
605.5000,605.5000,605.0000,610.0000,100
610.0000,616.1400,605.0000,610.0000,25000
606.0000,613.0000,605.0000,610.0000,2400
613.0000,613.0000,605.0000,610.0000,1800
613.0000,613.0000,604.0000,610.0000,11300
610.0000,612.0000,606.0000,610.0000,1400
612.0000,612.0000,605.0000,610.0000,4100
606.0000,613.0000,605.0000,610.0000,6000
610.0000,610.0000,605.0000,610.0000,6700
610.0000,613.0000,605.0000,610.0000,4400
613.0000,613.0000,600.0000,610.0000,10300
610.0000,610.0000,605.0000,610.0000,10700
610.0000,610.0000,610.0000,610.0000,500
610.0000,610.0000,610.0000,610.0000,0
610.0000,610.0000,610.0000,610.0000,0
613.0500,620.0000,605.0000,615.0000,238600
618.0000,620.0000,610.0000,617.0000,10300
620.0000,626.0000,617.0000,620.5000,52700
620.5000,620.5000,620.5000,620.5000,0
623.5000,626.0000,617.7500,620.5000,24900
618.3000,629.0000,616.0000,623.0000,13900
626.8000,626.8000,617.0000,623.0000,7800
626.8000,626.8000,617.0000,623.0000,5800
626.8000,626.8000,620.0000,623.0000,12600
625.0000,628.0000,618.5000,625.0000,12800
622.0000,630.0000,622.0000,626.5000,49700
626.9200,636.4000,625.0000,631.0000,74900
636.4000,639.5630,633.5000,636.5000,19700
639.0000,680.0000,635.0000,675.0000,42900
682.5000,695.0000,670.0000,680.0000,105300
684.5000,684.5000,675.0000,680.0000,9900
673.9000,685.0000,670.0000,680.0000,5000
685.0000,685.0000,672.0000,677.5000,28300
670.0000,680.0000,665.0000,667.5000,8700
662.0000,670.0000,645.0000,652.5000,21400
650.0000,655.0000,648.0000,650.0000,8800
653.5000,653.5000,630.0000,635.0000,12800
640.0000,640.0000,630.0000,635.0000,10600
630.0000,635.9000,630.0000,636.5000,12100
633.0000,635.0000,625.0000,632.5000,7800
625.0000,635.0000,625.0000,632.5000,36600
635.0000,647.0000,627.0000,639.5000,15600
639.0000,650.0000,638.0000,642.5000,2600
642.5000,680.0000,638.0000,665.0000,48500
661.0000,670.0000,661.0000,665.0000,2700
661.5000,670.0000,661.5000,665.0000,1000
670.0000,690.0000,670.0000,682.5000,10300
682.5000,690.0000,677.0000,682.5000,40400
682.5000,690.0000,675.0000,675.0000,29800
674.5000,685.0000,672.1000,677.5000,5800
685.0000,685.0000,685.0000,677.5000,2600
685.0000,685.0000,679.0000,677.5000,81900
687.5000,713.5000,685.0000,707.5000,119500
700.0000,710.0000,700.0000,705.0000,60800
709.0000,710.0000,705.0000,707.5000,61400
714.0000,745.0000,710.0000,742.5000,27800
742.5000,780.0000,735.0000,775.0000,41700
780.0000,810.0000,773.3000,805.0000,35100
805.0000,805.0000,780.0000,802.5000,45200
805.0000,820.0000,797.0000,812.5000,14300
808.0000,830.0000,808.0000,822.5000,19300
830.0000,838.5000,815.0000,825.0000,20100
822.0000,826.0000,817.6000,820.0000,22400
817.0000,825.0000,810.0000,817.5000,29400
820.0000,830.0000,820.0000,825.0000,8500
822.0000,840.0000,822.0000,835.0000,63500
834.0000,890.0000,834.0000,882.5000,47200
882.5000,925.0000,890.0000,920.0000,41100
921.0000,980.0000,915.0000,970.0000,104200
965.0000,995.0000,960.0000,985.0000,57400
981.4000,981.4000,925.0000,932.5000,77500
940.0000,950.0000,931.0000,945.0000,28200
935.0000,950.0000,875.0000,885.0000,36500
875.0000,889.1000,840.0000,857.5000,40300
860.0000,875.0000,851.0000,867.5000,20700
874.5000,890.0000,856.5000,882.5000,17200
882.5000,890.0000,875.0000,882.5000,17200
875.0000,885.0000,875.0000,882.5000,15100
875.0000,877.0000,850.0000,860.0000,23600
862.0000,870.0000,840.0000,850.0000,21100
849.0000,849.0000,800.0000,807.5000,19200
801.0000,815.0000,780.0000,792.5000,137300
784.5000,805.0000,780.0000,795.0000,20500
802.7500,835.0000,790.0000,822.5000,55700
834.0000,839.9900,825.0000,830.0000,153300
836.4000,860.0000,836.4000,850.0000,36300
845.0000,845.0000,815.0000,822.5000,20800
816.6880,826.2500,815.5000,822.5000,44800
821.5000,821.5000,810.0000,817.5000,51000
808.0000,820.0000,805.0000,817.5000,6200
808.0000,830.0000,790.7110,800.0000,10300
788.0000,805.0000,785.0000,795.0000,20500
800.0000,800.0000,793.6000,795.0000,5800
790.0000,810.0000,790.0000,800.0000,18800
800.0000,800.0000,796.0000,800.0000,70600
800.0000,800.0000,800.0000,800.0000,0
800.0000,800.0000,800.0000,800.0000,0
805.0000,805.0000,796.0000,800.0000,19800
793.0000,820.0000,793.0000,812.5000,76800
815.0000,825.0000,802.5000,812.5000,3700
800.0000,850.0000,800.0000,810.0000,55500
808.0000,808.0000,790.0000,800.0000,13700
790.0000,812.0000,790.0000,807.5000,3200
800.0000,807.8000,800.0000,802.5000,7300
805.5000,807.8000,800.0000,805.0000,3400
800.0000,807.0000,800.0000,805.0000,11000
805.0000,805.0000,805.0000,805.0000,0
800.0000,811.0000,800.0000,807.5000,3300
811.0000,811.0000,790.0000,802.5000,6200
792.0000,805.0000,790.0000,802.5000,900
790.0000,804.7500,786.0000,797.5000,4500
799.7500,799.7500,785.0000,797.5000,500
799.7500,799.7500,785.0000,790.0000,4400
790.0000,790.0000,760.0000,770.0000,3200
760.0000,760.0000,750.0000,755.0000,5200
753.8000,759.5830,740.0000,750.0000,19600
758.0000,770.0000,748.1000,757.5000,13400
770.0000,810.0000,770.0000,807.5000,25000
800.0000,810.0000,799.8500,805.0000,52500
820.0000,833.0000,820.0000,830.0000,65400
855.0000,855.0000,835.0000,851.6000,21300
851.6000,851.6000,851.6000,851.6000,0
851.6000,860.0000,833.0000,845.0000,30100
850.9850,860.0000,835.0000,850.0000,14800
838.0000,857.5000,836.7410,850.0000,6600
835.0000,865.0000,835.0000,855.0000,11200
845.0000,858.0000,840.0000,842.5000,8400
835.0000,842.5000,830.0000,835.0000,11800
833.0100,833.0100,815.0000,820.0000,9300
822.5000,830.0000,817.0000,822.5000,242000
830.0000,835.0010,819.5000,830.0000,12200
835.0000,870.0000,835.0000,855.0000,590900
850.0000,870.0000,845.0000,855.0000,54600
870.0000,870.0000,845.0000,857.5000,6400
850.0000,850.0000,850.0000,857.5000,2100
870.0000,870.0000,850.0000,860.0000,13300
865.0000,865.0000,840.0000,850.0000,8300
840.0000,858.5000,840.0000,842.5000,9400
835.0000,845.0000,825.0000,835.0000,8600
825.0000,842.5000,825.0000,835.0000,23000
840.0000,845.0000,827.0000,835.0000,16300
826.1000,840.0000,826.1000,835.0000,13600
833.5050,860.0000,833.5050,850.0000,12300
850.3250,860.0000,850.3250,852.5000,8300
851.1500,858.0000,851.1500,852.5000,19100
856.0000,870.0000,856.0000,860.0000,18300
860.0000,920.0000,860.0000,907.5000,18400
920.0000,930.0000,903.7500,915.0000,5700
930.0000,935.0000,912.5000,915.0000,24600
924.0000,924.0000,912.5000,915.0000,2300
912.5000,927.0000,900.0000,915.0000,20000
924.0000,930.0000,906.1500,915.0000,30300
915.0000,950.0000,910.2000,937.5000,29100
925.0000,950.0000,925.0000,937.5000,8000
932.0000,960.0000,927.0000,950.0000,45800
953.6000,985.0000,953.6000,970.0000,13200
985.0000,1020.0000,971.2500,1010.0000,67500
1004.0000,1075.0000,995.2500,1067.5000,70400
1075.0000,1115.0000,1075.0000,1095.0000,37900
1080.0000,1098.0000,1010.0000,1010.0000,30300
1000.0000,1025.0000,925.0000,940.0000,35900
930.0000,941.7990,910.0000,920.0000,17000
928.0000,1005.0000,928.0000,985.0000,21100
990.0000,1000.0000,971.0000,997.5000,14800
995.0000,1009.9900,990.0000,997.5000,28200
1005.0000,1005.0000,1000.0000,1002.5000,6800
1000.0000,1004.0000,980.0000,995.0000,42000
1000.0000,1008.9200,949.6190,970.0000,15100
979.9000,1020.0000,960.0000,1005.0000,20000
1015.0000,1020.0000,990.0000,1005.0000,32100
1020.0000,1045.0000,1000.0000,1030.0000,16600
1045.0000,1045.0000,1010.0000,1025.0000,25100
1030.0000,1035.0000,1010.0000,1027.5000,9100
1022.7500,1035.0000,1022.7500,1025.0000,45000
1035.0000,1035.0000,1025.0000,1025.0000,26200
1035.0000,1040.0000,1025.0000,1032.5000,28100
1035.0000,1075.0000,1030.0000,1062.5000,16300
1075.0000,1075.0000,1050.0000,1060.0000,13000
1010.0000,1010.0000,950.5000,980.0000,786000
976.6670,990.0000,970.0000,980.0000,55300
977.2500,1035.0000,977.2500,1015.0000,27000
1000.0000,1035.0000,1000.0000,1015.0000,76400
1000.0000,1033.0000,1000.0000,1015.0000,46700
1000.0000,1020.0000,998.0000,1010.0000,73700
1020.0000,1037.0000,1001.0000,1020.0000,4100
1011.0000,1037.0000,1011.0000,1020.0000,500
1020.0000,1020.0000,1020.0000,1020.0000,0
1011.2500,1054.7500,1010.0000,1042.5000,10600
1060.0000,1065.0000,1060.0000,1045.0000,400
1065.0000,1135.0000,1065.0000,1132.5000,17600
1129.5000,1129.5000,1090.0000,1100.0000,7200
1090.0000,1110.0000,1070.0000,1092.5000,211600
1091.0000,1106.5000,1091.0000,1095.0000,9400
1110.0000,1135.0000,1092.2500,1110.0000,20200
1120.0000,1135.0000,1110.0000,1117.5000,45500
1110.0000,1128.0000,1100.0000,1110.0000,2200
1101.1000,1128.0000,1100.0000,1117.5000,2200
1127.5000,1155.0000,1117.0000,1140.0000,15800
1135.0000,1180.0000,1135.0000,1160.0000,9000
1160.0000,1166.5800,1145.0000,1150.0000,4800
1153.0000,1170.0000,1153.0000,1155.0000,2100
1170.0000,1170.0000,1155.0000,1155.0000,17100
1167.6000,1167.6000,1146.0000,1155.0000,17300
1145.0000,1167.0000,1143.0000,1155.0000,4600
1145.0000,1170.0000,1145.0000,1155.0000,9700
1170.0000,1215.0000,1165.0000,1195.0000,73100
1215.0000,1240.0000,1185.0000,1220.0000,55500
1220.0000,1224.0000,1150.0000,1167.5000,146300
1171.0200,1190.0000,1140.0000,1175.0000,11100
1160.0000,1200.0000,1160.0000,1182.5000,3800
1197.0000,1197.0000,1170.0000,1190.0000,185400
1172.0000,1190.0000,1170.0000,1190.0000,5200
1190.0000,1190.0000,1170.0000,1190.0000,2500
1190.0000,1190.0000,1160.0000,1180.0000,8600
1160.0000,1180.0000,1120.0000,1140.0000,6900
1120.0000,1155.0000,1110.0000,1130.0000,7900
1146.0000,1150.0000,1120.0000,1130.0000,9500
1155.0000,1156.0000,1120.0000,1140.0000,11800
1130.0000,1156.0000,1130.0000,1140.0000,9600
1130.0000,1155.5000,1120.0000,1140.0000,14600
1130.0000,1155.0000,1115.0000,1135.0000,7900
1111.0000,1120.0000,1040.0000,1060.0000,26800
1042.8000,1104.0000,1040.0000,1085.0000,23400
1104.0000,1104.0000,1080.0000,1085.0000,1900
1080.0000,1082.0000,1080.0000,1085.0000,12500
1082.0000,1102.2000,1075.0000,1085.0000,40700
1102.2000,1119.2000,1075.0000,1102.5000,6600
1120.0000,1139.2000,1095.0000,1120.0000,4000
1120.0000,1155.0000,1102.8000,1137.5000,9100
1154.6500,1159.9399,1130.0000,1142.5000,2800
1160.0000,1170.0000,1147.8000,1155.0000,15900
1170.0000,1179.5000,1156.0000,1160.0000,11000
1179.5000,1188.0000,1165.0000,1175.0000,6700
1189.8500,1230.0000,1182.0000,1212.5000,14000
1219.8500,1220.0000,1188.0000,1200.0000,4900
1215.0000,1220.0000,1200.0000,1205.0000,13200
1216.0000,1228.0000,1198.0000,1210.0000,9000
1228.0000,1228.5000,1210.0000,1215.0000,5100
1229.4000,1229.4000,1196.0000,1200.0000,8000
1196.0000,1224.2000,1186.2500,1205.0000,25800
1195.0000,1224.2000,1195.0000,1205.0000,8100
1224.2000,1224.2000,1185.0000,1197.5000,5800
1195.6200,1269.0000,1195.0000,1245.0000,19000
1258.0000,1270.0000,1240.0000,1250.0000,2800
1240.0000,1280.0000,1240.0000,1255.0000,22900
1255.0000,1290.0000,1245.0000,1265.0000,5800
1290.0000,1335.0000,1262.0000,1317.5000,37300
1300.0000,1352.5000,1300.0000,1330.0000,62500
1352.5000,1355.0000,1305.0000,1330.0000,13800
1315.0000,1375.0000,1315.0000,1362.5000,14600
1381.3199,1420.0000,1360.2500,1400.0000,61500
1418.0000,1444.8000,1390.0000,1435.0000,21900
1444.8000,1485.0000,1430.0100,1465.0000,57100
1490.0000,1550.0000,1470.0000,1530.0000,96600
1528.0000,1528.0000,1480.0000,1507.5000,70000
1510.0000,1520.0000,1492.1000,1510.0000,13000
1500.0000,1519.0000,1465.0000,1482.5000,12900
1491.0000,1500.0000,1465.0000,1482.5000,33300
1491.9500,1499.0000,1470.0000,1482.5000,11200
1482.0000,1482.0000,1435.0000,1457.5000,5900
1460.0000,1460.0000,1440.4000,1462.5000,4300
1458.0000,1485.0000,1425.1000,1450.0000,13900
1438.0000,1438.0000,1420.0000,1440.0000,5100
1415.0000,1425.0000,1370.0000,1395.0000,25500
1375.0000,1408.0000,1373.0000,1395.0000,12500
1375.0000,1405.0000,1375.0000,1395.0000,2800
1401.0000,1420.0000,1370.0000,1395.0000,20800
1383.0000,1410.0000,1383.0000,1395.0000,29500
1400.0000,1400.0000,1370.0000,1395.0000,30100
1375.0000,1395.0000,1375.0000,1395.0000,1600
1393.5000,1393.5000,1372.0000,1395.0000,5000
1388.0000,1388.0000,1370.1000,1395.0000,12300
1380.0000,1395.0000,1370.0000,1390.0000,16600
1380.0000,1389.5000,1378.0000,1385.0000,2900
1385.0000,1385.0000,1385.0000,1385.0000,0
1385.0000,1385.0000,1385.0000,1385.0000,0
1389.5000,1399.0000,1379.3800,1385.0000,8300
1380.0000,1450.0000,1380.0000,1405.0000,30100
1405.0000,1430.0000,1385.0000,1405.0000,2800
1405.0000,1405.0000,1405.0000,1405.0000,0
1385.0000,1415.0000,1385.0000,1405.0000,900
1388.0000,1410.0000,1385.0000,1405.0000,6900
1390.0000,1400.0000,1368.0000,1387.5000,5000
1368.0000,1386.0000,1260.0000,1262.5000,27300
1255.3000,1340.0000,1250.0000,1320.0000,32500
1334.0000,1335.0000,1315.0000,1332.5000,20500
1329.2000,1340.0000,1310.0000,1320.0000,14100
1323.8000,1325.0000,1305.0000,1312.5000,18100
1310.0000,1325.0000,1309.0000,1312.5000,15900
1324.0000,1334.0000,1317.1500,1330.0000,6700
1330.0000,1335.0000,1320.0000,1322.5000,14900
1320.0000,1335.0000,1320.0000,1322.5000,11800
1325.0000,1340.0000,1325.0000,1325.0000,10300
1330.0000,1365.0000,1330.0000,1345.0000,14500
1365.0000,1365.0000,1335.4000,1352.5000,4100
1370.0000,1382.0000,1345.7500,1372.5000,4700
1385.0000,1420.0000,1385.0000,1392.5000,2400
1415.0000,1420.0000,1385.0000,1395.0000,53200
1420.0000,1420.0000,1391.5000,1410.0000,24500
1470.0000,1490.0000,1460.0000,1470.0000,11300
1452.0000,1486.8000,1430.0000,1442.5000,12800
1426.7500,1450.0000,1350.0000,1365.0000,16300
1350.0000,1375.0000,1350.0000,1365.0000,15600
1350.6000,1365.0000,1330.0000,1340.0000,10300
1331.0000,1335.0000,1280.0000,1297.5000,23200
1311.3199,1322.0000,1285.0000,1322.5000,6000
1306.7500,1306.7500,1250.0000,1255.0000,11600
1255.0000,1265.0000,1245.0000,1260.0000,33400
1250.0000,1265.0000,1207.0000,1235.0000,29000
1220.0000,1230.0000,1140.1500,1185.0000,84100
1160.0000,1207.0000,1160.0000,1185.0000,34700
1180.0000,1215.0000,1162.0000,1205.0000,19500
1204.0000,1219.0000,1190.0000,1205.0000,14500
1185.0000,1211.8800,1185.0000,1207.5000,7200
1211.8800,1211.8800,1190.0000,1207.5000,6000
1205.0000,1207.0000,1180.0000,1197.5000,5100
1193.5000,1210.0000,1174.0000,1202.5000,18800
1185.5000,1190.0000,1155.0000,1180.0000,15700
1168.0000,1205.0000,1168.0000,1187.5000,30000
1210.0000,1310.0000,1201.0000,1295.0000,58900
1315.0000,1375.0000,1295.0000,1360.0000,65000
1375.0000,1403.2500,1352.0000,1385.0000,16600
1382.0000,1382.0000,1350.5000,1370.0000,7700
1350.4000,1357.0000,1330.0000,1350.0000,138800
1330.4000,1351.0000,1315.0000,1330.0000,3500
1345.0000,1350.0000,1310.0000,1330.0000,4800
1312.0000,1330.0000,1310.0000,1315.0000,261800
1300.0000,1317.7500,1295.0000,1312.5000,6200
1292.0000,1312.5000,1292.0000,1310.0000,2000
1310.0000,1325.0000,1290.4000,1310.0000,13900
1320.0000,1330.0000,1292.0000,1310.0000,3400
1300.0000,1334.8199,1300.0000,1315.0000,17300
1315.0000,1345.0000,1314.0000,1335.0000,825900
1335.0000,1370.0000,1330.0000,1345.0000,7300
1335.0000,1335.0000,1300.0000,1325.0000,11500
1315.0000,1337.0000,1315.0000,1322.5000,6300
1330.0000,1330.0000,1305.2500,1317.5000,6900
1305.2500,1325.0000,1305.0000,1317.5000,9000
1300.3000,1307.6000,1283.0000,1300.0000,9900
1277.2500,1306.0500,1270.0000,1290.0000,13300
1278.2000,1290.0000,1270.0000,1290.0000,900
1280.0000,1330.0000,1280.0000,1315.0000,37100
1302.5000,1360.0000,1301.7500,1325.0000,13200
1315.0000,1390.0000,1315.0000,1370.0000,35300
1352.0000,1385.0000,1350.0000,1375.0000,62600
1375.0000,1375.0000,1375.0000,1375.0000,0
1375.0000,1375.0000,1375.0000,1375.0000,0
1384.0000,1384.0000,1361.2500,1375.0000,7000
1390.0000,1393.5000,1364.5000,1382.5000,63000
1392.0000,1395.0000,1376.5000,1395.0000,53400
1397.5000,1455.5000,1392.0000,1435.0000,53700
1435.0000,1520.0000,1385.0000,1495.0000,33000
1520.0000,1605.0000,1500.0000,1590.0000,53800
1595.0000,1620.0000,1580.0000,1600.0000,58300
1605.0000,1695.0000,1600.0000,1680.0000,29800
1682.5000,1729.4000,1680.0000,1700.0000,13500
1700.0000,1785.0000,1677.0000,1775.0000,74500
1775.0000,1865.0000,1775.0000,1790.0000,103000
1800.0000,1830.0000,1790.0000,1807.5000,38400
1790.0000,1810.0000,1762.5000,1780.0000,60000
1762.5000,1820.0000,1762.5000,1805.0000,50500
1814.0000,1820.0000,1791.5000,1805.0000,14500
1791.0000,1805.0000,1791.0000,1807.5000,7800
1791.9301,1810.0000,1791.7500,1802.5000,6100
1807.3000,1807.3000,1790.0000,1800.0000,30200
1791.0000,1809.0000,1791.0000,1800.0000,2400
1800.0000,1800.0000,1800.0000,1800.0000,0
1795.0000,1810.0000,1794.0000,1800.0000,14500
1796.4000,1810.0000,1789.6000,1795.0000,44800
1790.0000,1790.0000,1690.0000,1710.0000,21600
1716.0000,1736.0000,1699.0000,1720.0000,9400
1738.0000,1740.0000,1725.0000,1720.0000,1800
1720.0000,1727.5000,1695.0000,1715.0000,7900
1744.0000,1750.0000,1700.0000,1712.5000,37200
1712.5000,1720.0000,1640.2200,1662.5000,10400
1670.0000,1685.0000,1640.0000,1665.0000,9600
1687.5000,1690.0000,1657.0000,1665.0000,6700
1665.0000,1750.0000,1665.0000,1725.0000,7800
1725.0000,1820.0000,1735.0000,1800.0000,17100
1800.0000,1882.7500,1792.0000,1862.5000,24300
1865.0000,1928.0000,1860.0000,1895.0000,31300
1895.0000,1895.0000,1895.0000,1895.0000,0
1915.0000,2000.0000,1917.5000,1980.0000,31600
1990.0000,2020.0000,1992.5000,1992.5000,12300
1976.7500,2009.8199,1971.7500,1980.0000,4900
1998.0000,2000.0000,1950.0000,1975.0000,4100
1990.0000,2000.0000,1950.0000,1957.5000,9000
1944.5000,1955.0000,1862.5000,1875.0000,8800
1885.0000,1885.0000,1790.0000,1815.0000,27600
1840.0000,1840.0000,1815.0000,1815.0000,33900
1800.0000,1830.0000,1800.0000,1815.0000,33300
1795.0000,1839.0000,1791.0000,1810.0000,5700
1795.0000,1815.0000,1792.0000,1810.0000,8200
1790.0000,1800.0000,1700.0000,1715.0000,7200
1727.5000,1730.0000,1690.0000,1705.0000,16700
1693.6000,1800.0000,1684.8000,1775.0000,11700
1790.0000,1820.0000,1750.0000,1802.5000,26500
1805.0000,1840.0000,1795.2500,1807.5000,42800
1795.2500,1824.3000,1791.0000,1807.5000,11000
1800.0000,1825.0000,1800.0000,1807.5000,10900
1800.0000,1930.0000,1799.8000,1915.0000,20000
1917.5000,1940.0000,1865.0000,1877.5000,8800
1885.2000,1895.0000,1860.0000,1860.0000,6000
1864.0000,1864.0000,1853.1000,1860.0000,5800
1864.0000,1864.0000,1853.1000,1860.0000,1200
1853.2000,1860.0000,1735.5000,1755.0000,25400
1665.0000,1692.0000,1651.1100,1665.0000,12200
1650.3000,1670.0000,1607.5000,1650.0000,20800
1646.0000,1740.8900,1646.0000,1730.0000,12400
1737.7000,1788.2500,1720.0000,1772.5000,14900
1788.2500,1810.0000,1775.0000,1800.0000,20200
1786.4700,1815.0000,1760.0000,1775.0000,6800
1780.0000,1819.5000,1778.0000,1795.0000,2300
1797.5000,1802.5000,1730.0000,1740.0000,15000
1747.2000,1747.2000,1560.0000,1582.5000,24300
1602.5000,1714.0000,1602.5000,1710.0000,62900
1713.6000,1720.0000,1665.0000,1700.0000,24700
1695.0000,1710.0000,1682.0000,1690.0000,34300
1710.0000,1710.0000,1700.0000,1700.0000,18300
1712.0000,1721.9000,1700.0000,1707.5000,1800
1734.0000,1734.0000,1700.0000,1720.0000,18700
1734.0000,1735.6000,1710.0000,1720.0000,10100
1716.0000,1732.1200,1701.9100,1720.0000,15000
1705.0000,1732.1200,1660.0000,1680.0000,9800
1700.0000,1730.0000,1700.0000,1710.0000,10400
1695.0000,1740.0000,1695.0000,1715.0000,17500
1740.0000,1740.0000,1695.5000,1715.0000,7300
1704.0000,1704.0000,1574.5000,1635.0000,44300
1655.0000,1722.7500,1655.0000,1702.5000,8400
1685.0000,1747.7700,1685.0000,1730.0000,9800
1745.6000,1760.0000,1712.0000,1742.5000,8500
1742.5000,1820.0000,1730.5000,1805.0000,10200
1817.5000,1940.0000,1817.5000,1915.0000,9500
1939.0000,1939.0000,1840.0000,1887.5000,11100
1883.7500,1935.0000,1880.0000,1890.0000,9300
1915.0000,1930.0000,1906.0000,1927.5000,9200
1945.0000,1945.0000,1864.0000,1880.0000,14500
1880.0000,1900.0000,1850.0000,1875.0000,15800
1850.0000,1850.0000,1780.0000,1820.0000,12200
1835.0000,1835.0000,1800.0000,1820.0000,2400
1808.4000,1836.3199,1805.4000,1815.0000,2600
1806.0000,1840.0000,1806.0000,1820.0000,6700
1839.0000,1855.0000,1820.0000,1842.5000,4300
1865.0000,1910.0000,1840.0000,1882.5000,20700
1865.0000,1930.0000,1865.0000,1910.0000,34500
1907.0000,1918.0000,1884.0000,1892.5000,17900
1860.0000,1860.0000,1750.0000,1780.0000,22200
1764.0000,1806.4000,1764.0000,1795.0000,8500
1785.0000,1785.0000,1780.0000,1795.0000,96000
1805.5000,1805.5000,1780.0000,1795.0000,4700
1803.1000,1807.0000,1780.0000,1795.0000,34500
1795.0000,1795.0000,1795.0000,1795.0000,0
1803.1000,1803.1000,1780.0000,1795.0000,8400
1780.0000,1805.0000,1715.0000,1795.0000,5100
1770.0000,1790.0000,1770.0000,1795.0000,18700
1800.0000,1815.0000,1770.0000,1795.0000,15200
1803.0000,1808.7500,1803.0000,1797.5000,3900
1808.7500,1809.5000,1775.0000,1785.0000,2100
1800.0000,1809.5000,1800.0000,1805.0000,73454
1795.0000,1820.0000,1770.0000,1795.0000,2189
1837.5000,1842.0000,1800.0000,1825.0000,5422
1805.0000,1830.0000,1805.0000,1825.0000,2734
1827.5000,1827.5000,1800.5000,1825.0000,602
1800.0000,1830.0000,1800.0000,1825.0000,1472
1800.5000,1827.5000,1800.0000,1810.0000,71894
1822.5000,1850.0000,1802.5000,1825.0000,316
1822.5000,1847.5000,1822.5000,1825.0000,2344
1826.0000,1832.5000,1775.0000,1815.0000,4114
1780.0000,1810.0000,1780.0000,1800.0000,396
1812.5000,1825.0000,1732.0400,1800.0000,38500
1800.0000,1837.5000,1800.0000,1825.0000,2582
