170.0000,171.0000,158.0000,158.0000,54844200
157.0000,159.0000,156.7500,157.2500,7609600
157.7500,170.0000,157.7500,163.0000,1662100
165.0000,169.7500,165.0000,169.5000,1344800
167.0000,169.5000,165.5000,166.0000,1364200
168.0000,168.0000,159.0000,159.0000,1680700
162.0000,162.5000,159.5000,161.2500,1596400
160.2500,162.0000,160.2500,160.7500,214100
162.0000,162.0000,161.0000,161.5000,600200
165.0000,166.0000,164.0000,164.7500,1229600
164.7500,164.7500,162.0000,162.2500,597600
162.0000,162.2500,160.0000,160.2500,1356100
160.5000,163.0000,159.0000,160.5000,1317300
163.0000,163.0000,159.0000,159.0000,178600
159.0000,159.0000,148.7500,150.0000,940900
150.0000,151.0000,145.0000,146.0000,1816500
146.5000,146.7500,140.7500,146.7500,923000
146.7500,149.5000,146.7500,148.0000,285200
148.0000,149.7500,148.0000,149.0000,145300
150.0000,150.0000,148.0000,149.5000,1600100
149.2500,150.7500,149.2500,150.7500,2432600
151.0000,154.2500,151.0000,154.0000,2656600
152.0000,155.0000,149.2500,154.0000,549700
153.0000,153.7500,153.0000,153.7500,1319500
155.0000,155.0000,153.0000,153.5000,1727500
155.0000,155.0000,152.0000,152.0000,305500
152.0000,154.7500,152.0000,154.7500,367500
154.0000,155.0000,153.7500,155.0000,1079600
156.0000,161.7500,155.5000,158.2500,3470800
159.0000,159.0000,155.2500,155.2500,3186400
155.0000,158.0000,152.7500,153.0000,3091800
154.0000,155.0000,153.0000,153.5000,381100
156.0000,156.0000,155.0000,155.0000,2090900
157.0000,160.0000,157.0000,159.5000,3031700
159.0000,160.0000,156.0000,159.0000,2323200
156.0000,158.0000,148.0000,157.2500,3544000
152.2500,155.0000,151.0000,151.0000,1143100
150.7500,155.7500,150.7500,155.7500,813600
159.7500,162.0000,150.2500,157.0000,5477400
156.5000,172.0000,156.5000,164.0000,7551100
163.5000,178.0000,163.2500,166.0000,14559500
167.0000,168.0000,158.0000,164.0000,2942400
164.0000,167.0000,161.0000,164.0000,2662300
166.2500,174.0000,164.2500,173.0000,4632300
174.0000,182.5000,174.0000,177.0000,10549300
179.7500,179.7500,175.0000,176.0000,1376100
174.7500,180.0000,174.7500,178.0000,1253400
180.0000,180.0000,176.2500,178.5000,4061900
180.0000,180.7500,175.2500,180.0000,1318900
178.0000,180.0000,176.0000,179.5000,1194800
180.7500,189.7500,179.5000,189.5000,2691400
189.5000,190.0000,187.5000,188.0000,1844100
188.0000,188.0000,183.0000,185.0000,3013000
188.0000,188.0000,181.5000,183.2500,2437900
184.0000,186.0000,181.0000,182.2500,501500
181.0000,191.0000,180.0000,191.0000,1751100
192.0000,192.0000,187.0000,189.0000,2447000
187.0000,189.0000,183.5000,185.5000,403300
187.0000,190.0000,186.5000,190.0000,1255900
188.0000,190.0000,187.2500,189.5000,4013400
188.2500,193.0000,184.0000,190.0000,1683200
186.5000,189.5000,183.0000,185.0000,2806800
184.2500,191.0000,184.2500,190.0000,2648100
187.0000,192.0000,187.0000,191.0000,1036800
188.0000,195.0000,188.0000,194.7500,2409000
192.0000,205.0000,190.0000,202.2500,4268600
205.0000,207.0000,202.0000,205.0000,1507800
202.0000,206.7500,202.0000,204.2500,563300
206.0000,223.2500,205.0000,215.0000,15389500
211.7500,213.2500,208.0000,212.5000,554500
207.0000,209.0000,204.2500,205.0000,675900
203.2500,205.0000,201.2500,204.5000,668700
207.5000,208.0000,202.7500,205.0000,496600
208.0000,215.0000,205.0000,212.5000,1576000
208.2500,210.0000,207.0000,207.0000,673900
207.7500,211.0000,205.0000,207.0000,593100
205.0000,207.7500,190.0000,193.7500,436300
194.0000,196.2500,190.0000,190.0000,264900
195.0000,195.0000,186.7500,190.0000,230500
186.0000,187.2500,183.0000,185.0000,668400
188.0000,188.0000,182.0000,182.0000,328400
184.7500,188.0000,177.0000,178.5000,376300
180.0000,182.5000,160.0000,165.0000,1518300
161.7500,165.0000,158.7500,161.2500,866800
163.2500,163.5000,160.0000,160.2500,233800
158.0000,162.0000,157.2500,157.2500,544100
159.5000,160.2500,152.2500,153.5000,238700
152.2500,158.0000,152.0000,152.0000,377800
156.7500,162.0000,156.2500,162.0000,234400
161.7500,172.0000,160.0000,164.2500,948900
165.0000,180.5000,165.0000,180.5000,858100
175.2500,181.7500,175.0000,177.0000,470800
175.2500,176.0000,163.0000,163.0000,658300
164.5000,168.0000,160.0000,160.2500,422900
162.5000,164.0000,155.5000,159.5000,384600
157.0000,160.0000,157.0000,158.7500,152000
157.0000,162.0000,155.0000,159.0000,332500
157.7500,160.0000,157.7500,160.0000,99700
157.0000,159.0000,153.5000,158.0000,280500
153.2500,153.2500,142.0000,146.0000,745200
148.0000,148.0000,141.7500,142.0000,505200
140.0000,140.0000,127.7500,133.0000,969200
131.0000,133.7500,122.0000,130.2500,1719700
135.5000,152.7500,135.5000,139.2500,1425700
143.0000,143.0000,138.0000,141.7500,498200
142.0000,142.0000,138.0000,138.0000,746200
142.0000,142.0000,138.0000,138.0000,31400
140.0000,140.0000,138.0000,138.7500,120700
137.5000,138.0000,135.0000,138.0000,191900
135.7500,140.0000,135.7500,140.0000,195100
138.5000,140.0000,137.0000,139.0000,267000
138.0000,139.7500,136.5000,139.0000,4688000
136.0000,138.0000,119.0000,124.2500,1068800
124.0000,125.5000,120.2500,120.7500,260700
122.5000,122.5000,120.0000,121.2500,344500
119.0000,120.0000,115.7500,115.7500,320600
120.0000,120.2500,94.2500,107.0000,3581400
106.2500,108.5000,104.7500,105.0000,1404100
105.7500,114.0000,104.7500,114.0000,298700
112.5000,123.0000,112.5000,117.7500,725200
115.2500,115.5000,108.2500,110.0000,373100
111.5000,113.2500,104.2500,104.2500,579300
104.2500,114.0000,103.7500,112.0000,1018100
110.0000,111.0000,103.0000,109.0000,433800
106.0000,108.2500,98.0000,108.0000,791900
106.0000,106.0000,99.0000,99.0000,617200
102.0000,103.7500,98.2500,103.0000,644600
104.0000,107.0000,100.2500,105.0000,542200
103.0000,105.0000,102.5000,103.0000,205600
103.0000,104.0000,102.2500,104.0000,205400
103.5000,108.0000,103.5000,108.0000,479000
105.0000,108.0000,101.0000,106.0000,750100
106.0000,113.2500,105.5000,113.2500,782900
111.5000,112.5000,109.0000,110.2500,510000
108.0000,112.0000,105.0000,106.0000,870000
104.2500,106.0000,103.0000,103.7500,292800
105.0000,107.0000,102.0000,105.0000,359400
106.0000,108.0000,103.2500,106.2500,132000
105.0000,112.0000,105.0000,109.5000,416700
112.5000,113.5000,109.0000,110.0000,1132300
109.0000,111.0000,105.7500,111.0000,402900
113.0000,114.0000,112.0000,112.0000,195000
110.2500,112.7500,110.0000,111.7500,191300
113.0000,128.0000,113.0000,126.0000,485200
125.0000,129.7500,124.0000,128.0000,201700
126.0000,128.7500,125.0000,127.7500,209300
128.0000,136.2500,128.0000,136.0000,1560000
133.5000,136.5000,132.0000,132.5000,269600
133.0000,133.2500,128.0000,133.0000,362900
136.0000,137.5000,129.5000,132.0000,1376800
130.0000,132.0000,129.5000,131.7500,83200
129.0000,137.0000,129.0000,135.7500,406600
134.7500,138.0000,134.2500,138.0000,281500
134.0000,134.0000,128.2500,131.2500,462300
133.0000,133.0000,124.0000,127.2500,707700
130.0000,135.0000,126.0000,133.5000,137600
135.0000,136.0000,130.5000,130.7500,123900
129.0000,130.0000,124.0000,125.2500,270100
127.0000,127.0000,123.0000,123.0000,307200
125.2500,127.0000,121.0000,123.2500,421400
124.0000,125.0000,119.0000,121.2500,267400
116.0000,119.0000,115.0000,115.0000,478900
117.0000,122.0000,116.0000,117.2500,602900
116.0000,117.7500,114.2500,117.0000,0
117.7500,122.5000,115.0000,120.0000,243500
122.0000,126.5000,117.7500,123.0000,1215000
123.0000,124.7500,113.0000,123.0000,1764900
124.0000,128.0000,121.0000,128.0000,1379500
125.0000,126.2500,123.0000,126.2500,444500
125.0000,126.5000,123.0000,125.7500,311600
125.0000,128.0000,122.7500,128.0000,2287400
125.0000,126.7500,122.7500,125.0000,154000
123.0000,129.0000,123.0000,128.0000,864800
126.0000,131.7500,122.5000,126.0000,371900
126.0000,126.0000,118.2500,123.2500,604100
121.0000,125.2500,119.7500,125.0000,420800
125.0000,126.0000,123.2500,125.0000,1227900
124.0000,124.0000,120.0000,123.0000,1179700
124.0000,124.0000,119.7500,122.5000,536100
122.5000,122.5000,115.0000,121.0000,593800
121.0000,121.7500,116.5000,118.7500,272200
116.0000,119.0000,114.7500,115.0000,525300
116.0000,118.5000,115.0000,117.0000,386900
115.0000,120.0000,115.0000,116.2500,323200
115.5000,117.7500,108.2500,110.0000,495800
110.0000,110.0000,103.7500,108.7500,652200
108.0000,108.0000,97.5000,105.2500,0
115.0000,118.0000,110.5000,113.5000,0
116.5000,117.5000,114.0000,115.0000,0
114.5000,114.5000,105.5000,108.0000,0
109.2500,116.7500,107.0000,115.0000,0
116.0000,120.5000,116.0000,118.0000,0
117.0000,119.0000,114.0000,114.2500,0
115.0000,118.2500,114.2500,116.0000,0
115.0000,118.0000,114.2500,114.2500,0
114.0000,117.0000,114.0000,116.2500,0
115.0000,117.0000,113.7500,116.0000,0
116.0000,118.0000,114.0000,115.5000,0
115.5000,117.5000,114.0000,115.5000,0
115.0000,116.5000,113.2500,113.7500,0
114.5000,115.2500,112.0000,115.0000,0
115.0000,116.0000,111.0000,115.0000,0
115.0000,119.0000,113.0000,118.5000,0
116.0000,119.0000,116.0000,119.0000,0
119.7500,129.5000,119.7500,127.2500,0
127.0000,128.2500,124.5000,127.2500,0
125.0000,125.0000,120.0000,120.0000,0
120.7500,124.0000,119.5000,121.5000,0
121.0000,124.5000,121.0000,124.2500,0
125.0000,130.0000,123.2500,128.0000,0
127.0000,128.5000,123.0000,124.0000,0
125.0000,128.0000,123.5000,126.5000,0
126.2500,130.0000,126.2500,130.0000,0
127.2500,141.7500,127.2500,135.5000,0
138.2500,138.5000,131.0000,131.0000,0
132.0000,134.7500,128.7500,133.7500,0
134.5000,134.5000,125.5000,128.0000,0
128.7500,128.7500,125.0000,126.2500,0
128.7500,129.5000,123.5000,128.2500,0
129.5000,129.5000,119.0000,124.2500,0
122.5000,125.2500,122.0000,122.5000,0
125.0000,125.0000,115.7500,117.2500,0
118.0000,125.0000,118.0000,125.0000,0
123.5000,129.2500,123.5000,127.0000,0
127.0000,129.2500,126.0000,128.5000,0
128.5000,133.7500,128.0000,129.5000,0
130.0000,130.0000,122.7500,123.2500,0
122.0000,122.2500,119.0000,122.2500,0
122.0000,125.7500,119.0000,120.0000,0
120.0000,120.7500,118.0000,118.5000,0
121.0000,121.0000,118.2500,120.5000,0
120.0000,122.2500,117.0000,119.0000,0
117.5000,117.5000,103.0000,106.5000,0
104.2500,104.2500,97.5000,98.5000,0
101.0000,101.0000,96.7500,98.0000,0
96.2500,96.2500,87.5000,90.5000,0
92.0000,92.2500,86.0000,90.2500,0
89.2500,89.2500,81.0000,82.2500,0
84.0000,86.2500,80.5000,85.0000,0
86.0000,88.7500,83.2500,87.7500,0
86.5000,86.5000,56.7500,59.5000,0
55.0000,68.0000,48.0000,60.2500,0
60.0000,64.0000,57.2500,61.0000,918200
59.5000,62.2500,54.0000,60.5000,1622000
60.5000,60.7500,58.5000,59.2500,0
59.0000,59.7500,52.5000,59.7500,1018600
57.5000,60.7500,55.0000,59.7500,847900
60.7500,66.2500,56.7500,64.5000,1366200
63.5000,63.5000,60.2500,62.5000,1173700
63.0000,67.2500,61.5000,66.0000,855900
65.0000,70.0000,64.2500,69.0000,1282200
69.0000,102.5000,68.5000,84.2500,3560000
81.0000,86.7500,76.7500,83.0000,1189800
83.0000,85.7500,80.2500,84.0000,1252200
83.2500,83.2500,78.0000,80.0000,697800
78.7500,87.0000,74.7500,84.5000,934200
85.0000,87.5000,77.2500,83.7500,811700
82.7500,87.7500,82.0000,87.7500,343500
85.2500,97.0000,85.2500,94.7500,647300
95.0000,100.0000,95.0000,95.5000,452300
97.0000,102.0000,90.0000,100.7500,647000
100.5000,101.0000,92.0000,99.5000,520400
96.0000,97.5000,92.2500,93.0000,510200
93.0000,93.0000,87.0000,89.5000,898300
91.0000,91.5000,86.2400,88.0000,607200
88.0000,88.5000,85.5000,87.2500,446800
88.2500,88.7500,85.2500,85.2500,630300
85.2500,85.2500,78.5000,80.5000,659200
81.0000,81.5000,76.7500,81.5000,616600
81.7500,81.7500,79.0000,80.0000,100100
78.7500,78.7500,75.0000,75.0000,939100
78.0000,78.0000,72.0000,74.0000,317800
76.0000,78.7500,73.0000,77.2500,588500
77.0000,84.0000,76.5000,83.0000,988100
83.0000,83.0000,83.0000,83.0000,0
79.5000,85.0000,75.2500,76.5000,468300
75.5000,83.0000,75.5000,79.0000,577600
78.0000,79.0000,70.2500,76.0000,1156400
76.0000,80.5000,75.2500,77.0000,692100
77.0000,77.0000,73.0000,74.7500,420900
73.2500,78.0000,73.2500,75.5000,484600
74.0000,75.0000,70.5000,70.5000,873200
70.0000,73.0000,68.7500,70.5000,4927000
71.0000,71.5000,66.0000,68.2500,1156100
70.2500,71.7500,69.0000,71.0000,118700
68.7500,73.0000,67.5000,70.0000,1127700
69.0000,71.0000,67.2500,67.2500,509800
69.2500,69.2500,63.5000,67.5000,4289700
66.2500,67.7500,65.5000,66.7500,532200
65.2500,65.5000,60.5000,63.7500,678300
61.7500,67.0000,58.2500,59.7500,1142500
61.5000,62.5000,53.0000,53.7500,2496300
55.0000,55.7500,52.5000,52.5000,4447900
54.5000,64.3700,51.5000,57.7500,3211500
60.0000,60.0000,53.7500,55.5000,579800
56.0000,56.0000,50.7500,53.0000,414200
51.2500,54.2500,51.2500,53.5000,475100
52.7500,54.5000,52.0000,53.5000,735800
52.5000,56.7500,50.5000,51.5000,833700
52.2500,52.2500,50.5000,51.2500,578900
50.5000,57.2500,50.0000,56.5000,2855400
56.5000,59.2500,55.5000,58.0000,1334300
58.0000,62.5000,58.0000,59.5000,976300
58.7500,63.2500,58.5000,62.0000,1949300
60.0000,62.0000,58.5000,59.5000,2022300
61.0000,61.0000,51.5000,58.0000,942800
56.0000,57.5000,53.5000,56.0000,444000
56.5000,62.0000,55.5000,56.0000,417600
55.2500,55.2500,51.2500,53.7500,427400
55.0000,59.0000,54.5000,59.0000,561500
59.0000,64.5000,54.0000,58.7500,1324300
59.0000,59.0000,54.5000,54.5000,1764300
55.0000,55.0000,49.5000,51.5000,348900
53.7500,54.2500,49.0000,54.2500,434200
52.7500,55.0000,51.0000,51.5000,821400
53.0000,56.0000,51.5000,54.5000,883500
54.0000,54.0000,51.0000,52.2500,1484800
52.2500,54.2500,52.2500,53.0000,447400
52.2500,52.2500,48.5000,49.2500,688300
49.0000,49.7500,47.0000,48.0000,391600
48.0000,57.0000,48.0000,56.7500,715200
57.0000,58.5000,56.5000,57.0000,259800
57.2500,58.0000,56.2500,57.5000,276500
57.5000,58.5000,56.7500,57.0000,751100
57.0000,57.5000,54.7500,55.2500,215300
56.0000,57.0000,54.5000,54.5000,815200
55.0000,55.0000,50.2500,53.0000,1064000
51.7500,51.7500,48.0000,50.0000,1235100
51.0000,51.5000,49.7500,50.0000,218000
50.7500,52.0000,49.7500,50.0000,325600
49.2500,50.0000,46.5000,46.5000,403800
47.7500,48.0000,44.7500,46.0000,262800
45.0000,50.0000,42.7500,49.5000,592600
49.7500,51.0000,48.7500,49.5000,429600
48.5000,49.0000,47.0000,48.2500,322300
48.7500,49.0000,46.0000,47.2500,450400
47.2500,48.5000,46.0000,48.2500,210600
47.0000,47.0000,45.0000,45.0000,600700
45.0000,46.2500,44.2500,44.2500,432500
45.0000,49.5000,44.5000,49.5000,373200
49.0000,52.5000,47.7500,49.0000,306600
49.2500,50.0000,48.2500,48.5000,166300
50.0000,50.0000,49.0000,49.0000,81300
49.0000,50.2500,47.5000,47.5000,175200
48.0000,48.0000,46.2500,46.2500,127000
46.0000,46.0000,41.7500,43.2500,475200
42.0000,44.0000,40.2500,43.5000,517400
43.0000,44.0000,42.0000,44.0000,331200
43.0000,47.0000,43.0000,46.5000,200800
47.5000,49.5000,46.7500,47.0000,518600
47.0000,48.5000,45.0000,45.2500,330900
46.0000,52.2500,40.2500,49.0000,1397700
48.5000,63.0000,48.5000,50.0000,2399800
49.7500,50.2500,41.5000,45.0000,769700
45.0000,46.5000,44.0000,44.7500,82700
44.0000,47.2500,44.0000,46.2500,146300
46.5000,49.0000,41.5000,49.0000,548300
48.5000,51.0000,47.2500,51.0000,240500
49.5000,53.2500,49.5000,51.5000,391100
51.5000,54.7500,51.5000,53.0000,251400
52.7500,53.7500,52.2500,53.0000,197900
52.2500,53.5000,52.0000,53.5000,34500
53.5000,53.5000,53.5000,53.5000,0
53.5000,53.5000,53.5000,53.5000,0
53.7500,54.2500,53.2500,54.0000,487400
53.0000,54.2500,52.0000,54.0000,99400
52.7500,54.0000,52.7500,53.2500,41400
53.2500,53.2500,53.2500,53.2500,0
52.2500,55.0000,52.2500,54.2500,179100
56.0000,57.0000,55.2500,55.2500,326100
55.5000,61.0000,55.5000,58.7500,474600
58.5000,60.0000,58.5000,60.0000,484300
60.0000,60.5000,58.2500,60.0000,1078800
59.7500,60.0000,57.0000,57.0000,157500
57.0000,57.5000,56.0000,57.0000,130800
55.7500,56.5000,55.0000,56.0000,218700
54.5000,57.0000,53.5000,56.0000,296300
56.0000,56.5000,55.0000,55.0000,280600
55.5000,55.5000,55.0000,55.0000,2839700
55.5000,59.5000,55.0000,59.0000,1574500
59.2500,59.5000,56.0000,56.5000,141900
56.0000,57.0000,55.0000,57.0000,283900
57.0000,57.5000,56.0000,57.0000,891200
57.5000,58.8500,57.0000,58.0000,155100
57.0000,59.0000,57.0000,58.5000,82200
58.2500,59.0000,58.1000,58.5000,405800
58.0000,60.7500,58.0000,60.2500,453800
59.0000,59.0000,57.0000,59.0000,139600
58.0000,58.0000,55.0000,55.0000,339800
55.0000,55.7500,55.0000,55.0000,131800
55.5000,57.0000,55.2500,57.0000,0
55.0000,57.0000,53.7500,55.2500,0
56.0000,56.0000,55.2500,56.0000,0
55.7500,56.0000,55.2500,55.7500,178000
56.0000,57.7500,55.0000,57.0000,1111500
56.0000,56.7500,55.5000,56.7500,129600
56.0000,57.7500,55.3250,57.5000,150500
56.2500,57.5000,56.0380,56.7500,1154600
57.0000,58.5000,56.2500,57.5000,206200
56.5000,58.0000,56.5000,58.0000,8500
56.7500,57.8500,55.0000,55.7500,256500
56.0000,56.0000,54.7500,55.2500,107400
56.0000,56.0000,54.5000,54.5000,504100
54.2500,55.0000,53.2500,54.0000,216800
54.0000,54.0000,49.5000,50.0000,732100
50.2500,50.2500,46.7500,48.2500,336900
49.2500,50.3500,42.0000,45.2500,2027000
45.0000,46.0000,44.5000,44.5000,333300
44.0000,44.5000,43.0000,43.2500,958400
43.0000,43.0000,41.0000,41.0000,1120100
42.0000,42.5000,40.7500,40.7500,965200
41.0000,42.2500,40.7500,41.0000,204400
41.2500,41.7500,39.2500,39.5000,510000
39.0000,40.3500,37.0000,39.0000,2661700
38.0000,38.2500,37.0000,37.0000,823600
37.0000,37.5000,36.2500,36.2500,1871200
37.2500,37.5000,35.5100,36.0000,935500
35.2500,35.7500,34.5000,34.5000,2219000
34.5000,40.0000,34.5000,38.7500,1782600
39.7500,41.5000,38.4090,40.0000,2149900
40.7500,42.0000,40.5000,41.7500,852300
41.5000,45.0000,39.2500,39.7500,213500
41.5000,43.7500,40.8000,42.5000,521500
42.0000,45.0000,42.0000,44.5000,1229100
43.5000,45.0000,43.0000,45.0000,282200
45.0000,45.0000,44.0000,44.5000,391800
43.0000,43.5000,42.0000,43.0000,968200
43.5000,43.5000,42.5000,43.5000,49100
43.5000,43.5000,42.5000,42.7500,47700
43.2500,43.5000,42.0000,43.0000,130200
43.5000,44.2500,42.0000,43.7500,321900
44.2500,45.2500,43.5000,45.0000,292400
44.2500,47.0000,44.0000,47.0000,337000
47.5000,51.9000,46.3130,49.5000,431300
49.5000,55.2500,49.5000,55.2500,441400
52.5000,55.2500,52.5000,53.7500,663300
52.0000,54.7500,52.0000,53.5000,236300
51.0000,54.7500,51.0000,53.0000,256200
53.0000,53.0000,53.0000,53.0000,0
53.0000,53.0000,53.0000,53.0000,0
51.0000,56.0000,51.0000,55.0000,705100
53.2500,55.0000,53.2500,54.5000,1556000
53.2500,57.2500,53.2500,55.0000,2895100
54.2500,55.7130,54.0000,55.0000,211300
53.7500,57.0880,53.2500,53.2500,263000
53.5000,54.5000,51.2500,51.5000,247600
53.2500,54.0000,52.5000,54.0000,296800
54.7500,55.0000,53.7500,54.0000,362500
53.5000,58.5000,53.0000,55.5000,513900
54.0000,57.0000,54.0000,54.0000,449200
55.0000,55.0000,52.2500,53.7500,486000
54.5000,55.0000,52.0000,53.5000,478000
55.0000,55.0000,53.0000,53.2500,495000
55.0000,55.0000,51.2750,53.0000,397300
53.0000,53.0000,53.0000,53.0000,0
52.5000,60.0000,52.5000,58.0000,1083100
60.0000,66.0000,58.1000,62.7500,2542100
63.2500,64.0000,60.0000,60.5000,774400
62.0000,63.0000,59.9750,63.0000,1062200
62.2500,64.0000,55.0000,58.5000,567700
56.5000,61.5000,56.5000,60.5000,347700
58.5000,60.5000,56.7500,57.0000,468300
55.0000,59.0000,55.0000,57.0000,1383700
57.5000,59.0000,55.0000,57.0000,285100
54.7500,59.7500,54.7500,58.7500,1080900
59.2500,60.5000,58.2500,59.0000,199100
58.5000,60.7500,55.0000,58.0000,944500
56.0000,57.0000,53.6750,54.7500,354200
53.2500,57.7250,53.2500,53.7500,505500
53.7500,53.7500,53.7500,53.7500,0
53.2500,54.0000,49.1250,49.7500,740700
49.7500,53.2500,49.7500,53.0000,535300
51.2500,53.0000,50.5000,51.7500,240700
50.7500,53.0000,50.7500,51.0000,165800
51.7500,54.0000,51.7500,53.7500,104300
53.0000,53.0000,50.2500,51.0000,134800
50.0000,52.7500,50.0000,51.7500,373500
53.0000,53.0000,50.2500,51.2500,386500
50.0000,52.5000,49.7500,49.7500,752700
49.7500,52.2500,49.5030,52.0000,118700
52.0000,52.2500,50.2500,51.5000,430700
52.0000,53.2500,50.2500,52.0000,435700
50.0000,52.0000,50.0000,52.0000,136700
51.5000,52.0000,51.1250,51.7500,679800
51.0000,52.0000,50.2500,50.5000,189300
50.5000,52.5000,50.2500,52.5000,146800
51.5000,51.7500,50.0000,50.2500,175200
50.2500,51.5000,48.5000,48.5000,257700
49.2500,51.7500,49.0000,51.5000,1919600
49.0000,51.0000,49.0000,49.7500,116200
49.2500,51.0000,49.2500,49.5000,268300
49.5000,52.0000,49.5000,51.5000,191800
52.0000,52.0000,49.5000,49.5000,766500
49.5000,51.2500,48.5000,48.5000,418000
50.0000,51.2500,48.7500,51.2500,87700
51.5000,52.0000,48.5000,49.0000,317200
51.0000,52.0000,49.5000,50.0000,305900
52.0000,52.0000,48.2700,49.0000,471200
48.2500,49.0000,47.0000,48.0000,194000
47.5000,50.1750,47.0000,47.5000,2228800
46.5000,49.0000,46.5000,48.0000,624100
48.2500,50.2500,46.7500,48.0000,793400
50.2500,50.5000,48.5000,48.5000,2592200
49.0000,49.0000,46.7500,46.7500,711400
47.5000,50.5000,47.2500,50.5000,87700
51.0000,51.0000,49.4000,50.5000,304200
49.2500,53.5000,49.2500,53.0000,2569400
54.0000,55.2500,52.5000,54.2500,450900
54.5000,55.0000,54.2500,55.0000,117700
54.2500,57.5000,53.7500,57.5000,300800
55.5000,60.0000,55.5000,59.7500,627100
60.0000,60.0000,57.0000,58.7500,145400
57.7500,63.0000,57.7500,62.5000,173000
63.5000,69.1420,62.5000,64.0000,1669500
65.2500,66.0000,63.0000,63.0000,236100
65.2500,65.7890,62.0000,62.5000,224200
63.2500,64.2500,61.1000,63.7500,153200
65.5000,68.0000,65.2000,67.5000,583700
68.0000,72.7500,68.0000,72.2500,581700
73.0000,76.5500,71.2000,72.3000,1769300
73.0000,77.0000,69.2000,72.0000,719400
69.0500,73.0000,69.0000,73.0000,3612100
73.9500,78.0000,71.0000,71.2000,1708100
71.2000,74.0000,68.5000,74.0000,1560400
73.1500,74.0500,71.0000,73.4500,932400
72.5000,73.7100,71.1000,73.0000,380600
72.8500,74.5000,71.4310,74.0000,665100
74.0500,74.5000,73.0000,73.3500,343900
73.5000,74.4500,70.3850,74.0000,354600
74.0000,74.0000,70.3000,72.4500,952800
72.9000,74.5000,71.5500,73.3500,611800
70.0500,74.0000,70.0500,73.5000,103600
74.0000,74.0000,72.4500,74.0000,188600
72.9500,80.2000,72.2500,80.0000,2540400
80.0000,87.8500,78.6940,87.0000,509100
86.8500,88.0000,85.0000,86.9000,205100
86.0000,87.4500,83.1000,83.1500,254400
85.5500,86.9500,84.1500,86.5500,284200
85.5000,88.0000,85.2500,85.2500,237500
85.2500,85.2500,85.2500,85.2500,0
87.0000,87.0000,84.0500,87.0000,472200
87.6500,87.6500,80.0000,85.6000,271400
83.0500,86.6560,83.0500,85.2000,0
85.0000,87.9500,83.5500,87.1000,274100
88.0000,89.9500,85.3750,88.8000,399400
88.1500,91.5000,86.0000,90.0000,647900
90.0000,90.5000,87.5000,88.3500,753000
90.0000,90.8000,85.1000,87.3000,733700
87.3000,90.0000,86.2000,88.0000,402700
88.0000,89.7000,85.9000,86.7500,2023500
86.0000,88.0000,85.5000,87.1000,1558900
83.1500,84.8000,80.7050,83.6000,1800500
86.0000,89.9500,83.5000,85.5000,1053900
85.0000,86.1690,80.6000,82.5000,929600
82.9500,84.1000,81.7000,82.5000,679900
83.2000,83.6500,79.0000,80.3000,745100
80.3000,81.4400,75.1000,78.0000,905900
77.0500,78.0000,71.5150,77.0000,0
77.3000,79.5500,74.3000,74.6000,476800
75.6000,77.0000,71.4960,73.7000,951600
74.5000,78.8210,73.2500,76.5500,375000
78.7000,84.0000,78.2100,80.6000,562900
80.1500,83.0500,76.7000,76.7000,353700
76.0000,76.6840,71.8000,74.1000,477000
74.7500,76.0000,70.0500,73.7000,354700
73.2500,76.0500,71.5500,75.5000,564700
75.6500,77.9000,73.5000,75.0000,548300
76.4000,78.2000,74.2500,76.0000,363900
77.7000,79.0000,75.4500,76.5000,396200
76.0000,78.0000,74.0000,76.3500,412500
75.4000,78.9500,73.0500,76.9500,489400
78.4000,79.0000,75.0500,76.9000,339400
77.7000,81.9000,75.4500,80.7500,767900
79.1500,86.0000,79.1500,83.7000,1195200
84.8000,86.0000,80.2030,85.3500,418300
84.9000,85.8570,80.5930,83.4500,758100
83.4500,86.0000,80.5000,81.6000,326000
81.3000,85.0000,78.3500,82.3000,282300
84.3500,86.0000,81.8650,84.4500,0
82.5000,85.5000,80.0300,81.2500,875200
82.0000,82.9500,78.5000,79.8000,487700
78.8500,79.3000,75.0000,76.5500,802700
75.1000,78.9000,73.0430,77.5000,597000
78.5500,80.4500,76.0000,77.5000,320600
76.0000,79.6500,75.4500,79.5000,933300
76.6500,79.1000,75.6500,76.1500,2947000
79.3000,80.0000,77.5000,78.4500,313400
78.8000,79.5500,75.6500,77.6500,323700
76.2000,78.9500,76.1500,78.6500,546100
78.5000,80.7000,76.5210,80.0000,285500
78.5500,79.1360,77.0000,77.4500,255000
77.0000,80.2500,76.5000,77.2000,464400
76.0000,78.8000,76.0000,78.5500,306300
78.7000,80.9500,77.0000,80.0000,2818800
81.2000,85.6500,81.2000,85.0000,724000
85.7500,85.7500,81.5000,82.0000,591300
81.5000,85.9500,81.5000,83.9000,513100
81.0500,82.8500,80.7500,81.0000,370000
80.0500,80.0500,75.0500,78.2500,354600
79.5500,83.0000,78.0500,81.0000,512500
80.4500,80.6500,79.1000,79.4000,197100
80.5500,80.6000,77.8500,78.8000,346200
79.1000,79.1000,76.0000,76.0000,251500
77.4000,79.7000,73.7500,79.6500,386700
76.5000,79.9500,76.5000,77.0000,246700
75.0000,78.3500,75.0000,77.9000,334900
75.9500,79.0000,72.9110,74.9000,0
78.6000,79.3500,75.1500,77.0000,409800
75.0000,79.0000,75.0000,77.2000,251000
73.0000,78.7500,73.0000,78.7500,128500
80.0000,80.0000,74.2500,74.2500,238900
75.3500,76.3500,73.4310,73.5000,0
74.4000,74.8200,68.6500,73.4000,224300
74.0000,74.5000,70.1000,73.8500,149700
75.3500,76.6500,72.1000,73.3500,222700
73.0000,74.5000,69.5500,72.0000,328800
72.6500,76.9500,72.0000,75.3000,271300
77.0000,77.0000,70.9000,70.9000,251100
72.4000,75.9550,71.0000,74.0000,552400
71.8000,76.9500,71.8000,76.0500,809000
74.4500,76.4000,72.0000,73.3000,117800
72.0000,77.9500,72.0000,76.5500,137600
73.1500,74.8000,73.1500,74.6500,12000
74.6500,74.6500,74.6500,74.6500,0
78.0000,78.1500,74.3500,75.1000,120300
74.5500,79.0000,74.0000,75.4000,193800
77.2000,78.4500,74.0000,74.0000,69800
74.0000,74.0000,74.0000,74.0000,0
76.0000,77.5000,73.1000,76.4000,102000
73.2000,77.0000,73.2000,75.0000,202100
75.0000,77.0000,74.5000,77.0000,500400
76.6500,76.9000,74.0000,75.0000,192400
74.8500,77.0000,74.5000,75.0000,184900
77.4500,77.4500,73.3000,75.0000,160500
75.3000,75.3500,73.0500,74.1000,60300
73.0000,77.0000,73.0000,74.4000,91000
74.5000,76.5000,73.4500,74.8000,89000
76.5000,76.8000,72.0000,73.7500,116900
73.4000,75.1500,73.4000,74.0500,94600
73.0000,75.0000,73.0000,75.0000,52300
75.5500,75.5500,73.2000,74.0000,62300
72.7500,74.7000,72.0000,73.0000,174200
75.7500,75.7630,72.0000,72.0000,82400
72.0000,74.6380,70.8500,72.0000,80600
73.9500,75.0000,72.0000,74.2000,98100
72.0000,74.1500,72.0000,73.2500,46500
74.0000,76.0000,73.0000,73.0000,77200
73.5000,76.0000,70.6500,73.0000,148300
76.0000,76.0000,70.3000,73.0000,127400
76.1000,77.0000,72.6500,77.0000,134300
72.0000,76.7500,72.0000,74.0000,128200
69.0000,69.0000,69.0000,69.0000,176200
72.5000,75.5500,72.0000,72.5000,382100
71.0000,75.1000,68.0000,69.8000,235000
72.9000,73.2000,68.8500,70.8500,179300
68.3000,73.1500,68.3000,72.2500,177700
73.2000,73.2000,67.0000,70.0500,147500
70.0000,72.5000,67.0000,68.5000,140200
67.8000,71.0000,66.5000,67.2000,140600
65.0000,69.0000,64.1000,65.2000,590900
65.2500,71.1500,65.2500,69.0000,315800
69.4500,70.0000,68.0000,69.4500,167700
70.0000,71.5000,68.0000,68.0000,1517400
70.0000,70.0000,68.0000,68.0000,619200
67.5000,69.5000,67.0000,69.5000,227600
71.0000,73.2000,70.4000,72.0000,2079000
73.2000,73.2000,70.6380,72.0000,663200
73.0000,74.0000,70.2060,74.0000,337900
74.0000,76.6390,73.2000,74.0500,338100
72.7500,77.2740,72.6000,76.0000,791400
70.9500,74.0000,65.5500,71.0000,862400
72.5000,72.5500,68.5000,70.2000,571900
74.3000,74.3000,74.3000,74.3000,338400
69.3000,71.4000,67.0500,68.5000,601300
69.9500,69.9500,67.5850,68.5000,0
68.5000,69.2540,67.0000,68.0000,611700
67.8500,68.6000,67.1500,68.4500,80500
69.5000,69.5000,67.5000,68.4500,111500
68.2500,68.2500,67.1000,68.2500,213700
68.3000,68.5610,65.9000,67.4000,151300
68.7000,68.7000,67.3500,67.8500,59200
68.0000,68.6500,66.0000,66.5000,272500
67.1000,67.1500,64.8870,66.4500,528100
68.7500,68.7500,64.1400,66.7000,187700
65.1000,67.0000,64.7500,66.0000,362500
68.0500,69.0000,65.0850,67.6500,0
69.0500,69.1450,65.8380,67.5000,0
67.0000,68.2500,65.0000,67.3000,14845800
68.8000,68.8000,66.5540,68.7000,178800
68.0000,69.5000,67.7000,67.8500,213300
69.5000,69.7000,65.2500,68.0000,396100
67.1000,70.0000,67.1000,69.0000,554500
69.0000,69.0000,69.0000,69.0000,0
69.0000,69.0000,69.0000,69.0000,0
69.0000,71.0000,69.0000,71.0000,846600
71.0000,77.7500,70.3500,75.0000,993100
75.0000,75.9000,73.0000,74.5000,441800
75.6500,79.4260,75.0000,76.0000,0
77.9000,77.9500,74.1500,76.7000,375300
75.1500,79.4000,74.5500,75.5000,205500
75.0000,76.0000,74.5000,75.7500,141000
75.0000,76.8500,74.0000,75.6500,137300
76.7500,76.8000,74.1900,75.0000,778200
72.7000,75.9610,72.7000,74.3500,186800
75.5500,76.0000,72.5500,75.0000,148200
75.4500,76.3050,74.0500,74.1000,2058400
75.6500,75.6500,71.2500,73.3500,561900
74.7500,75.5500,72.4500,75.5000,390400
72.0000,75.7100,72.0000,75.0000,295900
76.0000,76.7500,72.9500,73.3500,236600
72.4500,76.2500,69.8150,75.0000,284100
75.0000,76.0000,72.3500,73.8500,223600
75.0000,75.0000,72.1000,74.3000,188000
74.3000,74.3000,74.3000,74.3000,0
69.0000,69.0000,69.0000,69.0000,153000
74.1000,74.1000,69.0500,71.8500,146600
69.2000,73.7500,69.1280,72.0000,119200
68.5000,71.8000,65.5000,68.4500,2350300
69.9000,73.1000,66.8900,70.7500,248400
70.1500,71.8000,68.1000,71.3500,159000
71.9000,71.9000,70.0000,70.8000,4758800
71.6000,71.6000,70.0000,70.0000,166000
70.6500,70.6500,68.0000,69.8500,256600
70.1500,70.4000,68.9500,68.9500,114200
70.9500,70.9500,67.1000,69.5000,72200
68.6000,69.4500,68.0000,68.2500,192400
68.0500,68.2500,63.5000,63.8500,968700
65.7500,65.7500,63.0000,63.2500,602900
64.0000,64.6600,63.2500,63.5000,92000
63.5000,63.5000,61.0000,62.8500,181400
61.0500,63.5150,61.0000,62.0000,766300
62.5000,62.5500,61.0500,62.5500,588700
65.4500,65.4500,61.0000,61.0000,200500
61.0000,61.0000,61.0000,61.0000,0
61.5000,65.3000,61.0000,65.0000,220400
63.6000,65.0000,63.0500,64.0000,87800
64.0000,66.6000,63.8500,65.3500,158800
65.6500,68.4000,65.0500,67.0000,180200
65.1500,68.0000,64.6500,67.5000,557400
66.8000,70.0000,65.0500,67.5000,1011200
68.5000,69.5000,64.8280,68.9500,1169600
67.7000,70.0000,67.1750,69.5000,340800
69.2000,69.9000,68.0000,69.3500,190900
67.4500,70.0500,67.4500,70.0000,365800
70.0000,75.0000,69.2000,73.2000,639300
72.0500,75.6450,72.0500,75.5500,0
71.3500,76.1500,71.3500,73.3500,398700
74.5000,75.6500,71.5500,75.6500,911000
75.0000,77.6500,74.7500,77.0000,433400
75.3000,77.8500,74.0000,77.5000,408300
73.5500,82.0000,73.5500,78.9000,2971500
78.6000,80.1500,75.7500,75.8500,154300
75.2000,75.2000,73.7000,74.0500,175100
74.8500,75.8000,73.7000,74.0000,236600
72.0000,73.5500,72.0000,72.3500,161200
71.9000,73.0000,70.8000,72.0500,167800
70.4000,71.7500,68.5500,68.5500,116800
68.5500,74.5000,68.2000,73.4000,536900
75.0000,75.0000,71.3500,72.0000,243600
71.2000,72.0000,69.5000,70.5000,166400
70.2500,70.5000,68.7500,69.5000,535200
70.5000,70.5000,68.8500,69.1000,269500
69.7500,70.0540,67.8500,67.8500,276800
69.4000,69.4130,67.0500,67.1500,284600
66.5000,69.9500,66.5000,67.3500,168800
66.5000,67.3000,64.5500,64.5500,293600
66.1500,67.5500,65.8000,66.4500,128900
66.1500,67.3980,65.2000,66.2000,270300
64.5000,66.1000,64.5000,65.7000,64700
65.5500,66.8500,63.9500,66.6500,188800
66.6500,66.9500,65.0500,65.0500,130400
67.5500,67.5500,65.2870,65.5000,130000
67.0000,67.5000,65.2500,65.2500,94000
67.5500,67.5500,65.1000,66.0000,44400
67.6000,69.2000,65.6100,68.0500,502500
68.1500,68.7000,65.4620,67.1000,163400
69.9000,69.9500,65.9500,69.4500,129100
68.2000,70.0000,68.0000,70.0000,118900
71.0000,71.2000,67.1330,69.0000,238800
69.7500,70.3000,67.6450,68.7500,87300
67.8500,69.6000,67.6000,69.2500,201000
69.8500,75.6000,68.3650,73.9500,615700
72.9500,75.9500,72.9000,74.5000,278600
75.0000,76.3000,71.9580,76.3000,182700
75.2000,75.9000,73.0000,74.0500,181000
73.4500,74.3000,71.0500,72.8500,376300
71.9000,73.0500,68.1500,72.8000,411700
69.9000,72.7000,69.9000,72.7000,81800
71.8500,72.6000,71.3000,72.2500,188900
72.7500,75.0000,72.7000,75.0000,94400
73.0000,74.7000,72.4500,74.0000,286100
72.2500,74.0500,71.2000,71.4500,187900
71.4500,73.0500,69.7000,71.0000,178300
73.1500,73.1500,71.6000,73.0000,292100
72.8500,73.2300,70.0000,70.3000,476600
72.5000,72.5000,70.9500,71.1000,305500
71.0000,74.1000,71.0000,72.6000,468500
74.4500,74.4500,71.2500,72.0500,159300
72.0500,72.0500,72.0500,72.0500,0
71.5000,74.0000,69.5580,73.5500,395100
73.5500,73.7310,70.2000,71.5000,400800
71.0500,72.6500,71.0500,71.6500,159400
71.0000,72.4500,70.7000,71.5000,83100
70.0500,72.9500,70.0500,72.2000,119500
72.0000,73.0000,70.8500,71.5000,220800
72.5000,76.0000,71.7500,76.0000,1412500
76.0000,81.0000,73.6500,78.4000,418800
78.0500,83.8140,77.8000,81.9500,369200
77.0000,83.0000,77.0000,83.0000,396600
80.5000,82.6000,79.2000,80.8500,236200
79.6000,85.9370,79.2500,84.9000,462200
84.0000,84.6000,82.5500,83.9500,179700
87.5000,92.6500,83.4920,83.5000,1799500
83.3000,88.0000,80.7000,86.8500,528300
86.8500,87.6000,81.9500,87.0000,445200
89.0000,89.0000,85.9080,86.5000,581600
86.1500,86.9360,85.2500,85.3500,579800
83.7500,85.9500,83.7500,85.4500,223900
85.6500,86.8160,82.5000,82.5000,447000
82.6500,82.8500,80.8000,81.1500,154900
80.9000,81.7630,80.2880,81.0000,536700
80.1500,81.9500,79.8950,81.9500,576300
82.3000,82.9500,80.3470,80.5500,164500
81.7500,81.9500,78.9500,80.9500,1902000
81.6000,83.2750,80.7500,80.7500,193200
82.3000,82.3000,79.2500,81.0000,370300
78.5500,81.9000,78.5500,80.7000,499500
79.5500,80.5000,79.2500,80.1000,810800
79.3000,80.7000,79.0000,80.0000,2315100
79.5500,80.6000,78.7500,79.6000,249600
78.9000,80.0000,78.9000,79.0500,3704100
81.9500,84.0000,81.0500,83.0500,2170500
83.0000,83.2000,81.5000,81.8500,5750400
82.0500,83.0000,82.0000,82.5000,348600
82.5000,83.1000,81.8130,82.5000,358300
82.5000,85.2500,82.0000,85.2500,908000
83.4000,87.3840,83.4000,85.2500,460700
86.5000,86.7000,85.8000,86.0500,343200
86.5000,90.0000,84.0000,85.4500,558100
84.3000,85.0000,83.1000,84.2000,97000
84.9500,85.4500,83.4900,83.8000,202900
84.6500,84.6500,83.0570,83.7000,63500
82.5500,84.1500,81.5000,83.6000,102800
84.4500,86.8530,84.4500,86.2000,157200
86.4000,86.8500,85.7500,85.8500,159800
85.9000,85.9000,84.4000,85.1000,190400
87.0500,87.0500,85.7500,86.3000,98200
86.5500,87.3500,85.2500,85.6500,141300
84.8000,88.9500,84.8000,88.5000,404600
88.5000,89.5000,86.5000,87.5000,294000
87.5000,88.5500,85.5000,86.2500,57400
85.0500,86.7030,84.8500,84.8500,195100
85.0500,86.4000,84.5000,86.3000,190000
87.2000,87.2500,85.1000,85.1000,244400
84.7500,85.0000,80.3370,81.8000,491800
80.0000,82.0000,80.0000,81.7500,440800
81.5000,82.6500,78.2000,78.5000,389100
77.8000,79.2000,77.6500,78.6000,362800
78.7500,79.9500,78.1000,79.0000,166200
79.5000,79.5000,77.6000,79.0000,173800
80.9000,81.4500,80.2000,81.0000,1539400
81.3000,81.4000,80.3500,81.1000,1583800
80.5500,80.8000,80.0500,80.7500,281000
80.9000,80.9000,79.6500,79.6500,1691200
83.2500,83.2500,78.5500,79.8000,277300
80.4500,80.8000,78.0000,80.6500,50700
80.6000,81.7000,80.2000,80.6500,165200
79.6000,81.5000,79.2000,81.5000,421000
80.8000,81.1000,80.3000,80.9000,64300
81.7000,83.0000,80.0000,82.4000,190000
82.2000,82.2000,80.4500,80.5000,77300
81.2000,81.2000,80.0500,81.0000,2220700
79.6500,80.9000,79.6500,80.1000,881900
79.7500,81.9500,79.3400,80.8000,527000
79.6500,81.2500,78.8420,80.0000,2541100
79.0000,80.0000,78.4000,79.5500,233600
79.5500,79.5500,79.5500,79.5500,65500
79.9000,80.0000,77.9000,79.9000,751600
78.5500,80.0000,78.5500,80.0000,301700
79.4000,80.0000,79.0000,79.2500,343400
79.4500,80.0000,78.8500,79.0000,400300
79.0000,79.0000,78.1000,78.5000,528700
78.0000,78.4530,78.0000,78.2500,206100
78.2500,78.2500,78.2500,78.2500,0
79.1000,79.1000,78.0000,78.0000,776500
78.0000,78.9500,76.4000,76.7000,718500
77.0000,78.0000,76.4500,78.0000,33400
77.9000,78.0000,75.4830,76.3500,710300
76.1000,76.5000,75.0000,75.6500,1090500
75.5000,77.0850,75.1800,76.4500,487800
78.0500,78.0500,76.2500,76.5000,2263100
76.5000,77.2000,76.0000,76.3000,110200
77.0000,77.3500,76.4040,77.3500,557000
80.0000,85.9000,80.0000,85.7500,23703900
83.9000,86.5500,83.4380,86.5500,252900
84.6000,87.0000,84.6000,87.0000,108600
86.4000,87.2240,84.8500,86.8500,300100
87.5000,89.1000,87.4500,89.0500,349500
89.0000,89.3500,87.8240,88.9000,664100
90.3500,90.4700,87.8000,88.0000,179700
88.7000,88.7000,88.7000,88.7000,362800
88.9500,90.0000,86.1500,86.9000,130600
86.0500,86.0500,84.7650,85.9000,204600
87.5000,88.6000,86.9000,87.6000,185000
88.0500,88.6500,87.0000,88.5000,127700
88.2500,89.0410,87.5000,88.9000,1215700
88.7500,89.4000,88.1440,89.4000,547400
88.8500,90.9210,88.7000,89.3000,221500
90.0500,91.5500,89.2840,90.0000,508900
88.7000,90.1500,86.8000,87.9500,1268300
88.0000,89.0500,87.4000,88.3500,87500
87.5000,90.5000,87.5000,88.6000,70300
89.4000,90.0000,88.6000,89.3000,201300
90.0000,91.7000,88.5500,90.6500,680400
90.1500,91.8000,89.5500,90.4000,102800
91.1000,91.9450,91.0540,91.4500,196700
91.4000,92.0000,89.8000,90.3500,65900
91.3860,91.7500,88.9660,89.5000,96300
88.6000,90.7330,88.6000,89.8500,62800
88.5500,89.8690,88.5500,89.1000,120700
90.3000,93.1500,88.0410,91.4500,561700
90.6000,91.3500,89.3000,89.9500,81800
87.5500,90.5000,87.5500,88.4000,556200
87.5500,89.1000,87.0000,87.0000,190100
87.1000,87.3830,82.8000,84.8000,3198000
85.6000,87.8500,84.0000,87.8500,4766500
88.1500,92.0000,88.0000,90.5500,2800200
90.8000,91.3000,88.6000,89.0000,876400
90.3500,90.6000,86.3000,89.4500,5337500
90.0000,91.6000,87.8000,90.0000,8799100
90.1000,92.0500,89.8700,91.9500,2072900
92.1000,92.1000,90.3500,91.6000,129800
92.3000,92.8500,90.3500,91.0000,675400
91.7000,91.7000,65.2070,90.4000,22750600
90.3500,90.3500,89.2000,89.6000,128700
89.1000,90.9500,88.2700,88.5000,169400
89.0000,89.9500,88.2000,89.0000,985000
86.3500,89.1500,85.0000,88.4000,8947700
87.3500,90.2000,87.3500,88.2500,1314400
89.0000,89.7000,88.0000,88.2500,372900
87.0500,88.0500,85.2000,87.4500,1226800
88.0000,88.2000,86.0500,87.0500,635700
88.1000,88.4380,86.6000,87.3000,711000
89.2000,89.3500,85.1000,85.4500,1100600
86.3500,87.0000,85.5000,86.3000,1146900
86.6000,87.4500,86.1000,87.1000,2574300
88.3500,88.3500,86.7500,87.1000,2579600
88.0500,88.4000,87.0000,88.3000,714700
87.8000,89.6500,87.4000,87.8500,585800
88.0000,89.3200,85.6000,85.7500,2184800
86.5000,88.3000,85.0000,88.2000,1406100
88.5000,89.3500,86.7000,88.9000,2449100
87.9500,91.0000,87.9000,90.8000,4244000
88.2500,90.9500,86.8700,90.9500,837100
90.1000,91.8100,87.2500,87.8500,381200
89.0500,89.0500,84.8500,86.9500,1496400
87.8000,88.9000,86.0000,86.2500,219000
86.7500,87.5000,86.0000,87.0000,169700
89.0000,90.6000,87.9500,90.2000,271700
89.7000,91.2500,86.5500,89.1000,688400
88.5500,90.0000,88.5500,89.1500,205800
88.4000,88.7000,87.5000,88.7000,240300
88.1500,90.3990,87.3700,88.9000,673700
89.6500,90.8000,88.5000,90.0000,151700
90.2500,90.5000,88.6000,90.2500,37200
91.2000,93.5000,91.2000,92.5000,104500
92.3500,93.3500,90.9000,92.5500,250700
92.4000,95.0000,92.4000,95.0000,687200
94.3000,96.6980,92.6000,95.3000,479000
95.0000,96.3420,94.0000,95.2500,2413900
95.7500,98.4500,95.7500,98.0000,5371300
98.1500,98.5000,96.8000,98.1500,2737000
97.8500,99.9500,97.0500,98.6000,1922100
98.5000,99.6500,97.3500,99.3000,246600
99.0500,100.4000,98.7000,100.4000,1039600
100.4000,101.2000,98.7000,101.2000,288600
101.7000,103.8000,100.5600,102.7000,1169100
102.1000,102.1000,100.0500,100.6000,343500
100.6000,100.6000,95.9500,97.0000,714600
97.7500,98.4450,96.0500,96.4500,105900
97.7500,99.9000,97.6170,99.9000,164600
99.7500,101.0000,99.7500,99.9500,253700
100.0000,100.0000,97.7500,99.2000,170000
99.2000,102.0000,99.1500,101.1000,162100
98.0500,99.9500,98.0500,99.7000,340900
101.9000,101.9000,98.9500,100.0000,55500
100.3000,100.3000,99.5500,99.9000,89400
97.3000,100.0000,97.3000,99.0500,207000
100.2000,100.4000,98.4500,99.4500,109700
97.7500,101.3000,97.1370,101.0000,331600
101.0000,102.0000,98.8000,98.9500,86200
103.4000,103.4000,100.7000,101.5000,353000
101.3000,107.4000,100.9400,107.3000,1017800
106.1000,109.7000,106.1000,109.3000,854000
108.0000,110.0000,106.8000,107.5000,921800
106.6000,108.6000,106.3000,107.1000,4404800
108.5000,109.7000,107.5000,108.8000,170000
108.7000,109.9150,105.6000,107.9000,247500
108.6000,110.0000,107.0000,108.7000,438700
108.0000,108.7100,104.8000,106.7000,256200
107.3000,107.9000,104.2000,104.9000,777600
105.1000,105.1520,101.1000,102.0000,134300
101.6000,102.9000,100.4000,101.0000,252600
101.0000,104.9000,100.6950,103.8000,191800
104.4000,104.4000,102.0000,102.5000,1544500
104.8000,104.8000,102.2820,103.0000,149200
104.0000,104.0000,102.6000,102.8000,166300
101.5000,102.5000,98.7000,99.4500,808200
101.8000,101.8000,99.0000,99.8000,464700
99.6500,101.7000,98.0000,101.7000,5531500
102.5000,104.3000,102.4000,103.8000,862200
103.4000,104.0000,102.4410,104.0000,225400
102.5000,106.9000,102.5000,105.8000,700900
106.7000,109.0000,104.9000,108.8000,217400
109.0000,111.1970,107.4000,108.1000,185300
109.2350,113.1000,107.9000,108.0000,2528500
108.3000,108.9000,105.2480,108.0000,1109500
108.2000,108.2000,105.5000,106.4000,363900
107.2000,108.0000,106.3000,106.4000,943800
107.4000,114.0000,106.3000,112.0000,1969400
114.4000,115.7000,110.4000,115.7000,2162400
114.8000,115.8340,112.2650,114.5000,737000
114.3000,115.6000,112.5000,115.1000,150700
114.1000,116.9000,113.2000,114.3000,183500
115.2000,116.2000,113.7540,115.6000,384000
114.5000,116.6580,114.2000,114.6000,88800
114.0000,118.5460,113.9000,114.7000,226500
115.5000,116.4000,113.6000,116.4000,309800
115.6000,117.3030,113.9000,113.9000,507500
110.3000,115.7000,109.1320,114.5000,752200
111.3000,115.0000,111.3000,114.2000,58800
112.0000,116.5000,109.8200,111.9000,182300
114.4000,122.3270,114.2290,120.4000,9431300
123.7000,123.7000,117.5000,119.2000,2688300
121.6000,123.0900,114.0000,115.5000,1102000
112.5000,113.0000,107.4000,110.3000,1496700
109.8000,112.0980,103.4000,104.1000,324700
103.7000,103.7000,94.5000,99.7000,563500
102.5000,104.4000,99.1000,103.0000,2346200
104.9000,104.9000,99.3000,100.5000,1373500
100.8000,104.5000,98.4100,103.0000,1160500
103.6000,106.0000,102.4000,105.0000,400000
105.0000,107.5000,104.0000,107.5000,487200
104.0000,109.0000,102.3020,108.7000,581000
107.4000,110.2000,101.0000,102.6000,463600
103.2000,104.8000,97.7500,103.1000,740500
103.5000,107.5000,100.8000,106.5000,1795700
105.8000,108.7000,105.8000,107.0000,909500
106.5000,107.3000,105.7000,106.8000,3301800
107.7000,109.4000,106.5000,107.7000,158000
107.9000,108.4120,107.0000,108.4000,2103700
110.6000,110.6000,108.2890,109.0000,291100
109.8000,112.0000,109.4000,110.4000,20087500
111.1000,114.8000,108.9000,114.1000,459600
113.0000,113.0000,110.2000,111.4000,493100
108.8000,108.9000,106.8000,106.8000,88700
107.1000,108.2000,106.2450,107.3000,568600
108.5000,111.6000,108.0000,110.7000,309400
111.3000,112.8000,108.9940,112.8000,406900
112.9000,112.9000,109.5000,109.8000,146700
106.9000,109.8450,106.4000,107.5000,2638000
110.0000,110.0600,105.6000,106.3000,684500
106.2000,107.7000,105.5000,107.7000,799400
107.8000,114.7000,106.6720,114.0000,779500
115.3000,118.0000,113.3000,117.6000,713200
117.6000,117.6560,112.2000,112.7000,441800
111.8000,112.9000,110.6000,111.9000,116700
111.6000,117.8000,111.5000,116.6000,582300
114.2800,114.2800,111.8900,112.6000,135700
112.8000,113.5000,110.0000,110.7000,312000
108.4000,111.9000,108.4000,109.2000,466900
109.1000,110.0000,106.4000,108.7000,355200
108.4000,110.0000,107.7000,108.9000,81400
108.9000,109.9000,106.9000,107.1000,178800
106.9000,106.9000,102.7000,103.0000,545700
101.8000,101.8000,98.0280,100.0000,741400
98.8000,99.5000,96.4500,96.4500,283600
98.2000,99.7500,91.0500,93.4000,526900
94.0000,99.1500,93.3500,97.9500,567100
98.3000,98.5000,96.5500,98.1000,850400
98.5000,98.9000,97.7500,98.9000,1125300
99.9500,102.7000,99.1500,102.7000,274000
103.0000,104.6000,102.0000,104.1000,356900
104.5000,104.5000,100.2000,100.3000,2098700
100.7000,104.3000,100.6000,103.5000,1133000
103.5000,104.0000,100.4000,101.9000,367700
100.8000,102.5000,99.9500,100.0000,220500
100.2000,104.0000,100.0000,100.8000,167300
99.5000,100.6000,96.7000,97.0000,235800
100.0000,100.0000,97.3000,97.9500,349800
99.5000,103.9000,99.4490,103.9000,1186600
104.0000,105.0000,103.6000,104.2000,643400
104.5000,104.9000,102.2000,103.8000,409500
104.3000,107.3000,103.1200,105.5000,3522500
104.6000,107.0000,104.5000,105.0000,858600
103.4000,107.5000,103.4000,107.0000,2293100
107.4000,109.5000,104.1000,105.8000,271900
106.9000,108.8000,102.1000,105.6000,324400
102.8000,108.2000,100.1000,107.5000,361100
109.2000,109.2000,107.1000,107.4000,224800
106.3000,107.5000,105.8000,106.2000,546600
108.1000,109.2000,105.8000,108.1000,367700
107.7000,109.8000,106.6000,107.5000,1190600
107.5000,109.9000,105.3000,108.7000,550900
108.1000,110.8000,108.1000,109.5000,4006200
112.4000,112.4000,107.0000,109.4000,681000
109.2000,109.9000,107.9000,108.1000,301800
109.7000,110.6000,108.5000,108.6000,1014500
108.6000,110.0000,105.2000,108.0000,490600
108.1000,108.4000,106.3000,106.3000,2042000
106.5000,110.6000,101.5000,103.0000,4648700
102.9000,101.4000,98.1100,99.4500,1588000
98.7000,102.3000,98.5500,100.6000,879700
104.6000,104.6000,98.2500,101.7000,205700
103.2000,102.0000,99.7000,102.0000,1580300
102.9000,104.1000,101.2000,104.1000,114500
101.2000,106.0000,101.2000,102.0000,316900
100.9000,108.8000,100.9000,108.2000,872500
107.8000,108.9000,102.3930,105.5000,551300
106.1000,107.7000,105.5000,107.7000,169900
109.4000,113.0000,109.4000,110.3000,278400
109.4000,112.1000,109.1000,109.6000,338700
110.8000,113.7000,108.4000,110.4000,394900
111.3000,111.3000,107.9760,108.0000,106800
110.1000,110.1000,106.5590,107.4000,311300
107.7000,107.7000,103.8000,103.8000,309100
104.1000,104.1000,100.2000,103.5000,697300
102.0000,103.6000,102.0000,102.4000,157900
102.4000,103.5000,101.6000,103.5000,435100
103.5000,104.4000,94.0000,100.9000,721200
100.1000,102.5000,96.8000,97.2500,333000
97.8000,103.4000,97.2000,101.8000,225400
99.7500,106.6000,97.7000,102.7000,309300
102.8000,104.9000,100.5130,103.1000,307600
103.7000,104.0000,100.7000,102.0000,57100
102.0000,102.0000,102.0000,102.0000,0
102.0000,102.0000,102.0000,102.0000,0
102.2000,104.0000,99.1000,102.0000,86900
103.0000,103.0000,100.8000,103.0000,76900
103.2000,108.7000,103.2000,105.0000,256900
105.0000,105.0000,105.0000,105.0000,0
106.0000,106.0000,102.2000,103.1000,413100
103.2000,103.6000,101.2220,103.1000,944200
101.0000,102.9000,100.9000,102.0000,406200
102.4000,104.4000,100.7000,103.9000,4229700
104.5000,106.2000,103.5000,106.2000,321400
106.5000,106.5000,102.1000,102.3000,943400
104.3000,109.5000,103.7000,109.3000,1872800
109.7000,118.0000,107.3000,114.5000,2673700
114.5000,116.0000,112.0000,114.5000,369400
113.6000,115.0000,113.2090,114.2000,347900
114.6000,116.2000,114.0000,115.3000,1749700
114.7000,115.7000,113.0000,114.4000,1629900
115.7000,117.0000,114.7000,114.7000,908800
116.8000,117.1000,115.1800,115.8000,341100
116.4000,117.0000,115.1000,116.9000,126800
117.3000,117.4000,115.2310,116.8000,2367800
116.3000,117.3000,112.3000,113.4000,665900
114.5000,116.7000,114.0000,115.5000,225200
114.6000,116.5000,111.4000,116.3000,264700
116.4000,117.0000,114.1880,115.2000,184500
116.1000,117.0000,115.0000,115.4000,367800
116.2000,118.6000,115.0000,118.0000,264300
117.6000,120.0000,116.0000,120.0000,344600
121.5000,123.7140,118.8000,119.5000,426100
117.1000,123.3000,115.4000,123.2000,602200
123.0000,124.5000,117.3000,118.8000,766900
121.8000,121.8000,115.1000,116.4000,145200
116.2000,122.0000,115.3000,120.0000,974300
117.0000,121.9000,116.9000,119.3000,303700
119.4000,123.3000,119.4000,121.9000,217900
121.2000,122.9000,118.9760,120.6000,211000
122.0000,122.0000,119.1000,121.2000,197900
120.2000,124.5000,118.9000,122.0000,338000
119.8000,122.9000,119.8000,121.0000,577700
120.8000,124.4000,119.1000,120.7000,124900
120.7000,122.8000,120.7000,121.4000,144200
121.0000,122.1000,117.5000,118.9000,308100
118.6000,121.1000,118.0000,120.5000,975300
120.5000,123.5000,114.7000,119.5000,1401900
119.5000,122.1950,119.5000,121.6000,2663200
127.0000,131.0000,119.8900,129.5000,2839000
125.7000,128.6000,125.7000,126.6000,1137200
126.1000,128.6000,122.2000,127.9000,719500
127.4000,129.6000,126.7000,128.0000,363600
127.5000,129.8000,123.2900,128.0000,303000
128.4000,128.4000,120.6700,125.7000,537800
126.6000,130.0000,123.8300,127.0000,619000
128.1000,128.8000,124.1000,128.1000,238100
127.8000,129.7000,127.2000,129.0000,157100
128.4000,130.0000,126.7000,129.2000,1396800
129.2000,130.8000,128.2000,130.0000,991100
131.6000,132.1000,128.8000,130.3000,678700
129.9000,133.2000,127.0000,128.0000,323200
127.8000,129.8000,124.7000,127.4000,874900
128.1000,129.4000,127.0000,128.0000,642700
128.4000,128.8000,124.5000,125.5000,552100
125.4000,125.9000,124.2000,125.7000,2955300
125.0000,128.4000,124.9000,126.5000,543200
127.0000,127.5000,125.7000,127.5000,205600
127.5000,130.0000,127.5000,128.9000,2122800
129.7000,133.5650,129.4000,130.0000,588800
127.3000,128.9000,126.1000,126.7000,230400
128.2000,128.2000,125.0000,125.8000,298200
126.2000,127.3000,125.5000,126.9000,147400
127.5000,128.1000,125.0000,127.8000,494700
128.2000,129.7000,126.0000,126.1000,2035400
126.3000,128.4000,124.6000,126.8000,478300
127.0000,127.3000,124.7000,126.4000,547400
126.4000,126.4000,126.4000,126.4000,0
126.4000,126.4000,126.4000,126.4000,0
125.7000,127.8000,125.5000,126.0000,460700
126.1000,126.8000,123.2480,126.2000,427300
126.7000,127.0930,125.3000,126.0000,724200
126.1000,128.7000,126.1000,128.7000,154300
129.0000,137.1000,126.7000,134.5000,1044000
134.5000,135.9000,133.5300,135.7000,395100
134.5000,135.1300,131.7000,134.4000,386100
133.7000,135.3000,133.0000,134.0000,111400
133.6000,134.4000,131.4000,132.3000,243400
131.5000,132.8130,127.8000,128.9000,233400
128.7000,130.5000,127.9000,128.6000,339800
129.7000,130.6000,127.8000,129.9000,286900
129.6000,131.9000,126.1000,129.8000,132200
128.6000,132.9000,125.9330,132.8000,563300
133.6000,134.0000,131.7000,133.3000,457300
132.7000,134.3200,131.2000,132.9000,451700
133.2000,135.9000,132.9360,135.9000,555500
136.6000,136.8000,133.8000,134.7000,1074700
135.2000,136.0000,133.9000,134.2000,923700
134.2000,134.2000,134.2000,134.2000,0
134.3000,135.8500,127.4000,127.5000,273400
129.1000,130.1000,124.8000,125.9000,475200
127.1000,127.9300,125.4000,126.0000,402500
126.3000,126.9000,124.0000,126.5000,257400
125.2000,126.3000,114.0000,116.2000,2113700
116.3000,117.0000,113.5000,114.7000,957600
113.6000,114.2000,111.5000,113.6000,569700
113.6000,114.2000,111.4000,111.4000,414900
110.4000,112.5000,109.6000,112.5000,435300
112.1000,113.0000,109.7000,111.0000,562400
110.8000,113.5000,109.6000,110.0000,350100
109.3000,110.6000,108.7000,109.3000,306300
109.3000,110.4000,108.9000,109.9000,110700
109.6000,112.7000,108.0000,110.9000,1274200
110.1000,112.1000,110.1000,111.0000,778500
113.1000,113.9000,111.3000,112.0000,178100
111.0000,112.0000,110.0000,112.0000,400300
110.9000,117.0000,110.9000,115.9000,4838700
115.3000,120.0000,114.4000,116.0000,1353600
116.0000,116.0000,116.0000,116.0000,0
116.0000,116.0000,116.0000,116.0000,0
120.0000,122.0200,118.2000,119.6000,429500
119.6000,120.8000,118.5000,119.4000,1807300
118.8000,118.9000,117.2000,118.4000,402900
119.7000,122.1000,117.1000,117.1000,984800
117.0000,117.4000,113.0000,113.7000,741200
113.4000,115.8000,113.4000,115.2000,2530900
114.5000,114.9000,112.9400,114.0000,1612400
114.2000,115.2000,113.0000,113.7000,909000
115.2000,116.3000,114.0000,116.0000,246200
115.3000,119.4000,115.3000,117.7000,563100
118.6000,118.8280,116.1000,118.1000,290500
117.0000,120.2000,116.3040,120.2000,302400
122.0000,126.0000,119.0440,123.2000,825500
122.3000,123.5000,122.0000,122.0000,365100
121.6000,123.0000,120.5000,122.1000,145400
121.9000,123.7000,120.8060,123.7000,183900
124.2000,126.2000,123.2500,125.8000,621300
126.6000,128.0000,124.6000,125.2000,795300
125.1000,127.0000,125.1000,126.9000,287700
127.6000,129.9000,127.5000,129.9000,378000
132.7000,132.7000,128.8000,129.0000,1700400
128.4000,129.6880,125.5000,129.0000,372600
132.3000,132.3000,128.1000,130.7000,436700
132.0000,132.0000,130.0000,130.8000,386600
130.6000,133.1000,129.7000,132.4000,600900
134.0000,134.1000,130.4000,133.9000,1291200
133.9000,135.5960,132.4000,133.8000,522100
133.3000,137.4000,133.3000,135.0000,474300
131.4000,135.2500,131.4000,133.5000,418700
133.3000,134.0000,131.3000,131.3000,163400
132.1000,134.0000,131.0000,132.0000,511900
132.5000,135.4000,132.1000,133.5000,342600
133.8000,133.8000,127.7640,133.1000,192100
130.8000,132.2000,129.8000,131.3000,413300
128.0000,133.1000,128.0000,132.8000,330500
135.3000,135.3000,133.0000,133.9000,115400
134.5000,141.2000,134.0000,141.2000,2093300
141.2000,143.1000,138.2990,140.1000,1801300
140.1000,141.7760,140.1000,141.0000,1258400
141.7000,142.7000,140.0000,142.0000,1172300
142.4000,142.8000,141.2000,141.8000,411100
141.4000,144.6000,140.4000,141.9000,231100
142.6000,146.8000,142.4180,144.7000,231200
144.9000,145.8000,143.3000,143.6000,180900
143.6000,144.3000,140.6000,140.8000,177700
140.7000,141.1790,139.9000,140.8000,658700
140.7000,141.0000,139.0000,139.1000,2025800
139.0000,142.0020,136.9000,139.9000,220000
139.0000,140.6000,138.8000,140.2000,200700
141.4000,141.4000,139.0000,140.5000,1158700
139.0000,143.4000,137.7000,143.0000,1935600
142.5000,143.2000,139.8000,140.5000,1965300
140.3000,143.7000,139.3000,141.0000,120300
140.6000,141.6000,139.5000,139.5000,602200
140.3000,140.3000,137.9000,138.5000,153900
138.7000,140.9000,135.2000,136.0000,220900
136.9000,137.4000,136.7000,137.0000,126000
137.3000,139.2000,131.0000,131.0000,283800
131.0000,131.0000,131.0000,131.0000,0
132.5000,139.7000,132.3790,139.2000,705100
138.6000,142.0000,135.6800,139.2000,450400
138.1000,139.4000,133.5000,137.3000,147800
136.8000,137.7000,135.0000,135.0000,596600
136.9000,136.9630,131.8000,133.4000,190300
133.0000,135.2000,132.7000,135.0000,779900
134.8000,142.9180,133.7000,141.5000,9682300
143.0000,147.4520,141.8960,144.8000,371400
144.1000,144.6000,137.9000,140.9000,262000
141.7000,141.7000,139.0000,139.0000,1926300
141.5000,141.5000,132.6000,133.0000,1077900
135.8000,135.8000,130.3000,130.4000,1131100
130.8000,133.0000,125.9000,133.0000,771300
134.3000,135.5000,132.5000,133.5000,1055700
133.7000,139.5000,133.1000,135.0000,424700
135.5000,135.5000,133.8000,135.0000,225400
135.0000,137.6000,133.4000,137.6000,380700
137.7000,138.4000,136.2000,138.0000,235000
140.0000,140.0000,136.4000,138.4000,864400
138.0000,139.8000,137.2000,139.6000,266000
140.0000,140.0000,137.5000,137.6000,196000
137.8000,138.0000,135.2000,137.7000,1010400
138.5000,139.5000,138.0000,139.2000,348800
140.0000,140.0000,136.4000,137.8000,318800
138.0000,139.0000,137.1000,138.0000,491700
138.8000,140.1000,137.6000,137.8000,587800
138.1000,138.7000,136.1000,137.7000,200100
136.7000,142.7000,136.1000,140.0000,629700
139.5000,141.0000,138.4000,140.0000,912600
139.6000,141.4000,137.8170,140.2000,2115600
136.7000,142.0000,136.7000,140.9000,3348900
141.4000,141.8000,138.0000,138.3000,253200
138.6000,139.5000,137.7000,139.2000,238500
138.0000,138.9000,134.9000,136.1000,421000
136.2000,136.8000,133.5000,135.8000,1207400
137.1000,137.1000,133.8000,135.5000,394100
136.6000,138.3560,136.5000,137.5000,2292300
137.0000,140.2000,137.0000,139.5000,444000
138.7000,141.1000,137.8000,140.6000,524800
140.4000,142.8000,139.4960,141.0000,300900
140.5000,141.6000,138.1160,139.5000,202000
141.0000,141.0000,137.7000,137.9000,457300
138.1000,141.5000,137.8000,141.5000,774100
141.5000,141.5000,139.1000,140.4000,242200
139.9000,139.9500,137.6400,139.2000,162400
138.7000,141.0000,137.8000,137.8000,177800
137.5000,138.8000,134.0000,134.0000,267100
135.0000,139.8000,135.0000,139.4000,318200
139.9000,143.3000,139.3000,143.3000,195700
141.2000,141.8500,139.6000,140.0000,690200
139.7000,142.2000,139.7000,142.0000,910600
141.6000,149.1250,141.1000,148.8000,945600
149.6000,151.1000,149.2000,151.0000,596600
151.7000,155.0840,150.9000,152.0000,2882500
151.7000,153.1400,150.1000,151.7000,347800
150.8000,153.0000,150.8000,153.0000,312400
152.3000,154.0000,148.6300,152.5000,1593600
151.0000,155.5000,151.0000,154.0000,258100
153.5000,155.2000,152.2000,153.1000,2203200
153.1000,155.3000,152.7900,154.3000,848200
153.9000,155.2000,153.1000,155.2000,210700
155.0000,155.0000,153.2000,153.5000,280100
152.9000,155.6050,152.9000,155.0000,1488900
155.0000,156.5000,153.6000,156.0000,215100
154.5000,156.0000,153.0000,154.4000,777700
154.3000,157.7000,154.3000,157.7000,1731900
156.9000,158.0000,156.0000,157.8000,140200
156.9000,160.0000,156.9000,159.5000,835900
159.1000,162.7440,159.1000,162.7000,540800
162.0000,164.3000,161.7000,162.2000,218200
162.0000,163.7000,161.9000,163.7000,282800
163.4000,164.7000,159.8000,160.0000,519400
160.5000,162.0500,160.5000,161.5000,160000
162.3000,166.2000,162.0000,165.0000,243700
164.3000,165.0000,163.1080,165.0000,104600
164.4000,165.2000,162.1000,163.6000,1815100
164.2000,164.8200,163.0000,163.7000,123800
163.2000,163.8000,163.0000,163.6000,239900
163.1000,165.7000,163.0000,164.5000,949000
162.5000,165.0000,162.5000,164.8000,186900
164.1000,167.3000,163.0000,164.7000,414900
165.8000,170.0000,164.2000,170.0000,275100
170.0000,171.3000,169.4000,169.8000,236200
169.6000,169.6000,158.6000,159.8000,682500
160.8000,164.9000,157.1500,161.0000,400100
161.0000,161.0000,161.0000,161.0000,0
161.0000,162.0000,160.1000,162.0000,103900
161.6000,163.3000,159.5520,162.9000,121300
160.4000,160.6000,155.0580,157.0000,215700
157.0000,157.0000,157.0000,157.0000,0
158.1000,161.2000,156.4000,161.1000,445100
160.0000,163.0000,160.0000,162.1000,344200
160.0000,162.5000,160.0000,162.5000,943500
162.9000,162.9000,158.3000,158.5000,179100
157.7000,161.6000,155.1810,157.9000,146500
157.9000,161.2000,157.9000,160.4000,220900
160.8000,160.9000,158.3000,158.3000,126300
165.0000,177.1000,165.0000,168.0000,1690100
169.4000,170.0000,166.5000,167.5000,374500
169.0000,170.0000,168.3250,170.0000,2983200
170.0000,172.8850,168.3000,171.0000,1359900
171.0000,180.5000,170.9760,180.2000,1524100
181.9000,185.8000,180.1000,184.2000,3350900
183.6000,184.7500,181.8000,183.3000,310300
183.8000,183.8000,179.4760,181.0000,374300
182.4000,183.0000,179.0000,181.8000,902500
182.2000,184.1000,181.0000,182.0000,788600
182.0000,185.8000,181.1000,184.7000,690400
186.5000,186.5000,183.0000,183.9000,879500
184.7000,184.7000,180.4000,182.9000,1764800
183.8000,185.7110,182.6210,184.4000,1151700
183.1000,185.1000,182.1000,184.0000,1181500
185.4000,190.0000,183.9000,190.0000,214200
191.2000,192.2120,189.7000,190.3000,201600
189.5000,191.5000,186.7000,187.7000,125900
188.0000,192.8000,187.0240,192.8000,197300
192.8000,194.9000,192.7000,194.1000,228400
194.0000,195.4000,192.2500,195.2000,126000
194.4000,198.0000,194.1000,197.5000,771400
198.0000,205.7050,197.7450,205.1000,789700
206.9000,208.8000,203.2000,207.9000,400400
204.6000,206.8000,203.3000,204.5000,230100
205.3000,209.5000,204.9000,208.6000,250100
209.0000,209.1000,206.2000,206.7000,248600
209.0000,209.0000,205.8000,206.8000,232800
206.0000,210.5400,202.1800,209.5000,405300
204.3000,205.4000,197.5000,200.0000,1748700
200.1000,203.0000,198.0520,202.8000,838600
202.6000,202.6000,199.9000,200.5000,774400
198.7000,200.5000,191.5600,200.0000,696900
201.0000,202.9000,200.0000,202.9000,292600
202.8000,206.1000,200.8600,202.7000,850100
203.6000,203.8000,200.8000,200.8000,509700
201.0000,205.4000,200.2700,203.2000,1351700
203.0000,207.5000,197.5000,199.1000,824500
195.0000,197.4260,189.9000,192.5000,1229200
192.0000,193.2000,188.8530,191.5000,430400
191.3000,196.5000,191.3000,195.0000,848200
193.7000,195.6750,193.0000,194.7000,403200
195.5000,196.8000,194.2000,196.5000,258400
195.9000,199.4000,195.0000,198.0000,315300
197.8000,199.5000,195.6000,196.0000,1342300
195.4000,197.9000,194.0000,197.1000,703600
195.2000,197.3000,190.0390,193.3000,249400
192.5000,196.5000,192.1000,196.5000,231600
191.9000,192.9000,188.7160,191.0000,1191100
191.4000,195.0000,190.0000,190.7000,649500
189.9000,193.5000,189.9000,193.5000,213300
194.0000,198.7000,193.0000,194.8000,1238700
195.3000,198.2000,195.3000,197.7000,1030400
198.3000,199.1000,196.4000,197.0000,438900
196.4000,200.4000,196.4000,198.0000,244100
198.0000,198.0000,198.0000,198.0000,0
198.0000,198.0000,198.0000,198.0000,0
196.0000,201.3000,196.0000,198.5000,260700
195.9000,202.5000,195.9000,200.5000,233800
202.9000,202.9000,193.2000,196.8000,319900
201.3000,201.3000,187.1000,190.0000,807700
188.3000,190.4550,185.5000,185.5000,1128600
187.0000,187.0000,184.8000,186.5000,917100
188.0000,188.0000,179.4000,182.7000,1165500
184.0000,184.0000,179.6000,180.5000,4059900
180.4000,184.6770,179.5000,184.4000,430100
185.0000,185.2180,180.4000,185.0000,759600
185.2000,187.3000,182.9000,185.7000,468600
184.0000,190.8000,184.0000,189.7000,885600
189.1000,192.2000,188.7600,191.5000,337300
193.0000,198.8000,192.3000,197.9000,931100
197.8000,202.2000,197.7500,199.5000,1938200
198.8000,200.5000,197.7000,200.5000,864700
203.0000,204.4000,200.5000,204.0000,943000
204.0000,204.0000,201.1000,201.6000,448600
200.5000,201.6250,198.9000,201.2000,341800
202.0000,203.0000,197.4770,201.0000,327600
201.9000,201.9000,199.2500,200.7000,588600
201.0000,204.1000,196.8000,202.0000,443500
200.5000,201.7000,200.3000,201.6000,508900
201.3000,206.0000,201.3000,204.6000,582900
204.6000,204.6000,204.6000,204.6000,0
205.3000,205.3000,201.6300,204.8000,401700
202.8000,209.4000,202.8000,208.0000,803600
208.7000,209.0000,205.6000,206.4000,575900
206.0000,207.1000,205.0000,207.1000,193300
207.5000,210.4200,206.0000,207.6000,379500
208.2000,211.4000,207.2000,209.5000,390800
208.8000,215.7000,208.3000,214.5000,898700
215.2000,219.0000,212.6000,218.7000,502800
218.0000,222.1650,216.7000,221.0000,641600
220.1000,221.0000,211.0500,217.5000,342900
216.3000,218.0960,215.1000,215.2000,325800
214.9000,215.4000,213.2000,213.2000,411600
210.7000,212.3000,207.6050,211.1000,433500
210.9000,211.7000,206.0000,206.2000,203300
206.2000,206.2000,206.2000,206.2000,0
207.0000,209.6000,206.1000,209.2000,206600
210.0000,214.8000,207.4900,209.5000,309500
208.7000,209.1350,206.9000,207.5000,219000
206.7000,209.2000,206.0000,208.0000,295600
207.1000,207.6000,202.5480,205.9000,233600
206.8000,211.0000,205.0000,207.7000,421600
200.0000,216.1000,192.1000,197.0000,6553700
197.0000,199.4000,194.9000,195.0000,4653300
196.0000,203.0000,195.0000,203.0000,2698000
202.0000,207.1000,202.0000,203.5000,1906100
202.6000,204.1000,197.4000,198.5000,1236000
186.0000,189.9000,183.4520,183.8000,531900
182.0000,188.8000,181.1000,186.0000,4097200
188.4000,199.9700,186.0000,186.6000,702200
187.0000,201.1200,186.1000,187.3000,1255200
186.7000,201.4400,185.4000,185.4000,608200
187.4000,187.4000,182.7000,183.6000,473400
184.6000,198.5000,182.0000,190.0000,1709900
194.0000,202.7500,180.8000,180.8000,2953800
182.9000,183.3000,178.5000,179.0000,830000
179.7000,184.3000,179.6000,182.7000,432500
183.5000,188.6000,183.3000,187.6000,1011800
188.5000,192.8000,186.6000,192.6000,812700
192.4000,193.2000,187.5000,191.6000,465000
190.8000,190.8000,183.5000,188.9000,2787900
188.5000,191.6000,188.0000,190.0000,782100
189.4000,192.0000,188.6000,192.0000,384800
192.0000,196.8000,191.8000,196.3000,480700
194.8000,197.2000,191.0000,191.0000,419500
190.8000,197.9000,190.8000,196.4000,381400
196.4000,201.2000,195.1000,200.5000,757800
198.6000,203.6000,198.0000,203.6000,400600
198.4000,214.4600,194.4000,200.1000,1484200
200.1000,202.3000,199.8640,201.2000,506400
203.6000,205.6000,201.4000,204.8000,384700
203.4000,205.6000,201.4000,205.1000,449600
205.0000,210.9000,204.6000,209.5000,460500
208.8000,210.0000,206.4000,207.0000,367300
205.7000,206.4000,203.0000,205.1000,193500
205.1000,207.4000,203.3000,207.0000,194600
206.6000,208.0000,204.6160,207.5000,328200
207.5000,208.1000,202.3800,207.5000,227600
206.9000,207.1000,203.6000,205.9000,389600
205.6000,206.6000,205.2000,206.0000,119500
206.1000,212.8800,205.7000,211.6000,437400
212.4000,213.8000,210.8000,212.2000,1224400
194.0000,194.1000,172.5000,181.0000,10638700
181.9000,185.9000,180.2000,183.0000,4445800
183.3000,184.7000,181.1000,184.3000,1910700
184.9000,189.0000,184.2100,188.0000,984100
184.5000,189.8000,183.7000,186.7000,3194800
185.5000,186.0000,183.7000,183.9000,984800
183.5000,185.5000,183.5000,185.0000,317200
185.0000,189.6000,182.3920,185.2000,618400
181.0000,186.0000,178.0000,178.2000,829900
178.7000,179.7000,165.0000,166.0000,1495200
164.0000,165.0000,157.5500,160.0000,2967800
160.2000,161.0000,157.2000,157.5000,1022100
157.9000,162.2200,157.9000,160.5000,1172700
163.6000,168.2450,161.1000,166.0000,2775800
166.0000,169.5000,162.6000,168.6000,1076600
169.9000,170.6000,165.1000,165.6000,1245500
167.1000,171.2400,166.9000,168.9000,859100
170.8000,171.8000,169.5000,170.0000,798900
170.0000,170.0000,170.0000,170.0000,0
170.1000,171.9000,167.9000,169.3000,626600
168.7000,170.6000,167.4000,170.4000,1601800
170.1000,172.6000,169.7000,171.9000,903100
173.5000,174.1000,169.3000,170.0000,1701400
171.9000,172.5000,170.3220,172.4000,1118500
175.0000,175.0000,168.8000,171.0000,1194100
171.5000,174.0000,169.9000,173.8000,1547500
174.0000,174.6000,170.9500,174.0000,813600
173.5000,175.2000,172.1000,174.8000,580400
175.3000,175.6560,171.6000,172.3000,834300
172.1000,173.9000,168.5000,168.5000,1177900
170.9000,170.9000,162.7000,163.7000,1435900
163.5000,167.0000,163.1000,164.4000,878600
164.7000,168.4200,163.8900,164.7000,667100
165.4000,165.9000,162.8600,163.5000,273800
164.8000,164.8000,157.3000,157.3000,1522200
157.1000,157.2000,149.8500,153.6000,10392500
154.4000,157.4600,154.4000,154.6000,1111800
155.0000,155.0000,149.6600,150.5000,1232400
151.0000,151.0320,144.5000,144.5000,998700
146.8000,148.8000,141.7700,143.7000,3304800
144.4000,145.1000,142.5000,144.0000,1183300
144.4000,145.3000,142.5000,143.6000,1073300
143.3000,151.2000,143.3000,150.1000,1501600
149.2000,151.5000,146.7000,151.4000,1146100
150.4000,153.8100,149.7000,152.4000,806500
152.6000,152.6000,149.3000,149.5000,596300
151.3000,152.7000,150.9000,151.0000,705100
151.4000,153.2000,147.5000,147.5000,492600
147.7000,150.7000,145.6000,150.5000,701400
150.0000,150.3000,146.2000,147.2000,539600
147.3000,148.7350,145.1000,145.7000,356500
145.1000,147.2000,141.2720,142.5000,1175800
143.7000,144.0600,142.0000,142.4000,841100
143.2000,147.1500,142.7600,146.8000,786000
147.3000,148.5600,144.3000,145.0000,964700
144.7000,148.4000,143.7000,147.7000,969900
147.5000,155.8000,147.3000,154.2000,1886200
154.9000,156.4100,152.5000,155.2000,1405100
155.0000,159.7000,153.6590,159.7000,1315000
159.1000,159.6830,155.5000,156.3000,705500
155.7000,156.6000,153.0600,154.5000,495500
154.3000,154.3000,150.4220,153.0000,912400
153.3000,153.8000,151.8920,153.0000,274100
152.7000,153.9000,149.6000,152.3000,1102000
151.9000,153.5000,149.9000,150.8000,1005600
151.3000,154.9000,151.2000,152.6000,2690100
152.0000,154.0000,149.5000,153.4000,968800
153.0000,155.0000,152.9000,154.5000,2739700
155.0000,157.1000,154.6000,156.0000,2405200
156.8000,157.0000,154.1000,155.0000,2383000
170.5000,185.0000,170.5000,179.7000,10843900
179.2000,179.9000,174.5000,175.4000,2187000
175.3000,179.7000,174.1900,178.2000,3428800
179.0000,183.4000,177.5000,183.4000,2508600
183.8000,185.5200,180.0000,184.0000,1210200
183.9000,187.0000,182.5000,186.0000,1002600
187.4000,188.4000,183.9980,188.2000,1028000
188.0000,189.3700,185.3000,186.5000,1437000
185.9000,186.4000,183.9000,184.0000,435700
185.0000,185.2000,179.3450,182.1000,591900
182.9000,184.4400,178.2000,179.8000,529600
179.0000,179.0000,175.9700,176.0000,448500
176.5000,178.0000,173.4470,177.5000,4274400
176.0000,176.6000,172.0000,173.0000,2066000
173.4000,180.3000,171.0480,180.2000,919200
181.0000,181.8000,177.3000,177.4000,895500
177.2000,181.5000,176.3000,180.3000,443200
180.5000,183.2000,180.5000,181.9000,381500
182.1000,184.5000,180.5000,183.5000,600300
183.1000,185.7000,180.7000,182.6000,700300
183.5000,183.5000,180.1440,181.0000,309000
179.2000,186.4000,179.2000,183.0000,708300
183.8000,184.1000,180.9000,182.5000,526400
183.3000,186.0000,181.5900,181.6000,550800
181.3000,183.4000,181.3000,181.9000,275200
182.5000,184.3000,179.3640,182.5000,492200
183.9000,183.9000,176.5120,182.1000,242400
183.5000,183.5000,179.3000,180.0000,1142400
179.4000,182.8400,179.4000,182.0000,421400
181.0000,181.1000,177.7000,179.1000,644300
179.8000,182.2000,179.4000,180.1000,240500
182.3000,183.1000,180.1000,182.2000,176000
181.7000,183.3000,181.1000,182.0000,503400
182.9000,182.9000,180.1000,181.7000,133400
182.3000,183.7000,181.1000,183.7000,24700
183.7000,183.7000,183.7000,183.7000,0
183.7000,183.7000,183.7000,183.7000,0
184.0000,185.4000,182.1000,182.6000,111700
184.0000,185.0000,180.8000,182.2000,197700
181.8000,183.5120,180.1500,180.6000,59200
180.6000,180.6000,180.6000,180.6000,0
181.5000,186.9000,180.8600,185.8000,563600
186.4000,186.9000,184.0000,184.8000,745400
185.0000,189.3000,182.7200,189.3000,655100
189.1000,192.0000,187.4000,188.4000,1146100
192.7000,194.0000,191.2000,192.9000,1286500
193.5000,195.6000,190.9000,193.5000,899600
195.0000,202.0000,193.3000,200.0000,977700
200.8000,200.8000,197.1000,198.5000,1096900
200.0000,200.0000,192.9660,196.6000,1527100
197.7000,199.0000,195.2000,197.5000,528900
196.8000,197.8800,195.6000,196.0000,585000
195.6000,197.0000,195.2180,195.5000,408700
196.7000,197.0000,191.4000,192.2000,807100
192.8000,193.7000,191.9000,192.5000,1033900
192.6000,192.6000,191.1590,191.7000,555300
187.3000,192.1000,187.3000,188.5000,316900
188.9000,189.4000,179.9960,180.6000,619200
181.9000,181.9000,175.9000,176.2000,417300
177.9000,179.9000,176.9000,178.7000,527200
180.5000,181.7000,175.2000,175.2000,241000
176.7000,178.4300,172.8000,177.0000,640100
178.9000,182.5000,176.0000,178.3000,796700
175.5000,181.6000,175.3000,175.5000,1141800
173.2000,176.0000,170.8800,171.1000,877400
171.5000,172.5000,168.2020,170.5000,714100
171.5000,172.4000,168.3000,170.7000,1379100
171.4000,173.8000,170.1000,170.5000,333600
171.5000,175.2880,170.6000,172.5000,573800
172.0000,177.0000,172.0000,176.0000,439300
177.9000,179.5000,175.4000,178.5000,655200
177.1000,177.1000,171.1000,172.3000,725000
172.3000,175.2750,172.3000,174.5000,778500
175.0000,177.4000,172.9000,176.4000,562400
175.6000,178.2000,175.6000,176.9000,409800
175.2000,177.0000,175.2000,176.0000,306200
175.1000,179.1000,174.0000,177.5000,286600
177.5000,184.6000,177.5000,184.0000,922100
182.3000,184.6000,181.5000,184.0000,378200
184.4000,184.9000,182.5000,184.0000,526000
182.3000,185.1800,182.1000,185.0000,250500
183.0000,184.5560,180.8000,183.0000,318100
182.8000,188.7200,182.6000,187.0000,698600
185.0000,189.0000,179.0000,180.0000,1014100
184.1000,190.6750,183.3250,186.0000,1837400
185.0000,190.1000,183.4000,188.5000,724200
190.4000,191.7000,188.0000,191.1000,845500
191.4000,196.0000,191.1000,194.0000,1148700
192.4000,197.3000,192.1000,195.1000,3543500
191.1000,196.8000,191.1000,194.8000,454600
194.6000,196.3000,192.1000,194.8000,393900
196.0000,196.6370,190.1980,194.6000,624400
191.1000,196.0000,191.1000,195.2000,321700
194.6000,197.6000,194.6000,196.0000,258800
185.0000,187.2000,185.0000,187.0000,8066600
181.9000,183.5000,178.2000,178.7000,5177000
176.8000,183.3800,175.5000,177.7000,3158700
177.1000,181.6000,175.8800,181.3000,4173300
181.7000,183.0000,179.4000,180.5000,1816800
180.7000,187.6200,180.2000,185.3000,880900
186.5000,187.0000,183.9000,185.8000,586800
185.2000,187.3000,184.1920,187.0000,338300
185.9000,188.2000,183.3000,187.6000,2407400
188.7000,189.2300,185.5000,187.1000,324100
187.1000,188.8000,184.8000,188.0000,751100
188.9000,190.3000,186.0000,188.9000,1084300
188.7000,189.0000,185.5000,186.0000,470300
187.5000,187.9000,183.5130,185.6000,411900
185.5000,186.4300,180.0130,180.7000,288400
180.4000,181.7000,173.6000,175.7000,726900
176.3000,180.2000,175.3000,175.7000,395800
175.9000,178.5700,167.8000,170.0000,1103600
168.0000,171.3000,166.3000,168.7000,535700
166.9000,169.6000,159.8000,161.9000,884400
161.8000,171.9000,161.8000,170.7000,991900
172.6000,174.5000,171.9000,174.5000,763000
173.6000,178.0800,173.6000,177.9000,388700
177.9000,177.9000,177.9000,177.9000,0
177.9000,177.9000,177.9000,177.9000,0
177.9000,187.3000,177.9000,186.6000,709500
184.4000,185.9760,176.6000,179.4000,2199500
181.8000,187.6400,178.2000,179.0000,5124300
179.0000,187.9600,178.9000,183.5000,3448500
182.9000,188.6600,180.6000,182.0000,961300
180.9000,187.6500,180.9000,182.1000,722300
183.5000,183.5000,180.7000,182.0000,328100
183.9000,184.3000,179.6000,182.0000,465900
183.9000,186.7000,182.3000,185.1000,1168200
185.1000,185.1000,185.1000,185.1000,0
186.0000,189.0000,182.2960,188.2000,1525600
187.4000,189.2000,186.1960,188.6000,1590800
187.5000,189.1200,186.3000,188.5000,1699700
189.4000,189.9000,187.0000,187.1000,677500
184.9000,187.8000,182.9000,182.9000,462900
182.8000,184.3000,180.7000,183.2000,606800
184.0000,184.0000,176.7000,177.2000,597200
175.9000,177.4800,171.9000,172.3000,1030100
173.0000,175.1650,163.7800,170.0000,1939900
168.5000,173.3000,168.5000,172.2000,514700
172.7000,175.2000,171.3000,174.0000,356200
173.4000,175.4000,172.9000,175.4000,246900
177.0000,179.8000,173.5000,173.9000,317900
173.5000,174.5000,170.3000,173.0000,541900
173.0000,173.0000,173.0000,173.0000,0
173.0000,175.9000,170.2320,173.8000,315200
173.0000,176.5000,169.0000,170.0000,694600
171.6000,173.1000,170.4700,172.9000,344900
172.2000,177.2920,171.6700,177.0000,648600
175.5000,184.6000,175.5000,182.6000,824700
181.6000,185.9000,178.5000,179.4000,495000
180.7000,181.9000,177.9000,178.5000,321700
178.0000,181.9000,175.5000,180.3000,281300
180.1000,183.7000,180.1000,182.7000,383200
182.9000,183.8960,179.4000,183.0000,293700
182.3000,185.7000,181.4000,185.0000,388900
183.4000,185.3000,183.0000,184.9000,713000
185.7000,188.6000,183.0000,186.0000,5187800
186.5000,186.5000,182.2000,184.0000,573100
184.4000,184.4000,179.2000,180.8000,454200
180.2000,181.9000,178.1800,179.5000,577600
180.3000,181.8000,178.7920,180.0000,964800
180.0000,183.0000,178.8000,180.8000,855400
180.2000,184.6000,179.5000,182.9000,1411600
181.6000,183.7000,179.0000,179.5000,209700
181.2000,181.2000,178.0000,180.0000,1162600
179.5000,180.0000,177.2000,179.1000,696800
178.6000,182.5000,178.1000,180.3000,717100
181.0000,184.0000,179.6600,182.9000,374700
183.5000,188.3000,182.2800,188.3000,630000
188.3000,191.9000,187.4000,190.3000,574100
190.0000,190.4000,184.7000,185.8000,443600
186.5000,191.9000,185.4000,191.4000,470800
192.0000,194.8000,191.4000,194.3000,364100
193.7000,194.3000,191.3000,193.7000,1672600
194.3000,194.4910,191.9000,193.0000,462600
191.5000,192.1200,189.0000,189.0000,197600
188.5000,189.6000,185.1000,187.0000,364600
187.0000,189.9000,187.0000,188.2000,527800
189.7000,189.7000,186.1000,186.8000,462900
186.1000,187.6000,185.6000,187.0000,195700
186.5000,188.1000,184.8000,186.4000,471200
186.5000,187.7000,184.9000,187.0000,469500
186.5000,188.6000,184.3000,188.2000,604400
188.9000,190.4000,185.1000,186.4000,411900
186.9000,186.9000,182.3000,184.2000,381800
184.3000,187.3000,183.4400,185.0000,1964600
186.5000,186.5000,184.4000,184.6000,1361100
185.0000,186.7000,183.1000,183.8000,174000
184.0000,184.0000,180.7000,183.2000,345600
182.3000,184.3000,181.5000,182.0000,559900
183.9000,190.7000,182.6000,185.4000,559600
187.0000,187.0000,182.3000,185.7000,814000
184.4000,185.1640,176.8000,178.4000,1135400
178.2000,181.7000,176.4000,181.0000,783000
181.0000,185.0000,180.3600,184.2000,438200
183.6000,186.7000,183.4000,184.2000,1124400
183.8000,187.2000,183.5000,186.3000,267400
183.8000,186.6000,182.3000,185.2000,381900
185.2000,191.9000,185.2000,189.9000,779200
189.1000,191.2000,189.1000,191.0000,227700
187.5000,192.5000,187.3000,190.1000,320800
190.0000,191.2300,190.0000,190.2000,199600
191.0000,192.5000,190.1000,191.5000,354100
193.3000,196.1700,191.1000,191.1000,430800
192.3000,194.0000,191.2000,192.4000,1060500
192.9000,193.2000,190.9480,192.2000,564500
193.8000,194.6000,190.9000,192.4000,718300
193.0000,195.0080,192.2000,194.1000,638400
194.1000,194.1000,194.1000,194.1000,0
195.4000,197.3000,194.1300,196.0000,697100
195.6000,199.8560,195.6000,195.9000,304500
195.2000,196.8400,193.2000,194.4000,188700
194.9000,195.7000,194.0000,195.5000,272900
197.0000,197.5000,194.3000,197.0000,117900
195.1000,196.9000,195.0000,196.0000,337000
196.9000,197.3000,194.3000,195.4000,388700
196.0000,197.0000,194.5700,195.5000,324000
198.0000,198.0000,192.7000,193.1000,232300
193.0000,193.3000,186.8000,188.4000,309700
187.5000,189.6000,185.6000,188.3000,207700
189.7000,192.0000,183.1000,183.9000,401100
184.7000,190.3210,184.7000,188.6000,491900
189.4000,195.0000,187.7000,195.0000,768100
194.5000,199.5400,189.0000,198.4000,899800
197.6000,198.5000,195.0000,197.8000,320400
196.6000,200.1000,195.3000,195.4000,449700
195.5000,201.4200,194.2520,198.9000,1653300
200.0000,202.1000,199.2000,201.3000,723700
199.8000,200.9370,197.9000,198.0000,330000
199.5000,199.5000,193.7600,198.0000,531200
197.2000,197.2000,194.0000,194.4000,737300
194.0000,195.5000,192.8000,194.0000,388500
193.3000,193.3000,187.7000,189.1000,237100
190.0000,191.1000,188.0000,191.1000,365400
192.0000,197.5720,190.0000,195.8000,364300
195.9000,197.3000,194.1000,196.1000,623700
197.3000,197.3000,191.2000,192.3000,448100
194.0000,195.0000,192.8000,193.9000,454000
194.0000,194.8000,191.6000,192.8000,192400
193.0000,193.0000,189.7000,192.0000,356900
191.9000,191.9000,185.7000,187.5000,694600
190.0000,190.6000,183.2000,185.0000,749900
183.1000,185.7490,179.7000,183.8000,380900
181.8000,183.4310,179.6000,180.8000,641500
180.1000,189.7000,180.1000,188.3000,329200
189.3000,191.0000,182.0000,182.2000,405100
186.5000,187.2000,181.2130,185.3000,706600
183.3000,187.7000,181.6000,186.0000,828000
184.2000,187.0000,183.6000,184.1000,488500
182.9000,190.0000,181.0900,190.0000,389200
191.0000,194.6000,189.1000,194.5000,704600
194.9000,197.6000,191.8000,196.3000,634100
195.1000,195.5000,191.8000,193.4000,1468600
194.0000,194.0000,190.0000,190.6000,220000
191.3000,192.1000,188.0000,189.0000,381500
189.4000,192.2000,187.1000,191.7000,581900
190.9000,198.0000,190.9000,197.5000,455100
197.4000,200.0000,197.2160,200.0000,587100
198.7000,200.2000,197.7000,199.9000,469200
201.0000,201.2000,199.2200,200.5000,457400
199.6000,202.1000,199.6000,202.1000,655900
201.5000,203.3000,200.1000,202.8000,485500
201.5000,201.5000,196.2000,196.2000,368300
195.4000,197.3000,193.7000,197.2000,356700
198.8000,205.4000,197.4000,205.1000,958900
207.3000,212.9000,200.0000,212.9000,831000
211.0000,216.7000,209.8120,215.1000,485600
215.2000,218.2000,212.0000,218.1000,761000
216.5000,219.3000,214.0000,218.6000,397800
219.9000,221.2000,218.0000,220.0000,339300
221.5000,221.5000,217.8600,219.0000,465700
221.0000,221.0000,216.9100,220.3000,338900
219.9000,223.1600,219.5300,222.6000,720900
222.3000,223.9000,217.8000,223.0000,378200
224.7000,226.2000,223.6000,226.2000,480200
224.1000,226.7000,220.3090,225.5000,308100
224.5000,228.5000,224.5000,227.2000,354500
226.5000,227.0000,221.9800,226.9000,636200
224.0000,227.1000,224.0000,225.2000,620200
224.4000,227.2000,223.9000,227.0000,325200
226.1000,227.6000,225.0000,225.0000,200800
227.0000,227.0000,220.9990,226.7000,466700
227.5000,227.6000,224.4100,225.1000,2276500
226.3000,227.0000,224.0100,225.8000,223100
225.5000,225.5000,214.4000,215.4000,873100
214.2000,221.4000,213.1000,220.4000,304400
219.3000,222.6000,219.1000,220.2000,561100
217.2000,218.4000,212.0000,212.1000,382000
211.0000,215.0000,210.0000,210.0000,269800
210.0000,214.4000,208.4960,213.9000,417500
211.7000,215.2000,210.7000,214.1000,210500
217.8000,217.8000,213.3000,214.7000,368500
216.0000,218.3000,215.0000,216.6000,700900
218.6000,221.9000,217.2510,221.8000,187600
223.0000,225.4000,222.1000,225.3000,233500
226.5000,228.0000,217.0000,228.0000,58700
228.0000,228.0000,228.0000,228.0000,0
228.0000,228.0000,228.0000,228.0000,0
228.3000,228.3000,222.6720,227.0000,215900
224.6000,225.9000,223.8000,225.1000,105600
223.3000,236.7200,223.3000,233.9000,249800
233.9000,233.9000,233.9000,233.9000,0
233.5000,236.5000,232.9000,235.9000,362000
237.0000,238.0000,232.8000,232.8000,407900
235.4000,235.4000,226.3000,227.0000,470900
228.8000,229.1000,226.5000,227.6000,185100
228.7000,231.8000,227.8000,230.1000,253900
230.4000,234.9000,227.8000,231.0000,288300
229.5000,232.0000,225.4000,225.9000,279500
230.9000,230.9000,225.3000,227.1000,472200
226.9000,227.0000,222.6800,223.3000,349800
226.2000,226.2000,223.0000,225.9000,765100
227.5000,237.2000,226.0000,237.0000,478000
235.4000,241.5000,234.1040,241.0000,436900
237.0000,243.3000,237.0000,243.3000,424100
241.4000,249.8000,241.4000,249.8000,506000
247.8000,256.0000,247.8000,253.9000,1033600
256.0000,258.0000,254.2000,258.0000,377700
254.9000,260.0000,254.9000,259.0000,2382600
261.1000,262.6000,258.1100,259.7000,743800
262.9000,263.0000,256.0960,260.8000,253800
261.0000,263.0000,258.6000,263.0000,264100
265.4000,265.4000,261.5000,263.0000,355900
264.6000,267.1000,260.6920,267.1000,325100
267.0000,270.0000,263.0000,264.3000,357000
261.9000,262.0000,252.0000,261.0000,1482600
257.4000,260.4000,256.0000,259.3000,654400
256.6000,264.5000,256.6000,264.5000,552800
260.6000,263.6000,258.0000,260.2000,1009700
258.8000,261.3000,255.1000,256.4000,670300
257.6000,257.9000,255.4000,256.0000,724000
257.4000,259.8440,255.5000,256.0000,271700
255.9000,257.0000,253.3000,253.4000,468700
255.1000,256.5800,253.0000,255.0000,293000
253.1000,259.2000,253.1000,258.9000,474700
257.5000,261.0000,257.4000,259.8000,400500
260.2000,264.2000,258.6000,259.4000,616400
257.6000,262.7000,256.1000,261.9000,242600
263.8000,266.3000,262.1400,265.0000,421200
266.8000,267.0000,263.2000,264.8000,343800
262.7000,265.8000,262.1000,263.4000,352300
262.3000,264.7000,261.1250,264.0000,381000
269.0000,273.7000,264.4000,273.7000,523300
271.1000,271.1000,263.5000,267.4000,735300
264.3000,270.7200,238.4860,243.4000,3632400
241.4000,259.0000,241.4000,259.0000,1632600
259.1000,272.5000,258.6000,272.0000,591000
271.3000,273.5000,271.0000,272.0000,500300
266.0000,273.5000,266.0000,272.5000,336800
271.4000,274.4000,270.0000,272.5000,441500
272.2000,274.0000,271.1000,274.0000,645700
272.9000,273.9000,270.5000,272.5000,371300
275.0000,275.0000,271.0000,273.0000,248200
275.0000,278.0000,272.9120,276.5000,314200
278.1000,278.1000,270.1000,270.1000,325300
274.6000,277.2000,270.7000,273.0000,676300
273.5000,278.6000,271.6000,276.0000,719600
278.8000,289.4000,276.0000,289.4000,989300
286.4000,288.2000,283.0000,287.3000,496000
283.0000,289.8000,283.0000,286.0000,1028500
276.3000,277.8000,261.0000,276.3000,2005800
271.8000,271.8000,266.3000,270.8000,869400
272.0000,273.7000,264.8000,268.2000,805300
269.0000,272.0000,266.6000,267.7000,1034000
271.6000,272.3000,265.5000,269.3000,942900
266.5000,271.3000,265.7000,267.4000,1065900
268.3000,271.2000,268.1540,269.6000,382000
269.6000,269.6000,269.6000,269.6000,0
269.6000,269.6000,269.6000,269.6000,0
270.0000,272.6700,269.5000,270.0000,1916900
272.5000,272.5000,269.3000,270.0000,1306700
268.2000,271.1000,268.2000,269.7000,1035300
268.8000,272.1000,268.7000,270.0000,1688500
270.7000,271.7000,269.3000,270.0000,1780600
272.0000,276.9000,270.6000,274.3000,1564800
271.4000,276.9000,271.4000,275.1000,566500
273.0000,274.6000,268.4000,269.8000,735700
272.0000,274.4000,267.0000,268.1000,614800
268.1000,272.6000,266.9000,268.6000,590600
270.2000,274.2000,269.1200,272.9000,849700
274.2000,276.0000,272.6000,274.5000,1207600
275.3000,275.4000,270.5000,271.8000,1355700
273.7000,274.5000,270.8000,271.7000,1251600
272.5000,272.8000,269.6000,271.0000,1395700
271.6000,274.9000,269.6000,274.6000,1233200
275.8000,277.9000,274.1000,275.2000,761400
278.0000,284.1080,276.7000,280.4000,2149700
282.9000,285.7000,276.7600,283.7000,700000
283.7000,283.7000,283.7000,283.7000,0
286.4000,288.6000,281.3600,283.9000,822300
285.3000,285.7000,281.7000,283.8000,1283400
284.8000,294.0000,282.7000,293.5000,1590900
301.1000,309.6000,299.4200,303.9000,1818600
304.0000,304.0000,296.8000,298.8000,704400
295.9000,299.0000,289.6000,292.7000,756400
294.2000,299.0000,293.5000,296.1000,575600
296.2000,299.9000,295.1480,299.0000,459200
300.0000,304.9000,299.8000,301.6000,544700
300.9000,303.5000,300.9000,302.5000,486700
284.0000,295.3000,278.0000,294.1000,4202100
295.1000,299.2000,293.5000,295.6000,636900
297.2000,297.2000,292.1000,296.0000,951900
297.4000,298.1000,295.3000,295.4000,399500
295.4000,295.4000,295.4000,295.4000,0
292.2000,296.0000,288.7800,295.0000,432800
297.5000,305.2000,295.1000,304.7000,775400
304.1000,307.6000,300.3000,304.7000,740700
304.7000,306.2000,301.1000,302.9000,512400
304.3000,305.9000,300.8000,305.3000,377500
303.8000,308.3000,302.8000,304.0000,527800
306.3000,308.6000,304.2000,306.1000,621600
280.5000,284.9400,271.9000,275.8000,3135300
277.3000,279.4000,274.5000,275.4000,655600
274.2000,276.0000,272.9000,274.1000,409400
273.1000,273.9000,268.4000,273.1000,965100
274.3000,277.2000,268.1000,277.0000,607700
278.3000,281.2000,276.5000,280.9000,517100
280.2000,284.0000,276.5000,282.7000,911600
279.3000,281.6000,278.7000,279.8000,363200
280.2000,283.3000,277.9000,282.1000,648000
280.8000,286.4000,280.3000,282.3000,698700
280.2000,285.7000,278.9000,284.7000,455100
283.8000,290.0000,279.0000,289.4000,2471500
290.8000,294.2000,289.5000,289.5000,1057500
290.0000,290.3000,286.5000,287.6000,790500
287.7000,287.9000,285.6000,286.9000,1048500
288.7000,292.5000,285.2000,292.0000,1069200
292.5000,294.3000,289.6000,293.2000,333900
286.1000,287.8080,282.4000,285.0000,262300
283.4000,292.1000,281.3000,291.2000,598900
290.3000,294.2000,289.6000,290.0000,394500
289.7000,292.4000,288.5000,290.0000,408600
287.6000,290.0000,287.0170,287.6000,138000
283.3000,288.4000,282.4760,285.4000,258600
288.5000,291.2000,285.9000,286.5000,714000
289.3000,289.6000,284.7000,285.9000,284000
290.1000,290.8000,286.5000,288.9000,433700
293.7000,293.7000,290.0000,290.2000,276300
290.8000,293.9000,290.6000,291.4000,438300
289.1000,292.6000,288.9000,290.1000,438500
296.0000,296.0000,290.6000,292.0000,868200
294.0000,296.3000,294.0000,295.8000,875000
296.9000,300.6000,295.6000,298.7000,613800
301.0000,301.7000,296.3000,297.6000,514600
298.6000,298.9000,295.9000,296.0000,324400
293.9000,295.8000,293.3000,294.9000,264100
294.8000,297.3000,294.6600,295.5000,439200
296.1000,299.0000,292.4000,296.0000,510300
302.4000,302.4000,289.7000,289.7000,491400
291.9000,292.5000,289.5000,289.9000,398100
292.8000,295.2000,289.3000,291.5000,585200
301.6000,302.0640,293.8000,296.0000,659900
284.0000,293.8000,278.7000,293.3000,11101900
292.9000,298.2000,292.3000,296.2000,875000
295.7000,299.2000,294.8000,297.1000,844400
298.9000,300.7000,298.0000,300.5000,706400
300.8000,302.6000,297.6000,302.4000,882900
303.0000,306.4000,298.0000,304.4000,689200
307.3000,308.1000,301.4200,307.8000,663900
308.2000,311.1000,305.3000,309.0000,785300
307.9000,311.9000,304.9000,311.2000,719800
312.0000,318.7000,306.2840,318.5000,901000
318.7000,326.8000,318.0000,324.9000,809500
327.0000,331.1000,324.0100,330.5000,797700
332.0000,332.1000,327.0000,329.5000,572300
327.6000,329.6000,324.0000,324.9000,1196400
323.9000,326.3000,320.0000,321.8000,709700
320.0000,322.3000,317.3000,317.5000,736100
312.3000,312.6000,297.7000,302.8000,1338000
307.1000,317.1000,304.7000,314.4000,1078900
317.5000,321.8000,314.6000,317.0000,3149200
324.7000,325.0000,319.7000,320.5000,905200
321.8000,323.1000,318.0000,323.1000,830100
323.1000,323.1000,323.1000,323.1000,0
319.8000,325.9000,318.7480,324.8000,831700
325.0000,326.7000,322.1000,325.7000,748400
327.9000,334.3000,327.5000,333.5000,664800
331.1000,338.2000,328.3120,336.6000,720200
337.6000,337.6000,327.4000,329.4000,549100
330.5000,333.2000,328.2000,329.1000,483200
335.0000,336.6000,329.4000,330.0000,725954
327.4000,330.1000,324.3000,325.6000,770874
325.9000,325.9000,322.0000,323.3000,572705
325.5000,325.6000,320.0000,321.6000,541894
322.6000,326.5000,319.7000,326.2000,907558
328.2000,332.4000,327.5000,328.8000,945147
330.1000,330.1000,326.1000,327.9000,760225
327.6000,329.9000,324.4000,329.5000,1130336
329.9000,331.2000,326.2000,328.7000,810447
328.7000,328.7000,319.5000,320.2000,468520
319.1000,320.6000,316.6000,319.2000,1029444
320.3000,326.7000,320.2000,325.7000,1519932
328.3000,336.9000,327.9000,335.0000,907811
