207.0760,211.1370,201.3920,203.8280,1875900
203.0160,203.8280,203.0160,203.4220,379800
207.0760,207.0760,203.0160,205.4520,106300
207.0760,209.5130,203.0160,205.0460,352300
205.4520,208.7000,204.9240,207.4820,1064000
204.6400,208.7000,203.0160,206.2640,116400
208.7000,208.7000,203.0160,205.8580,42100
208.7000,221.2470,208.7000,216.8210,0
220.0690,220.0690,216.8210,216.8210,244300
215.1970,220.0690,214.5880,220.0690,1598500
217.2270,227.3780,213.6220,225.3480,0
224.9420,234.6870,224.9420,231.4380,319700
235.4990,235.4990,227.5810,231.4380,435600
229.8140,230.4230,222.1000,222.1000,743700
219.2570,219.2570,214.3850,214.3850,24400
217.6330,219.2570,214.3850,214.3850,27300
212.7610,212.7610,208.0510,212.3550,77300
212.3550,212.3550,212.3550,212.3550,0
212.3550,212.3550,212.3550,212.3550,0
211.1370,214.1010,208.7000,211.5430,27500
213.5320,213.9790,211.5430,211.5430,31900
211.5430,212.7610,211.5430,211.5430,0
211.5430,211.5430,211.5430,211.5430,0
216.0090,231.0320,215.1970,224.5360,553800
227.3780,239.5590,226.3630,231.8440,793300
235.0930,237.8860,229.8140,230.4230,1088600
229.0020,232.1610,217.2270,220.0690,276400
223.3180,231.4380,220.0690,229.8140,120900
230.6260,231.4380,224.1300,224.5360,233600
223.3180,228.1900,220.8810,220.8810,1601300
219.2570,222.5060,215.1970,219.2570,177800
222.5060,238.7470,222.2130,229.8140,654900
235.4990,237.9350,227.7840,227.7840,888900
230.6260,233.0620,226.1600,229.8140,47100
229.8140,230.6260,227.3780,230.6260,66400
231.4380,232.2500,229.0020,229.8140,0
227.3780,234.6870,223.3180,226.5660,201100
223.3180,229.0020,219.2570,222.5060,95100
219.2570,223.3180,215.2780,218.4450,92400
221.6930,221.6930,217.2270,220.8810,59600
221.6930,221.6930,214.0600,216.0090,50500
213.5730,217.2680,210.0000,213.1670,69800
215.1970,216.2120,215.1970,215.1970,6000
216.8210,217.2680,216.0090,216.0090,16900
214.3850,217.6330,211.3400,217.6330,43200
213.3700,217.6330,212.4770,216.4150,6100
215.1970,218.4450,215.1970,218.4450,1009700
219.2570,227.3780,219.2570,223.7240,58100
227.3780,227.3780,221.5720,225.3480,40700
223.3180,229.0020,223.3180,227.3780,162400
222.5060,226.5660,222.5060,224.5360,58200
222.5060,228.1900,222.5060,225.3480,36600
225.7540,228.3440,222.5060,225.1450,54500
223.3180,223.3180,221.2870,221.2870,118000
227.3780,227.3780,219.4600,224.9420,105400
224.9420,227.3700,223.3180,225.3480,259500
222.1000,227.3780,222.1000,224.5360,31900
227.3780,227.3780,224.3330,225.3480,26500
227.3780,227.3780,222.5060,224.5360,8600
227.3780,229.0020,223.1150,228.3930,33400
228.3930,228.9450,228.3930,228.5960,18000
229.0020,235.4990,229.0020,231.8440,33000
235.4990,243.4160,232.1690,241.5890,101500
240.7770,243.4160,239.1530,239.1530,2600
235.4990,238.9500,233.8740,238.9500,103800
231.4380,238.2800,231.4380,231.4380,360300
231.4380,233.0620,230.6260,231.4380,19200
227.3780,227.8650,220.8810,223.3180,42500
223.7240,225.7540,222.6520,224.5360,100800
222.5060,227.1750,222.5060,224.9420,2800
227.3780,229.0020,227.1750,229.0020,178800
229.0020,229.0020,227.7840,227.7840,29000
229.0020,231.4380,228.1900,230.2200,140200
227.3780,230.9510,227.3780,229.4080,390600
227.3780,230.6260,224.1300,230.2200,437300
229.8140,237.1230,229.8140,232.4530,715500
233.8740,243.6190,231.6410,234.6870,1278500
238.9500,240.9800,233.0620,234.6870,506600
235.4990,238.5440,234.2800,236.5140,126400
237.1230,236.1080,233.0620,235.4990,0
235.4990,235.4990,233.4680,233.4680,2019000
234.2800,236.7170,233.4680,236.7170,898000
239.1530,239.5590,235.4990,236.7170,678400
238.7470,239.5590,234.7430,236.7170,16100
239.3560,239.3560,236.3110,238.7470,23300
239.5590,247.7090,239.3560,247.2730,1312100
243.6190,250.8550,241.9950,245.6490,126300
246.8670,249.6690,244.0250,246.8670,34000
247.6800,249.6690,243.6190,243.6190,137100
250.1160,253.3640,246.2580,253.3640,110200
255.8000,260.6730,251.7400,251.7400,852500
251.7400,251.7400,251.7400,251.7400,0
251.7400,251.7400,251.7400,251.7400,0
250.1160,255.7190,250.1160,254.9880,1665800
255.8000,256.5310,251.7400,251.7400,585300
249.3040,254.9880,241.9950,241.9950,345700
241.1830,243.4160,240.5970,241.7920,78900
242.4010,242.4010,239.5590,240.5740,198200
235.7020,243.3760,233.8740,241.1830,242400
243.6190,243.6190,238.9900,242.4010,37600
238.7470,243.6190,238.7470,243.6190,125100
240.3710,243.5700,235.4990,236.1080,27200
236.1080,240.2900,235.0930,237.9350,32900
236.3110,236.3110,229.6110,234.6870,58400
235.4990,236.2660,232.2910,232.4530,87200
231.8440,232.9770,227.4190,229.2050,40700
231.4380,235.4990,225.8110,227.3780,108400
227.3780,233.4200,226.5660,226.5660,8000
227.3780,231.7390,225.8190,228.5960,476500
225.1450,225.3960,213.5730,213.5730,348000
212.7610,217.6330,211.1370,211.1370,231400
212.9640,215.1970,211.4210,212.7610,418100
212.7610,212.7610,212.7610,212.7610,0
203.0160,207.0760,161.3980,181.0900,850300
185.9630,186.7750,175.0000,180.2780,213300
182.7140,185.5420,177.8420,182.7140,768600
182.7140,182.7140,176.2180,181.0900,100300
184.2980,184.2980,175.1620,178.8570,43600
174.5940,180.2490,150.3130,168.0970,260100
170.5330,175.7710,167.2850,171.3460,28100
176.2180,178.5320,166.8790,171.7520,43800
178.6540,183.6730,170.7360,180.6840,164500
178.6540,182.7140,176.2180,180.6840,130800
178.0450,180.1970,172.5640,172.5640,56700
172.9700,182.4300,172.9700,178.2480,9500
175.4060,182.6330,175.4060,176.4210,36400
174.5940,181.6990,174.5940,178.2480,28600
178.2480,178.2480,178.2480,178.2480,0
173.5790,181.4960,166.8790,166.8790,55800
166.6760,172.9720,162.6160,162.6160,42800
166.4730,172.5430,163.3630,171.3460,31800
166.4730,178.1670,166.4730,173.7820,102900
173.7820,177.8160,167.2850,170.1270,469500
178.6540,178.6540,166.4730,177.2330,74500
181.9020,181.9020,162.4130,166.4730,123000
172.9700,175.8770,168.9090,171.7520,17300
168.9090,170.5330,163.0220,170.5330,11000
166.4730,169.7210,162.8190,169.7210,47200
167.0820,171.3620,160.7890,163.6310,3300
159.9770,170.5330,159.9770,165.6610,8700
159.9770,160.5860,158.3520,158.7590,35800
164.0370,164.0370,158.3520,160.3830,119100
164.6460,170.9390,159.1650,170.9390,32200
173.5790,173.5790,163.9440,168.9090,30100
165.2550,168.4990,162.4130,162.4130,22000
162.4130,166.4730,159.9770,164.4430,300600
164.8490,164.8490,159.5710,159.5710,100900
158.3520,163.2250,158.3520,162.4130,608500
159.9770,163.2250,158.3520,162.4130,63200
162.4130,162.8190,157.9460,162.8190,50400
162.4130,162.4130,148.8110,154.2920,164500
159.1650,167.8940,153.3180,167.8940,95900
162.4130,168.9910,161.1950,161.1950,13400
161.6010,167.2850,155.1040,162.4130,231100
162.4130,162.6560,158.4420,162.2100,149100
162.4130,162.4130,159.9770,162.4130,199500
163.0220,164.8490,159.8060,162.8190,34600
165.6610,170.3300,162.6160,170.3300,132000
169.7210,178.0450,169.3150,176.6240,116600
172.9700,184.1360,172.1580,182.7140,113900
182.1050,182.1050,175.4060,178.0450,103800
177.8420,178.6540,175.2030,177.0300,30700
175.4060,186.7750,175.2030,184.5420,69800
184.5420,182.3080,182.3080,182.3080,0
186.5720,203.0160,179.4660,201.3920,581800
200.9860,204.6400,195.7070,198.9560,108600
195.9100,196.5190,192.8650,194.2860,51100
194.0830,199.7680,192.4590,192.4590,241200
194.8950,194.8950,188.3990,188.3990,1303200
185.1510,190.7540,183.9330,185.3540,458100
186.7750,186.7750,164.0370,170.5330,59600
172.9700,173.7820,167.2850,170.5330,212000
168.9090,174.3830,168.9090,168.9090,17400
174.5940,175.8120,170.5330,174.5940,381200
175.4060,177.0300,171.9550,175.0000,19100
178.6540,180.8870,172.9700,178.6540,217100
178.6540,183.5260,177.0300,178.6540,42400
180.6840,180.8870,178.4510,179.4660,35300
177.0300,181.4960,174.1880,178.6540,59000
178.6540,181.6990,177.1600,181.6990,94300
181.9020,182.7140,178.2480,180.8870,218300
182.7140,182.7140,172.1580,182.7140,111900
182.1050,183.1200,179.5780,183.1200,108100
184.3390,184.3390,180.2780,180.2780,44300
178.6540,184.2980,177.0300,178.6540,40000
176.6240,178.6540,161.6010,168.0970,65400
167.2850,167.4880,150.6380,167.4880,154300
165.6610,166.0670,164.2400,164.8490,37700
164.2400,165.6610,164.2400,165.4580,131600
165.6610,166.6760,163.6310,166.6760,262500
168.9090,170.5330,165.2550,165.6610,31600
166.6760,170.7360,166.6760,166.6760,3200
166.6760,166.6760,166.6760,166.6760,0
170.7360,172.9700,169.0110,172.3610,70600
174.5940,174.5940,170.5330,170.5330,29600
176.6240,192.4590,174.5530,179.4660,88000
179.0600,185.1100,179.0600,181.0900,800
179.0600,184.9070,179.0600,179.0600,1800
180.2780,182.7140,178.6950,180.4810,36900
178.8570,182.7140,174.5940,174.5940,39000
174.5940,179.4660,174.5940,179.4660,12700
180.6840,180.6840,176.0150,178.6540,40200
180.6840,180.6840,171.9550,176.8270,18500
178.6540,180.6840,172.9700,174.5940,23300
177.0300,177.0300,173.0100,177.0300,850700
177.0300,177.0300,177.0300,177.0300,1700
177.0300,177.0300,173.0260,176.2180,26900
178.6540,178.6540,173.7820,177.0300,11300
178.6540,178.6540,178.6540,178.6540,0
178.6540,178.6540,172.2630,174.7970,245900
177.4360,178.6540,177.4360,178.6540,3200
178.6540,190.8350,178.4430,182.5110,2616300
185.1510,185.2400,178.6540,182.7140,335100
184.3390,185.1510,181.0900,185.1510,2624700
185.1510,185.7600,182.7140,185.7600,24300
185.1510,186.7340,180.2780,182.7140,112200
183.7290,186.7750,182.1050,186.3690,223100
186.7750,208.7000,184.3390,201.3920,414800
204.4370,204.4370,193.2710,195.5040,188600
197.3320,200.5800,195.1390,197.3320,379900
202.2040,202.2040,190.8350,194.4890,32300
192.2560,194.2860,191.6470,194.2860,393900
194.8950,198.9560,191.6470,198.9560,19000
199.7680,211.5430,194.8950,210.1220,509500
212.3550,212.3550,207.2390,209.9190,106900
213.1670,213.1670,207.0760,209.7160,224600
212.7610,212.7610,207.0760,210.3250,23800
212.7610,222.4240,211.9490,213.9790,97800
217.2270,223.3180,215.6030,221.4900,148500
220.8810,304.5240,219.2570,222.3030,731800
228.1900,229.0020,218.6480,219.2570,482500
223.3180,223.3180,213.5890,215.1970,198700
216.8210,216.8210,201.3510,205.6550,596100
207.0760,216.8210,207.0760,211.1370,67900
217.6330,217.6330,207.0760,212.3550,50300
209.5130,212.3550,206.4670,209.3100,108800
210.9340,212.3550,206.0610,207.8880,69000
207.8880,212.7610,204.6400,208.7000,82900
208.7000,211.1370,203.4220,209.5130,125800
211.1370,223.7240,206.2640,211.7460,257500
211.9490,211.9490,206.2640,206.2640,5800
208.7000,219.2570,207.8880,215.1970,42500
215.1970,215.1970,196.5190,208.0910,111100
207.0760,213.3700,207.0760,209.7160,786300
208.7000,208.7000,194.0830,199.5650,69400
198.9560,203.4220,195.9100,195.9100,278000
198.9560,203.0160,195.3010,203.0160,45200
203.0160,204.2340,199.8080,202.6100,154100
204.6400,205.4520,199.0770,203.0160,42400
201.3920,204.6400,200.9860,204.6400,61900
203.0160,203.0160,181.0900,199.5650,116500
197.7380,198.9560,194.8950,197.3320,34700
194.8950,198.9150,190.8350,194.8950,91700
190.8350,198.3470,190.8350,198.3470,23800
196.5190,196.5190,188.3990,188.3990,74000
190.0230,192.8650,187.5870,192.6620,181600
190.8350,191.2410,187.5870,191.2410,6200
192.2560,193.2710,190.8350,192.4590,7300
189.2110,192.4590,187.5870,192.0530,7500
191.6470,192.4590,191.4440,192.4590,16800
194.8950,194.8950,186.7750,186.7750,6500
186.7750,203.0160,185.1510,203.0160,228800
199.7680,217.6330,199.7270,210.1220,157100
212.7610,215.4000,208.2940,215.4000,125500
216.4150,226.9720,216.0090,219.4600,123900
220.4750,223.3180,213.7760,218.4450,137200
212.1520,215.1970,200.5800,201.7980,108000
203.6250,205.4520,199.3620,205.4520,35600
207.0760,209.9190,205.4520,206.2640,16800
206.2640,210.7310,203.0160,203.0160,59400
206.0610,207.0760,203.0160,203.8280,66800
208.7000,216.0090,206.2640,209.9190,221100
210.9340,211.1370,203.0160,203.0160,35800
203.0160,210.3250,203.0160,210.3250,18400
210.3250,210.3250,209.5130,210.3250,10000
207.8880,210.1220,207.0760,209.5130,6600
211.1370,213.3700,206.2640,213.3700,61700
211.1370,214.1820,211.1370,214.1820,20900
214.1820,214.1820,214.1820,214.1820,0
214.1820,214.1820,214.1820,214.1820,0
215.1970,215.1970,207.2790,211.9490,37100
209.9190,209.9190,204.0310,204.0310,18600
204.6400,204.6400,200.9860,200.9860,7800
200.9860,200.9860,200.9860,200.9860,0
203.0160,215.1970,203.0160,212.7610,296800
212.7610,216.0090,208.7000,211.9490,1026200
213.9790,219.2570,213.9790,218.2420,253500
217.6330,227.3780,216.0090,226.3630,31700
229.0020,239.1530,223.5490,239.1530,214900
243.6190,245.8520,231.4380,231.4380,58300
233.0620,233.4680,221.6930,224.5360,51900
227.3780,227.3780,221.6930,221.6930,30500
223.3180,223.3180,219.2570,219.2570,49900
217.6330,220.8810,217.6330,220.0690,18500
219.2570,220.0690,219.2570,220.0690,15500
218.0390,251.7400,216.6180,251.7400,157800
247.6800,247.6800,227.3780,229.2050,77900
224.3330,224.3330,205.4520,207.0760,62100
211.1370,211.9490,201.3920,209.5130,71400
207.2790,214.1820,207.2790,211.1370,842600
216.8210,221.4900,213.5730,221.4900,792400
224.3330,234.0920,216.8210,227.3780,102600
233.0620,233.0620,227.4190,232.2500,71600
233.8740,233.8740,222.5060,224.7390,81400
227.3780,230.6260,225.3480,230.6260,59200
223.3180,226.5660,223.3180,226.5660,700
230.6260,230.6260,223.7240,230.6260,10200
230.6260,230.6260,226.1600,226.1600,38600
225.7540,228.1900,225.7540,228.1900,8900
227.3780,227.3780,222.5060,227.3780,239200
220.8810,220.8810,218.4450,220.4750,53800
223.3180,227.3780,220.4750,227.3780,27200
221.8960,234.4830,221.8960,231.8440,51900
231.4380,234.6870,227.5810,228.5960,35000
231.0320,231.4380,225.7540,225.7540,32600
229.0020,229.0020,224.9420,224.9420,10900
226.9720,231.4380,224.9420,231.4380,1300
227.3780,230.4230,220.8810,230.4230,22600
226.5660,226.9720,224.1300,224.1300,3400
225.7540,229.1640,220.8810,220.8810,11900
225.9570,232.0470,225.7540,225.7540,3500
225.7540,247.6800,225.7540,243.6190,208200
243.6190,249.3040,241.9950,243.6190,46500
247.6800,251.1310,247.2730,248.4920,194200
247.6800,247.6800,238.1380,240.5740,72600
237.1230,243.6190,229.8140,229.8140,55000
234.6870,250.7250,234.4830,238.7470,137000
236.3110,259.8600,236.3110,258.2360,68500
261.4850,269.8080,256.4090,256.4090,253800
259.8600,261.4850,255.8000,261.4850,44100
261.4850,266.5600,259.8600,266.5600,81700
264.1240,267.9810,259.0480,259.0480,59900
260.2670,260.2670,245.2430,251.7400,46100
245.2430,248.4920,238.1380,239.9650,50600
237.5290,245.2430,237.5290,240.1680,21700
235.4990,235.4990,227.3780,227.3780,28300
236.3110,237.9350,233.0620,237.1230,28900
238.7470,244.2280,238.1380,242.4010,78600
243.6190,245.2430,238.3410,239.5590,49200
237.3260,243.6190,227.3780,237.1230,7985300
235.4990,241.1830,233.6710,235.9050,80300
235.9050,235.9050,235.9050,235.9050,0
235.9050,235.9050,235.9050,235.9050,0
238.7470,247.8830,238.7470,247.8830,298900
243.6190,243.6190,235.0930,237.7320,185300
237.9350,239.9650,226.9720,226.9720,89800
233.0620,241.1830,229.0020,239.5590,422000
242.8070,246.0550,242.6040,246.0550,227200
243.6190,243.6190,236.1080,236.1080,41500
236.3110,237.1230,229.0020,235.0930,54000
229.0020,243.6190,229.0020,243.6190,304500
236.9200,252.3490,236.9200,249.3040,667100
248.2890,255.8000,248.2890,252.3490,309700
248.2890,255.8000,246.0550,248.4920,37600
249.3040,249.3040,238.7470,246.0550,339100
239.9650,246.4610,239.9650,245.2430,36500
241.3860,255.8000,237.9350,255.8000,542700
246.0550,251.9430,243.6190,251.7400,227300
249.1010,250.1160,243.8220,245.2430,104600
243.8220,252.1460,243.8220,250.9280,154700
247.6800,250.9280,245.4460,248.4920,86300
246.0550,250.9280,246.0550,250.9280,46100
246.2580,261.8090,246.2580,256.2060,362400
252.5520,266.1540,249.5070,251.7400,164100
249.3040,255.8000,247.6800,248.4920,116100
246.8670,258.0330,246.8670,252.1460,144500
251.7400,259.6570,250.3190,258.2360,140500
249.5070,258.2360,249.3040,255.8000,127800
254.9880,258.2360,252.8770,258.2360,461700
255.8000,276.1020,249.1410,267.9810,523800
271.4320,278.4970,271.4320,274.4780,182900
276.1020,280.1620,265.7480,269.1990,965700
269.1990,269.1990,269.1990,269.1990,0
267.9810,267.9810,241.1830,251.7400,459000
249.3040,264.7330,248.4920,258.2360,724700
261.4850,261.4850,251.7400,254.9880,355500
254.9880,255.8000,240.8740,248.4920,934100
251.7400,264.3270,244.8370,257.6270,601700
255.8000,256.6120,245.6490,251.7400,223000
256.4090,256.4090,246.8670,251.7400,177000
249.3040,251.7400,244.4310,251.3340,201200
248.6950,251.5370,244.4310,251.3340,115700
251.7400,262.9060,248.0860,255.8000,762300
255.8000,259.8600,251.7400,255.5970,511300
254.9880,267.9810,253.3640,266.9660,1288000
259.4540,267.9810,254.1760,267.3720,392800
263.9210,276.1020,260.0640,273.0570,391900
273.0570,273.0570,273.0570,273.0570,0
272.0410,283.2070,272.0410,274.4780,448800
279.3500,279.3500,258.2360,267.3720,225200
260.2670,279.9590,260.2670,275.8990,324500
273.6660,279.9590,270.0110,276.3050,295000
270.2140,280.9740,270.2140,278.7410,316100
279.5530,291.5310,279.5530,284.0190,542700
279.9590,284.1820,271.2290,271.2290,179400
275.6960,279.3500,256.0030,262.2970,268700
272.0410,284.2220,267.7780,272.0410,295300
268.1840,273.8690,263.9210,267.9810,307500
269.1990,284.2220,269.1990,279.3500,334500
283.4100,298.6370,283.4100,289.0950,2860500
290.7190,290.7190,276.3050,281.1770,292000
283.0040,287.0650,261.4850,265.9510,375500
270.8230,276.1020,256.0030,267.9810,479400
271.8380,283.6130,270.2140,272.0410,453700
277.7260,283.8160,270.8230,272.0410,562200
272.0410,276.1020,268.7930,269.6050,681600
272.4470,283.4100,270.6200,270.8230,3026800
276.1020,280.3650,262.5000,278.7410,543600
272.0410,279.7560,263.9210,267.9810,1640200
267.9810,273.4630,259.8600,266.9660,312200
267.1690,267.9810,260.2670,264.1240,318600
264.1240,279.3500,264.1240,266.9660,243200
273.6660,273.6660,256.2060,260.6730,349100
263.9210,267.7780,249.3040,255.8000,890200
261.2820,261.2820,249.3040,254.3790,413000
258.0330,264.1240,247.6800,257.4240,0
259.2510,259.8600,251.9430,255.1910,279600
259.2510,259.8600,253.3640,257.4240,412900
260.0640,265.5450,251.7400,252.5520,481900
257.4240,267.9810,253.5670,260.0640,440300
258.2360,263.9210,245.0810,247.6800,531100
252.5520,261.4850,245.2430,254.1760,451100
258.0330,261.2820,243.6600,252.1460,979100
254.1760,257.4240,241.9950,248.4920,449200
243.6190,243.6190,227.3780,231.4380,756400
235.4990,239.3560,222.7090,227.1750,664000
231.4380,231.4380,219.2570,229.6110,650500
229.6110,231.4380,222.5060,229.4080,391800
227.7840,231.4380,221.6930,226.5660,490500
227.3780,231.4380,221.1250,223.3180,459900
220.8810,225.3480,215.4000,217.8360,650800
215.1970,231.4380,215.1970,223.3180,769900
221.0840,229.0020,221.0840,222.9120,218900
220.6780,234.2800,220.6780,222.3030,330700
225.7540,225.7540,211.9490,218.4450,309900
214.1820,235.5390,214.1820,229.0020,1093100
224.5360,224.5360,219.2570,224.3330,294200
221.6930,231.4380,221.2870,222.5060,288100
226.3630,226.3630,211.6240,214.1820,635400
212.1520,214.7910,206.2640,208.4970,246200
207.0760,209.7160,203.4220,204.6400,422200
203.0160,205.3420,194.3680,197.9410,898600
195.9100,205.8580,194.2860,199.3620,530300
202.0010,202.0010,188.8050,191.6470,851800
194.8950,195.7070,190.8350,194.2860,868200
191.0380,201.1890,191.0380,197.5350,1473100
194.8950,199.5650,194.4890,199.5650,380000
195.0980,215.1970,195.0980,213.5730,1732500
211.1370,225.7540,208.7000,216.6180,747300
212.5580,221.6930,211.5430,216.2120,550200
211.7460,225.5510,211.7460,222.5060,748100
221.6930,224.1300,216.0090,223.3180,385800
223.3180,223.3180,223.3180,223.3180,0
219.2570,235.2960,219.0540,222.1000,623900
223.3180,229.0020,219.2570,224.7390,496000
223.3180,226.3630,219.6630,220.8810,463600
226.1600,226.1600,216.0090,219.2570,900900
219.2570,219.2570,208.7000,214.1820,384600
208.7000,215.1810,201.3920,203.0160,1665900
201.5950,204.4370,192.4590,194.6920,525800
198.1440,198.8100,192.8650,194.6920,500200
196.7230,198.1440,192.4590,194.6920,868500
201.3920,201.3920,189.0080,190.8350,162500
194.8950,194.8950,178.4510,179.6690,1394600
180.6840,194.8950,179.6690,184.1360,698000
182.3080,190.0230,172.1580,176.4210,1054000
178.6540,189.8200,175.8120,177.4360,692400
174.5940,185.1510,167.6910,170.5330,435000
168.7060,171.7520,157.7430,157.7430,718600
161.6010,162.4130,151.2470,155.5100,589800
154.6980,167.0820,144.9050,154.6980,1382600
161.6010,178.6540,149.4200,161.3980,1787700
158.3520,161.6010,155.7130,156.3220,514900
160.5860,160.5860,151.2470,153.8860,440200
158.3520,170.9390,158.0480,164.8490,647500
167.0820,171.5490,163.4280,164.2400,331900
166.4730,173.1730,164.4430,170.5330,1879400
168.0970,171.9550,143.1260,143.9380,300800
144.3440,144.3440,137.1370,142.1110,260600
142.1110,142.5170,138.0510,141.2990,393500
140.0810,144.9530,134.8030,137.0360,324800
134.3970,139.6750,130.3360,139.6750,219200
138.0510,138.0510,123.0280,129.1180,134700
129.1180,129.1180,117.7490,119.1700,417400
119.3730,143.3290,107.8010,108.8170,546200
108.0050,116.5510,107.3950,108.6140,202000
107.1920,111.6590,98.8690,104.9590,244700
100.8990,105.7710,99.8840,105.1620,166000
107.8010,125.0580,107.1920,123.6370,637600
123.6370,125.8700,105.5680,107.1920,224100
107.1920,115.1100,97.4480,97.4480,507900
100.6960,100.6960,76.0500,88.3120,688600
87.5000,92.5750,83.6430,91.5600,392400
94.1990,105.1830,92.3720,93.5900,345400
94.1990,94.1990,82.4240,86.0790,554100
86.0790,86.8910,83.0340,84.6580,270800
82.4240,82.6280,61.5140,66.5890,610900
65.1680,67.6040,61.7170,63.7470,357800
62.3260,65.5740,57.9200,62.5290,1350500
64.1530,88.7180,62.6910,88.7180,396500
90.1390,118.3580,89.8350,115.1100,483800
115.1100,148.6080,112.6740,139.8780,416700
138.0510,144.9530,120.3880,125.4640,317400
125.8700,140.0810,125.8700,129.9300,657000
131.7570,131.7570,124.2460,127.0880,421600
127.0880,127.0880,101.7110,105.5680,331700
108.2080,111.2530,104.5530,105.3650,279400
112.4710,128.7120,112.4710,125.2610,230700
125.8700,125.8700,106.5830,106.7860,345700
108.8170,109.4260,85.0640,88.3120,397500
88.1090,88.1090,83.8460,86.4850,213300
88.3120,102.3200,87.6830,88.7180,445300
91.1540,94.1990,79.7850,84.2520,431400
82.8310,83.4400,75.3190,76.5370,161000
77.5520,79.5820,71.2590,73.4920,1453800
70.6500,79.5820,68.2130,71.0560,519700
70.8530,74.9130,66.3860,66.3860,321800
67.6040,83.2370,66.7920,80.3940,375000
79.5820,94.8080,71.8680,86.4850,834900
85.8760,89.7330,83.0340,87.0940,412500
85.2670,101.1020,84.4550,99.8840,289200
97.2450,106.6440,97.2450,103.1320,1045600
104.1470,106.2590,86.8910,87.2970,411400
84.6580,96.2300,81.6120,88.7180,788400
88.7180,88.7180,81.2060,85.8760,890100
83.8460,88.1090,77.1460,83.2370,466300
81.2060,83.8460,77.9580,77.9580,738100
81.8150,92.5750,80.5970,84.6580,454500
82.8310,90.1390,82.8310,88.3120,676000
90.1390,95.4180,86.8910,88.9210,272200
90.3420,97.6510,89.3270,97.6510,739400
95.2150,96.3310,90.5450,93.7930,159200
93.9960,102.3200,89.3270,91.5600,242200
90.9510,96.6360,86.0790,92.1690,725100
91.7630,102.4910,91.1540,96.0270,0
92.3720,100.0870,92.3720,95.6210,1736700
95.6210,101.9140,93.3870,101.9140,1518900
104.5530,104.6140,96.6360,96.6360,124300
99.6810,108.0050,96.6360,103.3350,732400
106.3800,106.3800,96.0270,100.8990,260500
100.8990,100.8990,100.8990,100.8990,0
100.8990,100.8990,100.8990,100.8990,0
102.3200,111.6590,99.0720,102.7260,205500
103.9440,106.7860,101.7110,105.5680,141500
106.3800,108.8170,95.8240,101.5080,77900
101.5080,101.5080,101.5080,101.5080,0
100.2900,109.6290,100.2900,108.6140,196000
106.1770,119.9820,106.1770,119.9820,393900
117.7490,121.4040,113.2830,115.3130,204900
113.2830,116.1250,103.1320,103.9440,242900
102.9290,106.7860,99.8840,103.9440,322400
105.3650,110.2380,101.5080,101.7110,148100
101.9140,104.4520,96.6360,101.5080,460400
102.9290,102.9290,94.8080,98.6660,161600
99.8840,100.6960,96.6360,100.0870,323800
101.1020,101.1020,97.0420,97.0420,223000
98.4630,102.1170,91.7630,91.7630,105700
94.1990,100.8990,92.1690,94.4020,267300
93.5900,95.9250,85.8760,85.8760,253700
86.8910,87.7030,85.2670,87.5000,184600
87.5000,92.3720,86.6880,87.5000,250300
87.7030,89.8630,86.4850,86.8910,69900
90.3420,94.4020,88.5150,92.5750,142600
92.7780,93.3870,88.5150,93.3870,390800
91.7630,93.7930,90.9510,91.7630,222300
91.7630,92.5750,73.4920,87.0940,487400
88.7180,90.3420,85.0640,89.9360,229300
90.1390,90.1390,82.2210,82.4240,113000
83.6430,85.6730,82.6280,85.6730,0
86.0790,89.9360,84.8610,87.7030,0
87.7030,92.5750,87.5000,92.5750,0
91.1540,93.3870,89.9360,91.1540,226400
93.7930,93.7930,91.0730,92.9810,235000
92.3720,93.1640,89.4290,90.5450,611100
90.5450,90.5450,85.8760,88.3120,423800
86.0790,88.4740,83.6430,86.2820,156000
87.2970,88.6370,84.8610,88.1090,231900
86.0790,86.8910,84.0490,85.2670,28800
83.6430,85.2670,81.8150,82.6280,438200
84.2520,86.2820,81.4090,84.0490,371400
85.6730,86.6880,82.8310,85.0640,131200
82.8310,86.2820,82.6280,82.8310,109900
83.0340,85.5100,82.2210,82.6280,219300
82.2210,85.2670,76.3340,85.2670,173400
85.2670,86.8910,82.0180,85.0640,159600
85.0640,86.8910,82.0180,85.6730,678700
86.8910,86.8910,81.4090,81.4090,57700
84.4550,84.4550,79.9880,82.0180,79900
82.0180,83.8460,79.3790,81.6120,319300
81.2060,84.4550,79.9880,81.0030,591400
82.0180,83.8460,80.3940,81.2060,217400
83.4400,84.2520,80.3940,83.6430,228200
81.8150,82.8310,80.8000,81.2060,172100
81.2060,84.2520,81.2060,83.6430,157500
84.0490,84.8610,81.4090,84.8610,328500
84.6580,88.3120,83.6430,88.3120,120900
88.3120,108.0050,88.3120,97.2450,409500
98.8690,99.1040,96.4330,97.8540,77500
98.2600,115.2720,95.0110,102.9290,306300
100.8990,102.3200,99.8840,101.5080,545800
102.7260,108.0050,102.4820,103.7410,845100
104.5530,106.9890,97.2450,101.7110,383400
101.5080,104.5530,100.0630,104.5530,184500
104.7560,115.9220,104.4720,113.8920,179000
111.6590,118.5610,109.0200,111.2530,170500
109.4260,109.4260,97.6510,104.7560,246000
102.3200,112.8770,102.3200,109.2230,166800
109.6290,109.6290,99.6810,103.9440,222400
102.7260,109.6290,102.7260,105.9740,118900
106.7860,110.4410,104.7560,110.4410,592700
109.6290,116.9370,109.6290,113.6890,1726900
114.0950,124.8550,113.6890,122.4190,268700
122.6220,126.8850,120.5920,122.8250,209700
125.4640,128.3060,121.8100,125.0580,189300
125.4640,129.1180,122.8250,123.0280,413500
126.6820,143.7350,122.6220,142.7200,220500
142.7200,142.7200,142.7200,142.7200,0
142.7200,142.7200,142.7200,142.7200,0
139.8780,156.3220,139.8780,153.2770,272600
154.2920,158.7750,148.8110,151.6530,901300
154.2920,158.1490,149.8260,155.9160,551800
158.1490,158.1490,153.4800,154.2920,541500
155.9160,155.9160,140.6900,141.2990,276900
139.8780,142.3140,128.1030,136.8330,331900
134.6000,139.0660,132.3660,137.2390,168000
132.5690,145.1560,132.5690,138.0510,199400
140.6900,144.1410,138.0510,140.4870,682600
138.4570,142.1110,138.0510,139.6750,268600
139.6750,140.0810,131.5540,138.8630,196800
136.4270,138.0510,131.4530,135.4120,145600
133.7880,138.8630,132.5690,137.8480,266600
133.1780,138.0510,133.1780,135.2090,162600
135.2090,135.2090,135.2090,135.2090,0
139.6750,139.8780,132.3660,136.4270,1254600
134.8030,138.4570,132.6510,136.8330,380800
134.6000,138.8630,133.9910,135.0060,516700
138.4570,138.8630,135.0060,135.8180,214700
139.4720,142.1110,136.0210,137.6450,515000
138.2540,150.2320,132.5690,149.2170,548900
145.5620,150.0290,131.5540,142.9230,38089600
147.7960,147.7960,136.4270,140.2840,639200
142.7200,143.9380,137.8480,137.8480,215500
138.2540,140.1620,135.4120,138.6600,252100
142.9230,153.6830,139.0660,153.6830,928300
152.4650,155.9160,148.8510,155.5100,441600
153.0740,153.0740,144.3440,149.2170,174500
145.7650,153.0740,145.7650,151.0440,353200
151.0440,151.0440,151.0440,151.0440,0
151.8560,152.0590,144.1410,149.8260,232000
147.3900,153.0740,146.1720,147.1870,258500
148.4050,151.2470,144.5470,148.8110,300600
149.8260,158.9620,149.8260,155.7130,711600
155.9160,177.0300,155.9160,167.2850,1039400
169.5180,174.5940,165.4580,170.3300,605500
169.7210,169.7210,159.7740,166.4730,576000
166.4730,170.9390,156.7280,160.9920,482400
166.2700,166.2700,157.1340,158.3520,687100
157.1340,165.0520,148.2020,157.5400,389600
155.3070,160.3830,151.0440,155.9160,423900
153.4800,159.9770,150.2320,155.1040,440700
155.3070,159.4570,148.8110,154.6980,333200
154.4950,155.7130,147.9990,155.7130,411500
152.0590,156.1190,151.0440,151.4500,381300
151.4500,159.9770,148.6080,159.9770,644200
159.1650,159.9770,151.4500,152.4650,744500
151.8560,158.5560,151.0440,154.2920,442600
155.1040,159.9770,146.7810,150.0290,851800
150.8410,154.0890,144.1090,146.5780,557700
146.3750,154.0890,136.8410,152.6680,688600
152.8710,155.1040,148.4050,148.4050,185900
150.6380,155.1040,145.7650,155.1040,315500
155.3070,158.9620,155.3070,155.9160,179400
154.2920,161.3980,151.0440,159.1650,166400
158.9620,163.8340,154.2920,158.3520,369500
157.5400,162.6160,156.7280,157.9460,271200
156.7280,158.3520,154.2920,155.3070,1070300
155.3070,155.7130,151.2470,154.9010,58000
148.6080,150.2320,141.7050,142.5170,162300
144.7500,149.6230,137.6450,138.0510,326200
137.8480,145.5620,136.4270,139.8780,285800
140.8930,142.9230,138.0510,141.7050,265400
142.7200,143.7350,137.4420,138.0510,174800
137.0360,138.7490,132.5690,137.4420,347300
138.0510,144.9530,134.6730,140.4870,275500
140.6900,153.4800,139.8780,153.2770,278900
153.8860,157.3370,149.4850,153.4800,455300
154.2920,154.2920,150.8410,150.8410,686300
152.2620,155.3070,151.2470,154.2920,233700
151.8560,154.2920,151.8560,153.4800,330500
152.6680,155.9160,152.6680,154.2920,601500
153.0740,158.1490,153.0740,156.3220,285800
156.3220,159.2460,154.0890,158.7590,93400
159.9770,159.9770,155.3070,158.3520,116100
159.5710,159.5710,154.4950,157.7430,128700
154.6980,156.1190,154.2920,155.3070,142600
158.1490,161.6010,157.1340,161.3980,330700
159.3680,162.1690,158.5560,162.0070,97500
159.9770,165.6610,157.2970,163.2250,325300
160.7890,171.0210,160.7890,171.0210,383500
170.5330,172.4820,165.7420,169.8030,354800
171.3460,171.3460,165.1740,169.7210,231000
170.0460,172.1580,164.8490,170.4520,263300
170.5330,171.6700,166.7170,168.9090,116000
171.3460,172.1840,161.3640,163.3870,159000
160.1390,166.3920,159.9770,165.2550,188800
166.8790,172.1580,166.4730,169.0720,324200
170.4520,173.2940,168.8180,170.1270,413600
168.0970,170.6960,156.8100,159.0020,27600
164.8490,168.8280,159.3400,168.0970,232600
167.1230,170.5330,164.2810,169.6400,180200
170.6150,170.6960,168.0970,169.8030,176900
170.5330,170.5330,166.4730,169.7210,266000
169.7210,171.0210,168.6660,170.5330,206000
169.2340,170.5330,165.0240,169.7210,221000
168.1780,170.7770,166.3110,168.9090,169100
168.9090,169.7340,164.1990,165.9860,151400
165.5800,170.5330,165.4170,167.5290,216700
167.5290,167.5290,167.5290,167.5290,0
165.0110,166.7430,154.2920,154.2920,260800
158.1900,159.4890,151.9370,154.4550,374600
156.9720,159.4080,153.4800,159.1650,621000
160.8700,162.4130,156.3220,162.3320,391000
161.9260,164.8490,158.1090,164.4430,377600
164.1180,171.7520,160.8750,169.7210,2356300
170.2900,170.5330,166.0670,169.3970,288400
169.4780,171.4270,168.1780,169.7210,785800
169.1530,173.7820,165.3360,170.9390,1101600
170.5330,172.4820,164.0370,170.5330,446900
170.5330,173.7820,167.3180,171.5080,562500
172.1580,176.7050,171.8330,173.7000,345400
173.7000,178.3290,172.1580,176.6240,1766900
172.7260,186.7750,172.7260,186.7750,2251300
185.8810,188.0740,179.6740,182.9580,711600
180.4410,187.1000,180.4410,184.7450,423100
180.2780,185.9630,180.2780,183.5260,177600
181.9840,188.3990,177.3550,182.4710,533100
184.5010,186.3690,178.0040,180.5220,303900
184.6630,184.6630,175.4060,181.0900,762200
181.0900,185.1450,175.9620,182.7140,155100
181.3340,186.2060,179.9530,183.1200,191400
182.0650,182.1560,178.6540,179.0600,102900
178.6540,179.5070,173.2780,177.1110,186300
176.9490,182.2270,176.2990,178.3290,105800
177.0300,184.3140,177.0300,183.5260,270600
184.3390,189.6980,183.7700,187.3430,559100
189.6980,195.4640,188.7680,192.4590,510100
193.1090,193.2710,187.8300,192.2970,396500
193.1900,193.1900,186.8280,191.6470,465500
189.6980,191.1600,187.1810,190.5910,174100
192.2160,201.0670,190.9970,198.9560,941500
198.4680,205.2900,198.4680,203.4220,1175200
202.6910,236.6350,201.3350,225.4290,1513200
229.0020,231.4380,210.8220,216.7400,810500
215.1970,221.4500,204.6400,213.8160,10704500
214.3850,214.8530,206.1020,212.1920,279500
211.4610,211.6300,204.7210,209.0250,125400
211.1370,211.1370,205.6150,206.5890,394200
212.2740,221.2870,205.1270,205.1270,378100
208.6190,209.1060,203.0160,207.8070,177000
207.5640,209.4310,199.3290,201.7170,646900
201.7980,204.2340,196.1130,202.9350,581200
202.9350,202.9350,195.9920,199.1180,136600
197.2500,202.7720,195.3990,198.8740,136800
194.8950,197.8190,187.8300,194.9770,223400
198.1440,206.1830,198.1440,202.6100,461900
198.9560,212.1110,198.7120,211.0550,4707300
212.0300,218.4450,204.8030,212.7610,572900
216.4150,219.1760,210.3250,218.8510,355900
219.2570,224.3730,215.1970,218.1200,268500
218.4450,218.6890,214.5470,216.5770,95000
213.5730,216.3140,212.1920,215.1970,244000
216.1710,227.3780,214.2160,223.0740,308300
223.0740,227.9460,219.2570,227.2970,420700
228.4340,228.4340,221.6120,225.9160,326400
229.9770,234.1990,223.9350,231.4380,660600
231.2760,231.3650,219.5010,221.0440,139000
227.3780,227.3780,215.6840,216.4150,141000
222.2620,225.0230,216.8210,223.2360,88000
224.5360,225.4290,217.8770,217.8770,267300
221.7750,224.6980,218.7700,220.1510,256800
217.8770,217.8770,205.4520,205.4520,447200
207.7260,217.5520,202.3660,217.5520,295800
219.8260,225.1040,211.2060,221.2060,426600
215.1970,230.6260,204.4700,210.8930,492500
209.5130,218.2020,207.0760,214.3850,193900
218.4450,220.5160,209.6750,212.5980,218500
214.8720,221.9370,209.5940,217.6330,154200
215.1970,217.5520,209.2690,211.1370,243400
208.6190,218.8790,207.8880,213.9790,213900
217.1460,217.1460,213.6540,215.1970,209000
216.5770,217.6330,210.5040,215.9280,367900
218.4450,219.2570,211.5260,217.6330,235500
216.0090,219.2570,215.7650,218.0390,262500
216.3340,223.3180,213.8980,223.3180,249300
216.9020,231.2760,216.9020,231.2760,428600
232.0880,235.4990,228.5960,233.2250,195400
235.4170,235.4170,222.8300,231.4380,444600
233.0620,237.9350,227.7030,236.4730,312400
235.4990,242.8880,232.6560,241.9950,336000
239.6400,243.1320,238.1780,241.7510,139200
243.2130,243.2130,238.8280,241.9140,22300
241.9140,241.9140,241.9140,241.9140,0
239.3150,243.6190,232.6200,241.9950,138400
239.5590,242.5640,235.0110,241.1830,205900
236.8790,241.9950,236.7980,241.0210,45700
241.1830,251.3660,234.1180,247.3550,875800
250.9280,250.9280,242.8880,243.4570,374200
246.5430,250.8380,245.0810,249.2220,1158000
246.2180,252.4710,246.2180,247.9230,1654400
248.6540,251.2530,245.4060,249.5470,1121200
251.7400,251.7400,246.8670,247.6800,798200
245.8930,248.0040,235.7420,243.2940,694100
247.6800,247.6800,240.3710,241.3450,452900
240.0460,244.3260,239.5590,239.5590,725400
241.5890,241.5890,238.0970,239.3960,376000
238.6660,241.1830,232.2540,241.1830,634100
239.1530,240.6960,234.7680,237.7720,619900
238.5840,239.0720,225.0410,227.3780,849400
228.5150,229.0020,219.7450,219.7450,1691500
219.2570,226.8660,217.6330,225.0230,2690900
225.7540,226.4360,219.9070,222.2620,923700
222.6680,225.1040,219.0950,224.5360,441400
224.8610,224.8610,218.0390,219.7450,809300
220.3130,222.8300,215.1970,215.6030,514300
218.7700,220.4750,215.2780,215.2780,361500
215.1970,226.8910,212.1270,216.9840,470600
216.1710,225.4290,216.0090,222.5060,684700
221.0440,225.1850,219.0140,220.8810,1089300
214.6290,214.6290,214.6290,214.6290,745200
210.8120,212.0300,202.6100,206.9950,2860000
206.7520,210.4380,194.4890,200.8230,818100
201.5540,207.4010,197.4130,203.7470,1230500
204.6400,207.4820,201.9600,203.8280,719700
203.0970,209.0250,202.6910,206.2640,561100
212.2740,212.2740,199.1180,203.8280,494200
203.0160,206.9950,197.3400,202.2040,64400
202.8540,205.4520,199.6870,204.8030,609800
207.4820,214.5470,207.1580,214.5470,220600
212.8420,217.4710,208.3760,217.4710,365000
214.3040,217.3900,212.1110,216.9840,158700
217.4710,219.1760,214.0600,217.9580,187400
217.7140,221.6120,215.3590,217.1460,149600
216.0090,222.8300,211.1370,212.1110,439300
209.1060,211.2180,200.6610,202.8540,562700
205.5330,206.5890,203.0160,203.0970,168700
206.7520,208.7820,202.2040,206.5890,290200
205.9390,210.4870,205.2090,210.4870,874200
211.1370,216.3340,210.4870,214.0600,239300
215.1970,221.5310,215.1970,218.4450,456700
203.0160,203.0160,203.0160,203.0160,259000
219.2570,219.2570,216.1710,216.9020,381300
216.3340,221.6930,215.5220,220.0690,1605400
219.7450,226.4030,219.7450,226.4030,128800
233.3060,236.4730,226.4030,233.3060,623200
231.4380,243.7820,224.6370,240.8580,482400
241.1830,241.1830,232.5750,235.4990,329100
235.4990,241.3380,234.1990,235.4990,399700
235.4990,235.4990,226.9720,226.9720,587600
223.3180,224.8520,208.7000,214.3850,2484100
216.0090,218.8510,210.3980,213.5730,806700
213.0040,214.3850,207.8880,208.7000,2596400
213.4100,217.2270,204.3150,213.5730,1368700
215.1970,215.1970,211.2990,211.7050,191000
210.8930,216.5770,209.5130,211.2180,627300
209.5130,217.7140,209.5130,217.3080,441500
214.9530,217.7140,214.0600,215.1970,609200
215.1970,216.1710,212.1920,212.4360,272600
214.8720,217.3900,210.2430,215.0350,702700
215.5220,218.1200,213.1670,214.6290,534700
214.6290,214.6290,214.6290,214.6290,0
214.6290,214.6290,214.6290,214.6290,0
217.7960,220.8000,214.7100,217.6330,646500
230.6260,234.9300,222.5060,227.3780,1838200
223.6420,225.9970,204.4780,223.3180,1357900
223.5610,227.2160,214.6290,217.6330,660800
217.7960,222.5060,217.4710,219.4200,147400
214.4660,219.9070,212.3550,214.3850,632400
213.3290,216.6590,208.1320,214.4660,436200
216.7400,222.5870,212.6800,222.0180,372100
222.1000,223.3180,213.9220,214.7100,485500
215.1970,216.0090,211.9490,212.5980,164000
214.7100,216.0900,210.3250,213.5730,390500
213.5730,217.0440,210.6490,211.7860,538800
212.9230,215.1970,210.0810,211.4610,403100
212.7610,217.6330,209.3500,217.6330,700300
217.1460,220.8000,209.3500,212.7610,756100
213.8160,213.8160,204.3150,204.6400,680100
204.8840,208.7820,198.3060,200.1740,504000
202.6910,203.5840,197.2500,202.4480,216700
203.1780,206.2640,194.8950,203.0160,689200
203.0160,203.0160,203.0160,203.0160,0
214.6290,214.6290,214.6290,214.6290,919000
190.7540,192.3780,180.4410,186.2060,2079500
185.0690,193.7260,180.2780,189.6980,1209000
186.7750,193.2710,176.2990,182.3900,1672600
188.0740,196.1950,186.9370,191.4030,893100
191.4850,191.4850,185.4750,186.3690,1013900
187.4240,196.8440,185.8810,193.2710,1091200
195.4640,200.0110,190.5910,192.3780,1488100
190.5100,192.7030,185.8000,190.8350,453100
189.2110,190.9160,185.1510,190.9160,387400
191.9720,194.7330,188.2360,192.2970,335900
188.2360,190.8350,181.9020,186.7750,1522200
187.9120,190.0230,175.0000,176.2180,2801700
173.9440,177.6800,168.0970,170.6150,826900
171.5890,176.1370,170.5330,172.8070,188400
170.0460,170.6960,163.9230,166.3920,313400
167.5290,184.0140,167.1230,184.0140,519000
178.0860,188.6420,178.0860,188.6420,580300
186.7750,195.7890,185.5570,185.5570,452100
185.5570,185.5570,185.5570,185.5570,0
187.8300,192.2160,176.2990,183.6080,254300
185.3130,185.3130,176.1370,179.4660,274900
183.8510,190.6730,183.2180,183.5260,911400
185.8810,192.9460,182.2270,189.5360,1747900
188.8050,188.8050,182.2270,184.0950,454200
183.8510,185.5570,176.8680,179.3040,175200
179.5470,186.6940,179.5470,186.1250,307700
187.5060,189.8440,185.2320,188.3990,349300
189.2110,196.5190,189.2110,194.8950,362200
194.8950,204.2340,194.8950,203.5840,980600
199.5240,203.8280,197.3320,200.0110,513100
200.0110,203.2600,198.0620,200.3360,117700
197.9000,201.0670,196.6010,198.9560,104600
198.2250,200.8230,191.4850,194.6520,797700
197.4130,201.4730,190.5630,200.4170,114200
195.3830,201.8790,193.5470,201.8790,148100
196.5190,202.2200,196.5190,201.1480,230300
198.9560,200.9050,186.8560,190.8350,319400
187.3430,195.3830,186.8560,195.0580,504500
191.8910,198.1440,191.8910,195.3010,412000
177.0300,188.5610,177.0300,183.7700,508600
188.3990,190.0230,180.5220,190.0230,622100
189.9420,192.2160,181.2530,183.8510,502900
179.7910,184.8260,179.7910,181.5780,187000
183.4450,187.1000,181.9840,186.7750,161300
185.6380,190.9160,184.3390,190.8350,191300
190.3480,192.5400,186.5310,190.8350,451500
190.8350,192.4590,186.2060,188.3990,313800
190.7540,190.7540,184.5010,186.0440,254700
188.3180,189.2110,184.4200,188.3990,322800
190.0230,193.2710,185.8000,188.3990,496100
190.2670,190.2670,184.3260,185.8810,167600
188.1550,188.8860,183.6890,186.7750,526900
188.9670,189.6170,183.5260,184.8260,87900
186.6940,187.5060,180.0350,183.5260,180700
186.7750,186.7750,181.8210,183.4450,483800
186.7750,186.7750,179.1410,181.0900,553000
182.7140,186.2060,180.6320,181.9020,301900
173.2940,185.6380,173.2940,181.5780,870600
182.7140,184.0950,178.6540,182.7140,941400
186.2870,192.9460,182.7960,186.8560,930500
191.4850,207.5880,190.0230,197.5750,859400
200.4170,206.4270,199.5240,205.9390,449900
203.3410,205.2670,191.8910,195.2200,820600
201.6350,209.5130,199.7680,207.9700,406700
205.4520,208.7820,202.6910,203.0160,115100
182.7140,186.8560,177.1110,184.5820,1309000
184.7450,186.6120,180.1970,184.5820,401300
183.3640,185.9630,180.7650,183.4450,240000
186.6940,186.7750,181.9020,184.3390,469900
184.7450,184.7450,180.9280,183.3640,134400
180.5220,183.8510,179.1640,179.8720,287500
177.1110,183.5260,177.1110,178.7350,159100
177.9230,181.1710,175.6490,178.8160,320500
177.4360,180.8470,176.3800,177.4360,319900
179.8720,180.2780,176.0550,179.4660,353000
180.2780,180.2780,176.4620,176.7050,228600
180.5220,180.6030,175.4060,179.2230,824200
175.0000,181.5780,175.0000,179.7100,164000
178.0860,180.2780,177.7610,180.2780,1007000
177.2740,183.2020,177.2740,181.0900,464600
177.3550,178.6540,171.0210,174.5940,223400
177.5170,180.3590,174.6750,175.8930,343800
181.2530,182.7140,176.7050,178.6540,381100
178.6540,178.6540,178.6540,178.6540,0
178.7350,181.8210,174.6750,179.3040,225400
181.4960,192.7030,181.4150,188.3180,560200
190.0230,193.7580,188.8050,193.2710,210000
195.5450,196.4380,181.3320,194.2460,369300
196.5190,205.4520,191.2410,191.2410,416000
188.2360,191.9720,182.7610,187.6680,311000
187.6680,194.5710,187.6680,193.7580,485700
194.7330,198.8740,189.9820,191.6470,522100
191.2410,199.9300,190.3480,199.4430,259000
201.9600,202.4480,193.6770,196.5190,453100
194.8950,204.5590,194.8950,198.6310,827700
196.6820,203.0160,196.6820,202.9350,300400
201.2290,203.8120,198.9560,202.4480,245700
204.6400,204.8030,198.5300,198.5500,695100
200.5800,203.4150,190.7540,200.5800,297900
198.5500,204.3150,194.1650,197.0070,563900
198.2250,200.9860,193.7580,198.1440,366800
201.2290,204.3970,198.3060,204.3970,1164900
202.6100,210.8930,202.6100,209.9190,245900
210.9740,212.6800,202.1230,203.4220,280400
200.4170,208.2130,198.9560,203.0970,299800
203.0160,206.0680,198.1440,205.0460,189600
201.8790,210.1260,201.8790,207.6450,244400
208.6190,220.0690,208.6190,214.0600,296200
213.3290,216.8210,211.2240,213.8160,441100
212.5170,220.6380,212.5170,216.8210,638300
215.8470,226.4710,215.8470,222.2620,481500
220.9630,224.4540,218.5260,221.2870,474300
219.2570,224.6170,219.2570,222.5060,351000
221.0440,229.3270,221.0440,226.0790,490300
225.5100,226.8090,218.7700,221.6930,1272000
224.1300,229.9770,219.1760,221.8560,745600
223.3990,225.2670,216.4150,219.1760,627400
222.1810,222.1810,182.5490,186.7750,1731200
189.2110,194.9770,185.1510,193.1900,1137600
193.9210,193.9210,186.7750,190.8350,483600
187.3430,190.0230,182.7140,186.7750,521200
188.8860,188.8860,183.1200,183.4450,298600
185.8810,188.3180,182.6170,184.5820,347100
187.1000,187.1000,180.8470,180.8470,387200
183.9330,183.9330,175.0810,177.8420,597500
178.7350,179.8720,175.8930,177.8420,1066400
180.1160,180.1160,175.1620,177.5170,516900
177.8420,177.8420,176.1370,177.4360,263600
178.6540,178.6540,174.6750,174.6750,335500
175.0000,177.3550,173.9780,175.9740,231600
177.7610,178.4100,170.5330,170.5330,1020600
175.2430,180.6840,171.6700,177.1920,657500
180.4410,180.4700,176.9490,179.8720,516900
180.8470,181.7400,178.1440,179.4660,458300
184.0950,184.0950,178.9790,179.2230,976200
179.4660,179.8210,177.4360,178.9790,1680000
181.0090,187.6400,177.4360,185.6380,2148600
186.5310,189.6980,184.0950,187.5060,387500
188.3990,196.4380,182.7630,195.3010,550700
192.3780,195.7070,188.2360,188.2360,717200
186.4500,190.7540,186.4500,187.0180,779300
187.8300,188.7250,185.9630,187.0180,1544600
188.3990,191.6470,188.1550,190.0230,521000
192.2970,195.9730,190.2670,193.1090,440800
193.8400,196.1490,188.1080,188.8050,669500
191.5660,194.1650,188.1230,192.8650,552800
190.1040,195.7140,188.9830,191.6470,308800
188.8050,191.5660,188.5610,189.2920,256200
206.9950,215.1970,196.5190,197.4130,1601100
196.6820,199.1290,192.7260,193.1090,454300
196.6820,196.6820,191.2410,195.2200,258400
198.7930,200.2550,183.9240,192.0530,910300
191.5660,195.7070,190.7540,193.3520,343800
191.8910,197.2580,191.8630,196.5190,292900
197.3320,199.6870,194.7490,198.5500,652900
198.5500,199.0370,195.6260,198.9560,679500
199.7680,209.1060,199.7680,205.5330,1673500
206.8330,210.5680,204.8140,210.5680,599000
211.1370,216.3340,211.1370,214.5470,396000
215.1970,216.2530,211.6230,215.6840,351500
215.6030,215.6030,211.1370,213.8980,292900
211.7050,211.7050,211.7050,211.7050,303300
211.8680,215.3590,211.1370,213.4920,388700
211.8680,214.1410,210.6490,211.7050,204100
210.8120,214.3040,210.5680,213.5730,85100
212.3550,215.5220,210.5240,215.1970,308400
213.9790,216.4150,213.4790,214.6290,116600
214.0600,214.0600,211.1690,212.1920,72400
212.1920,212.1920,212.1920,212.1920,0
215.0350,219.2570,212.4430,217.7140,174900
217.8770,219.2570,216.5770,219.2570,84400
218.8510,218.8510,216.9020,218.8510,23400
219.2570,226.7120,217.9580,220.6380,442800
222.9120,225.2670,217.2540,223.6420,317800
221.8560,240.2440,221.8560,224.9420,1966500
224.9420,225.7540,218.3640,218.3640,2553800
218.3640,222.1000,216.0090,219.3380,140800
220.6380,228.0280,216.0090,224.2920,1111200
226.6470,229.7330,220.3940,220.3940,313300
220.0690,224.7410,217.5970,223.7240,402500
225.5910,225.7540,219.5820,221.2060,592600
222.9120,232.1690,220.6870,229.0830,1734000
224.6170,233.0190,224.6170,231.4380,700300
230.5450,231.2760,226.4850,229.7330,602200
231.1950,231.1950,225.7540,226.5660,232100
226.8090,226.8090,226.8090,226.8090,512900
227.7030,235.4990,227.7030,234.6050,1014500
234.6870,235.3360,227.0530,229.0830,287200
230.4640,233.9560,229.0020,231.6010,316700
232.0880,233.1440,225.9160,229.8140,224600
232.0070,232.6560,227.2160,228.1900,281300
227.9460,236.3920,225.3480,236.3920,305200
237.1230,242.4010,235.0600,237.9350,547000
239.3960,248.0040,237.4850,244.8370,618000
244.5940,245.0000,241.5890,243.5380,689500
244.0250,247.6800,242.0460,246.0550,165700
247.6800,249.1410,245.4870,248.4920,141900
249.8720,250.6030,244.7560,249.3040,335600
250.2780,251.1710,244.5120,246.0550,213700
246.5430,246.5550,240.9070,242.7260,242400
243.6190,246.0550,242.9700,244.4310,131500
245.6490,251.7400,241.1830,241.5890,255700
240.1680,241.5890,237.9350,238.6660,129300
238.1780,242.5000,238.1780,239.8840,283700
239.9650,245.0970,237.8280,242.1570,347300
242.5640,245.5680,239.5590,240.0460,148500
238.6660,240.3710,236.0670,236.0670,115400
235.4990,244.4310,227.8250,244.4310,246200
241.5890,244.5940,239.1530,242.6450,184100
240.2900,243.7820,240.2900,243.2130,156900
249.0600,255.1510,246.6240,250.0070,197300
247.6800,254.8260,239.7210,251.0090,584000
253.9320,260.8350,249.3040,255.8000,388400
254.5820,257.4240,251.2570,254.2570,159400
253.9320,256.2100,251.3340,253.3640,200100
255.8000,257.9930,252.7270,256.0440,584200
253.0390,257.8680,252.8650,254.6630,99900
256.2060,257.6680,249.2380,253.3640,104300
254.6630,254.6630,247.4360,248.4920,107600
245.9740,246.6240,227.7840,235.0930,438900
231.8440,233.3060,226.6470,229.6520,188700
228.0280,234.3620,227.4590,228.1900,140300
232.8190,233.4680,219.3380,231.7630,352200
231.6010,235.4990,223.8050,223.8050,246000
227.0530,227.0530,214.1410,214.1410,749400
220.4750,241.8330,218.2020,239.4780,455700
242.0760,244.6750,235.2370,242.7260,163300
245.2430,245.2430,228.3520,235.4170,171900
237.7720,237.7720,228.4240,231.9250,116300
238.0160,240.2900,231.5190,233.3870,350900
231.4380,241.0210,231.4380,238.5840,152100
243.6190,243.6190,236.9600,237.6100,116800
235.5800,238.1780,232.0070,235.4990,195000
239.7420,240.6150,231.8130,239.8030,192900
237.9350,238.7470,232.0070,235.4990,274700
238.5840,249.0600,235.9050,248.4100,352500
247.5170,249.9530,242.3900,248.4100,174900
250.1160,254.6630,245.6490,253.5260,224800
254.0950,257.2620,253.3640,256.5310,218100
252.5520,256.5310,252.5520,255.8000,230200
253.1200,259.3220,253.1200,257.9120,432100
256.2870,257.8300,256.1100,257.7490,414500
254.5820,256.2870,253.3640,254.1760,360100
253.8510,255.8000,250.8870,255.0690,231300
251.4150,256.4530,251.4150,253.9320,1609700
243.6190,245.8930,225.7540,243.8630,958800
244.4310,244.6750,237.2040,241.6700,781900
244.1060,249.3850,240.7770,243.6190,413600
247.2730,247.2730,240.8580,245.2430,164300
248.8980,250.6610,245.8120,245.8930,234500
244.4220,244.4220,235.4990,239.5590,545600
242.8070,247.1110,238.9430,243.6190,155800
242.4820,253.9320,242.4820,245.8930,662400
249.1410,249.1410,243.0200,243.6190,404600
241.1830,242.9700,226.1600,233.0620,531300
233.9560,236.4730,225.9160,227.9460,285800
227.0530,229.0020,224.0480,227.9460,219600
225.0230,231.6820,225.0230,228.2710,87800
227.3780,232.6560,227.3780,229.8140,888500
232.2500,233.0620,228.7580,230.8700,1107300
231.7630,231.7630,228.1090,228.6770,455400
228.7580,234.5970,226.7280,227.3780,131800
225.5100,227.3780,222.9930,227.3780,341000
227.4590,229.5700,225.1040,225.3480,326300
228.6770,228.6770,223.3990,225.5100,94600
228.6770,228.6770,223.8860,226.5660,228200
226.5660,228.8400,225.3480,227.3780,267400
227.5400,227.7030,221.7750,226.5660,414700
227.6220,232.7380,227.6220,230.9510,247600
228.8400,230.0580,226.1600,227.3780,58100
228.5150,230.8700,225.4290,229.4890,84500
229.1640,232.0070,227.2970,231.4380,80800
231.4380,236.6350,225.5910,233.2250,221900
234.9300,236.3110,229.4890,231.3570,189200
227.2160,231.0320,227.2160,229.7330,181800
230.0580,231.9250,224.4540,227.3780,210900
227.7030,229.4890,225.6730,227.3780,158500
227.3780,227.9460,226.2410,226.2410,144400
227.5400,227.5400,215.5220,219.2570,511900
220.5570,224.4540,216.5770,219.7450,176500
219.0800,220.4750,215.8470,216.8210,586800
216.3340,218.0390,215.4410,216.5770,158600
219.2570,219.2570,215.6840,216.1710,211300
216.9020,216.9020,211.8680,211.8680,272600
212.9230,212.9230,204.6400,211.1370,633200
209.2690,212.9230,191.3220,211.0550,1133000
204.8840,211.9490,204.8840,208.7000,247300
207.6450,212.1920,206.6700,211.1370,421100
211.1370,212.8420,210.4060,210.5680,231900
210.7310,210.7310,205.3710,205.8580,148200
206.3450,208.6190,202.6910,204.7210,225600
207.8880,223.3180,207.8880,211.6240,721100
211.5430,216.4960,210.9680,216.4960,238600
213.2480,223.4800,213.2480,222.6680,234300
226.0790,230.3010,224.5360,227.9460,363500
228.5150,231.2760,227.7840,231.2760,137700
230.3010,231.3570,227.0530,230.3830,91000
225.9160,230.3010,224.6980,230.3010,110100
230.4640,232.9810,228.5960,229.8140,136600
231.8440,236.7170,226.5660,235.8230,140200
234.8490,235.9580,229.8950,229.8950,119000
229.0020,230.8700,225.0230,229.1640,116800
224.1300,228.5150,221.6120,226.4850,185600
228.0280,229.5700,223.3180,229.5700,126300
225.2670,233.0620,224.6170,228.2710,222500
224.5360,227.8650,219.0950,225.7540,199700
222.5060,228.7860,222.0180,222.6680,153700
223.2360,224.9420,221.8560,221.9370,63700
224.2110,224.8610,219.8260,221.5310,146200
220.8810,223.0740,214.7910,222.1000,129100
222.4240,225.4290,220.6380,225.4290,114000
222.2620,227.6220,222.2620,225.9160,83500
225.2670,232.5750,223.9670,232.5750,395400
230.9510,231.1130,227.2160,228.4340,139200
227.8650,229.0020,224.8610,227.3780,133100
223.4800,228.1900,221.5310,227.4590,201000
228.3520,229.4890,224.6170,225.5100,214300
226.3220,229.8140,221.0440,224.9420,663200
221.6930,228.1900,216.8210,221.3690,374100
221.6120,225.9160,210.0810,223.3180,1214300
213.5730,219.5820,203.5030,216.9840,916400
211.1370,219.2570,192.7030,201.6350,893100
200.4990,203.0160,180.8470,196.9260,1018400
197.3320,205.1270,186.7750,187.5060,727400
196.8440,196.8440,184.9880,188.8050,605100
189.6980,194.9770,187.6680,191.3220,562600
193.6770,197.9000,188.8050,196.9260,593600
196.4380,196.6820,190.1850,196.5190,200800
193.8400,196.4380,192.3420,195.2200,114000
193.8400,194.0020,181.5780,183.7700,488300
181.6590,184.6630,172.6450,181.4150,356200
175.9740,184.5010,175.9740,177.7610,201000
181.7400,258.3180,178.5730,181.4960,919200
181.8210,185.9630,180.3590,185.8000,131200
188.8050,190.5330,183.8510,185.1510,674600
180.9280,183.6080,177.5980,183.2830,221100
185.9630,189.6170,184.8260,184.9880,613400
186.0440,187.7490,185.0120,186.6940,492000
179.5470,182.8770,175.2430,181.9020,753400
178.6540,178.8980,170.6150,174.5130,593400
174.5940,174.5940,165.5800,166.3110,94400
166.7170,169.9650,163.5470,166.3110,148800
173.1320,180.2780,171.5890,172.9700,308400
173.7000,175.1620,170.1270,173.1320,275900
172.9700,177.3550,165.0360,172.4820,676400
167.8540,169.4780,163.7120,166.3110,179800
166.1480,166.7170,160.8700,166.3110,245900
172.5640,174.5940,168.9090,174.2690,360300
174.5940,176.4620,170.6150,176.2180,571800
177.8420,179.0600,173.5380,174.5940,445800
171.1020,174.0250,165.6610,167.0420,341600
165.0930,168.6660,165.0930,166.2300,370200
167.3660,168.3410,163.7120,164.8490,149200
167.2850,172.1580,156.7280,156.8100,285400
157.4590,158.7590,142.5980,148.0390,532600
149.0950,154.2920,143.3290,153.6430,1118700
156.7280,161.0320,149.5820,159.6520,350500
159.9770,162.2500,159.9770,162.2500,441500
162.8190,165.9860,161.7630,163.3870,190800
163.4680,164.2810,158.4340,161.5200,281300
157.8650,157.8650,149.6630,153.8860,130900
151.3690,151.6120,148.6080,149.9070,396400
153.8050,158.1900,150.2320,158.1900,325900
158.7590,167.7720,157.5400,164.8490,431100
165.4170,166.9600,160.7070,166.9600,250500
166.6360,171.3460,166.6360,170.1270,137400
168.6660,171.1020,166.2300,169.3150,121500
168.0160,171.0210,166.5540,170.2900,462900
169.9650,169.9650,164.1180,166.9600,127600
168.5030,168.5030,163.1440,166.1480,134000
168.2600,173.5380,161.5200,164.2810,108000
163.5500,166.4730,162.8190,164.8490,93600
162.8190,167.8540,161.8440,163.6310,151100
162.2500,163.3060,158.1090,159.6520,67400
161.3570,166.1480,160.4510,161.0320,174400
164.2810,164.2810,154.0490,157.5400,328300
157.4590,159.8140,156.4850,158.3520,210800
158.9210,158.9210,154.2110,154.2110,209400
158.3520,165.0930,153.8860,161.6010,199000
161.6820,164.2810,161.6010,162.4130,149400
161.6010,168.6660,160.3010,161.4380,303600
157.7030,157.8650,151.0440,154.6980,249300
157.4590,159.9320,153.8050,158.5960,348600
154.3730,166.1480,154.3730,159.5710,164100
159.8140,168.2600,158.7590,166.0670,322500
163.1440,170.0460,162.4130,167.4480,87900
165.0930,171.1830,165.0930,169.7210,152400
172.9700,176.8680,166.0670,172.5640,455700
168.6660,174.5130,165.9860,170.5330,66400
171.7520,173.4570,166.6360,169.5590,176000
171.8330,175.0000,169.3970,172.9700,124100
173.3760,175.0810,167.2850,170.9390,128800
166.7170,173.1320,166.7170,170.8580,40200
170.6960,173.6190,167.6100,167.6100,229800
164.1180,169.0720,164.0360,168.0970,118000
168.4220,168.4220,163.8750,164.0370,224500
163.8750,165.9050,159.1650,160.8700,339900
159.2460,166.4970,159.6570,159.9770,422700
158.4340,161.1950,157.1340,159.7330,235600
161.4380,165.1210,159.3350,159.9770,233600
160.2200,165.7420,160.1390,163.6310,206700
169.8030,174.9190,162.7380,162.8190,290700
161.9260,173.5380,161.9260,172.8880,730400
174.8370,174.8370,169.3970,169.3970,257700
170.3710,175.0810,169.8030,173.7000,272700
173.6190,174.5130,171.1830,173.8630,195600
171.7520,174.0250,170.5050,170.7770,143900
174.5130,174.5130,167.6100,172.8880,179500
174.5940,174.5940,166.4730,168.5030,92100
171.1830,171.9140,165.8480,169.8840,182700
170.5330,170.5330,164.6050,167.2850,162900
168.9910,172.4010,166.3110,171.7520,459600
171.0210,174.9190,168.2600,170.6960,249500
168.5030,172.7260,168.0160,169.8030,236700
170.0460,170.5070,162.2530,165.1740,187400
160.4640,166.3110,153.9410,155.3480,302400
158.5150,158.5150,153.3990,157.8650,178900
157.8650,161.5680,157.5310,159.5710,122200
159.5710,164.3620,157.6220,163.1440,91800
164.6870,167.1310,164.6870,165.6610,42000
165.6610,165.6610,165.6610,165.6610,0
165.6610,165.6610,165.6610,165.6610,0
165.3360,170.1270,159.1650,161.1950,328100
160.3010,163.5500,159.1650,161.0320,74800
158.8400,163.9560,158.8400,163.9560,17000
163.9560,163.9560,163.9560,163.9560,0
165.4170,175.3250,165.0110,172.1580,312200
172.6450,176.7930,172.0760,174.5940,681500
174.4310,176.1370,171.1020,175.1620,440600
168.9090,185.1510,168.9090,184.7450,381400
185.9630,191.0790,183.3640,185.8810,434900
186.2870,189.6170,184.0140,185.7190,312300
184.4200,189.1300,182.9300,185.2320,138200
184.6630,186.3690,179.9530,185.8000,155700
183.6890,187.2620,182.0650,187.2620,154300
181.0900,190.9970,181.0900,189.6170,174500
190.8350,192.0530,186.2540,190.8350,290500
189.7790,190.7540,187.7490,190.0230,360800
191.8100,200.4170,191.6470,197.4130,1604500
197.8190,202.8540,195.0580,201.6350,237000
204.5590,204.5590,196.2760,197.4940,306900
196.3570,198.6310,187.6420,190.1040,413500
188.7240,190.0230,186.5310,186.9370,478800
187.5870,188.8050,184.6630,186.0440,421400
186.0440,186.0440,180.0440,183.5260,1339000
186.6940,186.8560,180.6220,182.7140,1326400
182.0650,185.7190,182.0650,185.1510,1749800
186.7750,188.6340,182.8360,185.2320,1239800
186.6120,191.4030,185.1510,190.3480,1858900
191.4030,193.6770,188.4910,190.7540,350600
190.9970,191.7690,187.4930,190.8350,171000
190.7540,191.8100,188.5610,189.3730,342400
190.6730,192.1340,188.8050,190.7540,425300
191.5660,194.8950,191.3220,194.8950,442900
188.7240,198.5500,188.7240,196.4380,726300
197.1690,197.7380,195.8700,197.4130,269800
196.1950,200.3360,196.1950,197.6560,391100
198.1440,200.4990,197.6560,198.7930,295800
196.7630,198.4120,195.3010,197.7380,71200
198.2250,202.0420,198.2250,199.2810,106300
199.3620,202.5290,197.7380,201.2290,262300
200.0110,202.9350,200.0110,200.4170,257100
201.6350,203.0970,198.8740,200.5800,932300
201.3920,212.7530,199.8080,205.2090,2231400
205.3710,206.9300,198.2250,204.4780,784600
203.3410,205.4520,201.5920,203.0160,879100
202.2850,204.3970,201.7170,202.6100,557700
201.9600,202.6100,198.1440,199.4430,360700
199.0370,201.3270,198.4680,200.0110,231700
199.6050,200.3360,196.6820,200.1740,235600
200.1740,201.3110,195.4640,198.7930,487800
197.2500,198.3470,186.0440,189.5360,402500
189.3730,192.2160,187.0180,189.6980,247600
189.7790,192.0530,188.3340,191.4030,482200
191.2410,192.4590,190.2670,191.0790,359400
190.0230,192.4590,187.6270,189.2110,222800
189.2920,190.6730,188.5610,189.2110,379000
190.0230,190.0230,188.1550,189.0490,252400
188.8860,189.7790,187.0180,188.1550,1178500
187.8300,191.6470,186.7750,189.6170,1242700
189.6170,190.8350,187.6680,190.2670,509900
188.8050,190.3480,185.0690,185.5570,195600
185.4750,188.6420,183.2830,183.9330,258600
183.7700,185.6380,179.0600,180.7650,899500
181.7400,182.8770,179.8720,181.9020,400100
178.6540,184.3390,178.6540,182.7140,1521900
184.9880,185.6380,179.3850,179.3850,342000
179.5470,179.5470,173.6920,174.1070,226700
174.4310,178.7350,173.0510,176.2180,530500
176.2990,179.4660,174.5940,174.5940,300200
175.8930,184.5820,174.7240,182.3080,670900
182.2270,192.0530,182.2270,190.0230,766200
189.7790,190.0230,182.7140,184.2570,466300
183.9330,185.7190,180.7850,184.8260,174800
184.8260,184.8260,184.8260,184.8260,0
184.8260,184.8260,184.8260,184.8260,0
183.5260,184.1760,180.6030,183.1200,626900
182.7140,183.5260,180.9280,181.4960,191800
182.2270,192.0530,181.4960,191.2410,613900
190.3480,197.8190,189.8610,194.8950,755700
194.8950,196.1130,191.6470,195.7070,387000
194.8950,196.7630,193.5150,194.9770,623300
194.8950,200.5800,194.8950,200.5800,340200
200.3360,203.0970,197.4940,197.4940,476500
196.8440,202.1230,196.8440,201.7170,369900
199.3620,205.1270,195.8700,204.3970,752200
204.3150,211.4610,204.3150,211.1370,579100
211.1370,214.0600,208.7000,208.7000,743000
209.1060,211.0550,207.5640,207.9700,201200
203.0160,210.1620,200.7990,207.3200,6609000
205.7770,212.0300,199.8920,201.8790,1424800
205.0000,205.1180,197.6960,202.8000,691000
205.0000,214.0000,203.6000,207.7000,1794400
207.1000,211.5700,206.9000,208.0000,1188400
208.7000,208.7000,192.2000,192.6000,1636100
192.6000,192.6000,192.6000,192.6000,0
193.0000,193.5440,176.8000,180.1000,3072400
180.1000,183.8000,173.1000,177.2000,1550400
177.7000,178.0000,172.9000,173.0000,2033500
172.4000,174.9300,171.0000,171.9000,1219100
170.0000,175.1000,169.0000,173.3000,1307200
173.0000,175.8000,168.2000,168.2000,1202800
166.3000,167.7000,161.0000,162.1000,1438600
166.0000,169.9000,162.4240,162.6000,2662400
161.9000,162.1000,155.7000,159.5000,800900
159.2000,165.1000,159.2000,165.0000,1385800
165.3000,169.7000,165.3000,169.7000,694700
168.7000,171.1000,160.2000,161.6000,939200
163.8000,166.0000,161.2000,161.6000,746200
161.2000,163.3000,155.6000,157.5000,661400
163.9000,163.9000,160.0000,161.2000,490200
162.7000,164.1000,160.5000,163.2000,913700
162.7000,165.5000,161.4000,162.7000,602100
164.3000,164.9000,162.0000,163.9000,850000
163.5000,164.8000,157.0000,159.0000,930900
159.0000,159.0000,159.0000,159.0000,0
159.0000,159.0000,159.0000,159.0000,0
160.6000,162.7000,159.7000,162.1000,483600
163.7000,171.7000,162.0000,171.7000,542400
171.2000,172.7000,166.3000,171.8000,383100
175.6000,180.0000,170.6000,170.6000,398200
171.6000,171.6000,167.9000,168.8000,489600
168.5000,171.8000,167.6000,168.4000,298300
168.8000,173.9000,167.4000,170.9000,306700
169.6000,177.9000,168.9080,176.4000,863800
177.7000,187.0000,177.7000,180.9000,520200
181.9000,185.5000,181.7000,183.0000,234600
184.4000,186.4000,182.0000,183.7000,246700
183.0000,186.0000,181.4000,182.0000,479100
180.3000,182.5000,177.0000,177.1000,174600
177.7000,179.2000,170.0000,170.0000,347200
167.0000,171.0000,162.6000,163.5000,494500
163.6000,165.5000,162.5000,164.0000,328900
164.1000,164.8000,161.7000,162.2000,261200
166.0000,171.3000,164.7500,170.7000,1222800
171.6000,172.1000,169.0660,171.6000,875200
172.0000,172.0000,165.0000,167.6000,2074800
168.9000,169.9700,166.0400,166.9000,231700
168.6000,174.7000,166.9000,170.7000,184500
171.8000,171.8000,166.2000,171.4000,259300
175.1000,175.9000,168.3000,169.5000,478500
177.5000,177.5000,169.6000,169.6000,282600
171.0000,179.8000,164.5570,179.8000,489400
180.0000,186.3000,176.7000,177.5000,355200
177.0000,180.6000,176.6300,179.1000,222200
179.5000,193.0000,178.0000,188.6000,426300
190.2000,200.7000,189.0000,195.4000,348900
195.4000,199.4500,193.4000,195.4000,193000
195.4000,197.7000,193.5000,196.5000,905500
196.9000,202.1000,191.9000,194.3000,302200
194.1000,196.4000,187.7900,192.8000,192800
194.1000,199.3000,190.7000,192.5000,167800
192.7000,194.8000,191.2000,194.2000,292500
195.0000,195.0000,192.6000,193.5000,163600
195.0000,195.0000,191.8000,192.1000,97100
193.3000,194.0000,190.4000,190.6000,148200
192.9000,192.9000,187.9000,187.9000,51700
188.8000,191.8000,187.0000,189.0000,514300
188.2000,191.1000,183.6000,188.6000,253600
193.0000,193.0000,187.0000,189.4000,102900
188.7000,193.0000,188.7000,190.0000,144800
190.0000,191.6000,188.2080,190.8000,171700
192.1000,192.1000,188.3000,190.7000,1648200
191.5000,197.2060,191.1000,197.1000,548800
194.8000,197.3000,189.7890,195.6000,1323500
191.5000,198.7000,187.1000,197.0000,196100
198.8000,201.7500,198.2000,201.6000,145300
197.0000,213.8000,195.0000,212.9000,4239100
212.5000,212.5000,208.0000,211.4000,347300
212.0000,214.2000,210.9000,212.5000,347200
213.3000,213.3000,205.7910,208.9000,395400
210.3000,210.3000,202.4300,203.5000,500600
203.2000,207.0000,199.8400,204.0000,258200
204.3000,206.1000,203.0000,203.7000,180400
208.6000,208.6000,193.6000,194.6000,534400
194.6000,194.6000,194.6000,194.6000,0
200.2000,201.7770,191.3000,196.3000,534800
197.4000,198.0000,194.9000,198.0000,258800
198.7000,198.7000,191.3000,195.6000,425400
195.6000,198.0000,194.8000,196.0000,245400
195.7000,198.0000,195.0000,196.0000,220700
197.7000,197.7000,191.1000,191.2000,240900
193.1000,195.8000,189.4000,193.9000,337700
193.4000,200.0000,192.8000,195.6000,100800
197.0000,201.7000,191.3000,201.3000,151800
199.0000,201.3000,197.6000,198.9000,68900
194.8000,198.7000,194.8000,195.8000,103300
198.3000,198.3000,190.6000,194.6000,152800
193.8000,198.1000,186.5000,187.8000,404700
192.7000,200.3100,190.2740,200.0000,384700
195.2000,201.2000,195.2000,199.8000,287600
200.2000,200.2000,195.8000,197.4000,175600
198.8000,199.3000,196.5000,198.0000,172800
200.0000,200.0000,195.6000,198.0000,406900
199.5000,200.0000,195.3000,199.2000,475900
193.1000,198.8000,193.1000,198.1000,64900
197.8000,209.1260,197.8000,203.0000,784800
200.3000,202.5000,199.9000,201.9000,175300
200.3000,206.2000,200.3000,205.0000,217600
205.0000,208.5000,199.8000,200.0000,228100
200.0000,205.3000,200.0000,202.8000,154900
205.0000,205.0000,200.6000,204.6000,348700
202.3000,204.9000,201.2000,202.0000,934300
204.4000,204.5000,201.0000,201.0000,5698700
200.0000,207.3000,200.0000,207.3000,3433000
207.9000,207.9000,202.0000,203.8000,162400
204.0000,204.7000,200.0000,200.7000,184000
201.9000,201.9000,198.0000,199.0000,125200
200.3000,202.1000,195.5920,200.7000,138500
201.5000,206.0000,200.5000,201.5000,592600
200.6000,204.2000,197.5280,201.6000,100900
204.0000,204.9000,194.0000,200.6000,1064700
201.7000,204.9000,198.6000,202.2000,135600
201.8000,209.2000,201.8000,205.5000,3263200
205.0000,206.9000,204.0000,204.5000,230500
206.2000,208.0000,204.3000,207.4000,177100
208.1000,209.9000,201.9000,202.9000,1751200
195.0000,198.0000,180.1000,182.5000,1824500
189.0000,194.8600,187.0000,192.3000,1114000
192.0000,192.8000,190.7000,192.8000,95200
192.0000,194.4000,191.0000,192.5000,135000
192.4000,192.9000,190.9000,192.9000,158100
192.0000,195.0000,191.8000,192.5000,487400
192.1000,194.9000,192.0000,194.4000,224700
194.1000,196.9000,190.7000,194.0000,575500
193.1000,194.6000,188.3000,193.0000,384400
193.0000,197.2000,192.6000,193.8000,339500
194.3000,200.0000,194.0000,197.9000,754900
197.3000,198.8600,195.6000,197.0000,410100
197.0000,197.5000,193.5000,194.9000,111300
195.0000,196.4000,191.5210,192.0000,177100
191.5000,191.5000,180.0000,187.5000,498000
188.6000,189.0000,183.1000,183.1000,213800
183.9000,185.7000,178.7000,180.7000,236100
183.0000,184.4000,172.8550,179.8000,254500
183.1000,183.2000,176.8480,181.4000,221100
180.4000,184.7000,180.3000,180.9000,210100
182.3000,186.5000,178.1520,181.3000,201100
180.1000,185.0780,180.1000,182.7000,116200
184.9000,186.4000,180.5840,183.2000,122400
185.0000,185.0000,178.8300,180.9000,139000
180.3000,184.0000,180.3000,180.3000,82400
180.0000,182.1000,180.0000,180.5000,201600
180.1000,188.1000,179.4000,180.0000,172600
181.2000,183.0000,175.4300,182.0000,333300
180.0000,182.3000,176.0600,177.9000,253400
177.8000,180.4680,177.8000,180.1000,89700
181.0000,181.8000,178.0000,178.0000,140300
179.0000,180.4000,177.1000,177.4000,440700
177.0000,177.7000,171.2540,172.3000,1376100
170.1000,175.6000,170.1000,173.3000,113300
174.3000,177.5000,169.6000,172.3000,237000
173.2000,175.4000,171.7460,173.4000,126200
176.9000,176.9000,169.6910,172.4000,121600
173.5000,173.9000,166.5000,170.0000,205400
170.8000,170.8000,165.0000,168.8000,157900
172.3000,172.3000,165.6000,167.1000,179100
168.2000,176.9950,168.0000,173.5000,319100
174.5000,177.8600,171.0000,177.7000,291900
177.4000,186.9000,176.2000,183.3000,359400
178.8000,184.9200,178.8000,180.4000,25900
180.4000,180.4000,180.4000,180.4000,0
180.4000,180.4000,180.4000,180.4000,0
175.0000,182.5000,174.5920,180.9000,91600
180.9000,197.9000,180.6280,190.8000,193400
190.0000,193.5520,188.9900,190.0000,29100
190.0000,190.0000,190.0000,190.0000,0
188.0000,195.5000,188.0000,193.0000,361600
192.0000,195.8840,190.1000,193.0000,283300
193.0000,193.1000,188.4110,192.0000,211500
193.0000,198.0000,191.9000,195.0000,269700
198.8000,200.5010,195.3000,196.3000,319100
200.0000,200.0000,195.1000,199.5000,306800
198.8000,198.8000,195.0000,197.0000,274800
197.0000,198.6000,193.3420,195.1000,236600
196.9000,196.9000,188.4470,193.7000,356200
193.5000,196.0000,191.5000,194.0000,237400
195.0000,196.0000,192.2000,195.0000,249400
195.3000,196.3540,193.1000,195.0000,3073800
195.4000,195.5000,193.2240,195.0000,727900
192.1000,197.4000,192.1000,197.1000,155500
195.4000,196.6000,192.9000,193.5000,135200
192.4000,193.3840,192.0000,192.3000,78900
193.0000,193.0000,190.9000,191.3000,198900
190.8000,191.5680,189.2000,190.6000,129900
191.0000,191.8550,189.7000,190.0000,140700
191.0000,191.0000,185.0000,186.8000,113100
188.5000,188.5000,182.5000,183.5000,102900
179.3000,184.6000,179.3000,183.1000,152300
184.7000,187.8000,184.0000,186.0000,163300
195.1000,213.9400,195.0000,208.0000,1625000
208.0000,209.3410,203.2000,203.9000,1437700
203.6000,208.6360,203.6000,206.9000,302300
208.1000,208.3000,198.6180,200.3000,253900
200.2000,204.0480,200.0750,202.0000,143000
200.1000,202.5600,196.5000,199.5000,190500
200.0000,200.8000,195.6780,197.8000,142100
198.6000,203.6700,198.4960,203.0000,382800
205.0000,210.0000,199.0000,200.0000,449600
202.0000,203.0000,201.2710,202.0000,164100
203.0000,205.8000,202.0040,202.8000,787000
204.0000,204.8000,203.1000,203.9000,193000
202.9000,205.4000,202.9000,204.5000,266800
204.0000,204.0000,200.0000,202.1000,512300
205.0000,207.2000,202.3000,203.9000,1508100
200.2000,207.9000,200.2000,203.6000,186700
198.5000,205.6000,195.2300,203.2000,239200
204.0000,204.6000,198.9000,200.3000,224700
205.0000,205.0000,200.0000,201.6000,106200
202.6000,206.2000,196.4320,199.0000,219100
200.2000,202.7000,191.8470,201.6000,153600
201.0000,209.0000,201.0000,204.3000,262800
209.5000,212.3600,204.7000,211.2000,347300
207.2000,209.9000,201.3580,207.8000,97700
207.0000,208.4000,201.5000,204.4000,270200
205.0000,208.3790,200.2000,202.7000,576800
204.6000,204.6000,199.4000,202.0000,259300
204.0000,204.0000,198.0000,199.4000,315000
203.0000,205.3000,197.7000,204.3000,497800
207.3000,207.5000,204.0000,207.5000,533400
206.0000,208.2000,203.1000,205.5000,355400
206.8000,207.4000,203.7400,206.0000,154400
206.7000,206.7000,194.1000,200.9000,225600
200.0000,206.3000,200.0000,205.8000,244600
208.5000,212.4200,204.8070,209.2000,460800
210.0000,224.0710,207.1100,211.0000,528900
212.0000,215.4000,208.4100,213.2000,360400
213.2000,218.0000,208.1000,211.1000,257100
212.6000,217.3000,204.0000,207.8000,301400
207.8000,207.8000,207.8000,207.8000,0
207.8000,207.8000,207.8000,207.8000,0
209.8000,222.2000,207.8000,218.1000,366900
218.0000,220.1850,213.6000,214.3000,285200
213.0000,213.7040,208.1300,209.1000,241900
210.0000,212.4600,196.0450,199.4000,400000
202.2000,204.3960,200.3000,202.5000,171800
202.7000,208.0000,196.0000,207.7000,305700
207.2000,209.7000,202.4450,209.7000,273000
210.0000,214.3000,201.3000,205.6000,741700
201.0000,204.0700,197.3000,198.9000,309900
207.2000,207.2000,188.0000,189.6000,464700
188.3000,192.9000,185.7100,186.4000,494900
188.0000,189.4000,178.7000,178.7000,366300
177.6000,179.9000,171.7520,172.0000,420000
171.0000,178.8000,171.0000,175.9000,369000
174.6000,183.0000,174.6000,179.9000,354400
178.0000,181.6000,178.0000,179.1000,194200
178.5000,182.4000,178.5000,182.4000,221500
180.6000,187.5000,180.5000,183.1000,224600
184.6000,184.6000,178.8260,181.4000,115300
183.1000,184.6000,179.3430,181.4000,88600
181.4000,182.7000,178.8000,182.7000,296000
185.0000,187.9000,183.6000,185.0000,128400
185.0000,185.6100,180.5000,184.0000,865900
181.5000,192.2000,181.5000,192.2000,291500
192.2000,192.2000,192.2000,192.2000,0
186.9000,194.0700,186.9000,188.7000,169800
184.3000,190.7000,184.3000,190.7000,295900
195.5000,195.5000,188.4000,191.5000,287400
190.5000,193.2920,188.1000,190.2000,159100
190.2000,191.8060,189.0000,191.0000,235500
190.2000,193.2000,188.9000,193.2000,116200
193.2000,193.2000,188.1000,188.1000,76200
188.4000,191.6000,188.4000,191.0000,138000
189.9000,197.0000,189.9000,195.2000,167900
199.9000,201.1000,192.6000,199.1000,385300
198.1000,207.0000,197.5250,205.0000,286400
202.7000,207.3000,202.5560,205.0000,385900
200.2000,200.4000,161.2000,170.0000,3127600
171.8000,173.9430,163.6760,166.8000,783000
166.8000,166.8000,166.8000,166.8000,0
169.5000,171.9400,162.2000,165.5000,583900
168.4000,171.6000,163.0000,167.0000,526600
167.3000,175.0000,163.6000,172.5000,669700
173.5000,174.8000,171.1000,174.0000,599700
173.4000,175.0200,167.1000,170.0000,438100
171.1000,172.8130,169.4000,170.8000,236700
166.9000,174.8000,161.0840,165.0000,387800
162.3000,168.5000,158.0000,161.0000,493200
162.9000,167.3000,160.7000,163.0000,276200
165.5000,167.2000,162.0000,163.7000,207000
167.3000,167.3000,158.9000,164.0000,448200
163.0000,166.6600,163.0000,165.0000,233400
164.6000,165.0000,161.6000,164.5000,316000
163.7000,166.4240,161.0000,163.1000,218900
163.1000,166.9000,158.9000,162.0000,265000
161.3000,162.5000,156.6040,160.0000,227700
157.5000,162.7400,154.5000,160.0000,407900
159.8000,160.1000,152.4600,153.0000,419300
156.3000,156.3000,153.0700,155.3000,540400
156.4000,156.4000,143.6000,144.8000,214500
144.9000,148.1800,144.2000,146.3000,366000
145.6000,150.4000,145.6000,146.5000,244100
149.1000,152.2000,147.7000,150.0000,326400
149.8000,150.8000,142.1000,144.0000,401400
141.0000,149.6000,140.7920,147.4000,282200
144.1000,148.4000,142.9000,146.0000,343000
148.7000,148.7000,140.8600,145.0000,153200
147.3000,150.8000,144.8000,150.3000,173400
150.0000,151.8000,148.3000,151.0000,352900
151.3000,154.4000,150.8000,153.5000,193100
154.7000,156.9000,151.6000,152.2000,211100
152.9000,152.9000,146.8000,149.9000,323000
150.6000,153.9000,150.5040,153.4000,117000
150.7000,154.5000,150.7000,151.7000,115400
148.9000,152.6530,132.4000,135.0000,1808900
136.5000,138.0000,126.0000,127.5000,925700
130.0000,138.2000,129.2000,135.9000,1112500
137.0000,139.9000,129.0580,130.5000,766600
132.6000,133.1000,129.9350,130.9000,336600
131.4000,132.6000,129.0560,130.5000,330400
130.6000,131.6000,130.0840,130.5000,97200
133.8000,133.8000,128.6000,130.0000,531300
130.4000,132.4000,124.4480,128.0000,202700
129.1000,129.7000,127.6500,129.0000,250200
130.9000,131.2000,125.0000,125.0000,432300
125.0000,125.2700,123.1200,123.7000,116200
124.0000,126.2000,119.2000,119.4000,372700
120.3000,120.3000,116.1900,117.0000,392500
118.3000,122.4500,114.4000,118.4000,290300
120.1000,121.3850,116.4300,118.2000,214800
125.5000,128.6070,121.2000,123.0000,1137300
122.1000,125.0800,119.7000,120.0000,373300
119.8000,121.7200,118.9000,118.9000,385800
122.0000,125.1000,118.9500,119.1000,711300
119.7000,124.2000,119.5000,120.0000,303300
120.6000,122.0000,119.2000,119.9000,195500
120.4000,125.3000,119.0000,122.8000,413400
124.5000,125.4000,120.8000,122.0000,748600
122.0000,126.1350,121.8580,124.3000,773500
126.0000,126.6000,119.4850,124.2000,281500
122.2000,124.7800,119.8000,124.0000,169300
122.1000,126.3000,118.8850,120.9000,488200
123.0000,124.3000,120.4000,121.6000,179200
125.6000,125.6000,119.9900,124.1000,218100
124.1000,124.1000,124.1000,124.1000,0
123.6000,123.9000,118.9950,121.8000,354700
121.3000,121.3000,118.9000,120.0000,521700
122.3000,139.9000,120.6500,132.1000,1285600
128.0000,131.0000,126.0000,128.0000,552500
129.5000,132.0000,125.8650,129.3000,346400
128.6000,135.0000,128.6000,129.1000,408100
130.6000,133.6000,128.9000,130.6000,341300
131.4000,131.5000,128.2000,129.0000,300700
129.1000,131.4000,127.6000,129.4000,329700
125.7000,129.7000,123.0260,125.0000,482400
125.5000,128.9000,124.6000,126.7000,248300
126.3000,130.1200,124.4000,125.0000,325800
128.0000,128.0000,120.5000,120.9000,398700
122.9000,123.8000,120.8000,122.0000,346100
124.0000,125.8000,122.7500,124.8000,199100
124.3000,132.4580,124.3000,128.6000,637200
128.5000,129.0120,120.8000,122.7000,1015900
124.0000,127.7000,123.9000,124.6000,390300
124.7000,128.6000,123.5000,124.3000,3129900
128.0000,129.2500,123.7500,126.2500,267800
125.7500,126.7500,125.0000,125.0000,346600
125.2500,128.0000,124.3900,127.0000,292700
126.7500,132.0000,125.7500,132.0000,641200
132.0000,132.0000,128.5380,130.0000,151200
122.0000,122.0000,104.7500,117.5000,1810800
116.2500,117.2500,111.2000,111.2500,755800
111.2500,112.7500,107.1800,112.5000,533200
112.7500,112.7500,108.0000,109.0000,792500
108.7500,109.0000,102.2500,106.5000,493600
106.5000,105.2500,101.2500,103.0000,385000
102.0000,103.0000,99.7130,101.0000,368500
100.5000,105.8130,99.7500,105.0000,473900
105.5000,108.0000,105.0000,106.2500,6119200
107.5000,108.0000,104.5000,105.5000,511100
105.5000,107.9380,104.4250,105.7500,534500
105.5000,106.2900,104.2500,104.7500,361400
104.5000,104.7750,101.2500,102.5000,548200
102.2500,105.0000,101.1300,103.5000,444800
103.5000,104.0000,101.3750,102.2500,567700
103.0000,106.0000,101.7340,105.2500,6236800
105.7500,106.8750,105.0000,105.0000,1210900
106.0000,107.5000,105.0000,105.7500,834700
106.0000,107.0700,103.5700,105.0000,1085200
105.0000,109.0000,104.5000,107.0000,872500
108.0000,108.2500,105.0000,107.2500,1192800
108.0000,110.7500,106.3130,110.5000,853800
114.0000,114.2500,108.2300,110.2500,674800
112.0000,112.0000,105.5000,107.2500,386100
107.5000,107.5000,104.0000,104.0000,358500
105.0000,109.0000,104.2500,106.0000,412600
106.0000,107.7500,105.1880,106.0000,208300
106.7500,106.7500,104.5000,104.7500,249600
105.0000,105.2500,102.0000,102.0000,447900
101.2500,102.5000,100.1880,101.0000,478100
101.2500,103.2500,101.0000,101.0000,352300
101.2500,102.0700,99.6400,100.0000,284100
102.0000,104.3700,96.7500,98.5000,995500
99.0000,102.3900,95.0000,102.0000,920800
102.5000,105.0000,101.5000,102.5000,945000
102.5000,103.6880,100.0000,101.0000,869600
101.2500,106.5000,101.2500,104.0000,2605000
105.0000,107.5000,101.7500,106.0000,1480000
106.0000,109.0000,105.2500,109.0000,1965200
109.5000,109.5000,106.5630,108.5000,378700
109.0000,110.0000,105.6900,107.0000,687100
107.2500,107.7500,104.0500,106.7500,733800
107.2500,107.7500,104.7500,105.0000,616900
108.7500,108.7500,102.2500,103.7500,553000
103.7500,105.0000,102.2500,102.7500,372100
103.2500,104.2500,101.3900,102.0000,562200
102.0000,102.7500,99.0000,99.0000,975900
99.7500,100.6740,98.5000,99.5000,454100
100.0000,101.0000,98.2200,99.2500,359900
100.0000,100.0000,98.2500,99.0000,336100
102.7500,108.2160,99.9630,108.0000,1309000
109.7500,109.7500,105.7500,106.0000,474700
109.2500,115.2500,109.0000,111.5000,1286700
110.7500,112.9100,106.7500,107.0000,640800
109.7500,109.7500,105.1880,106.0000,249300
105.5000,107.0000,104.6880,106.2500,169300
106.2500,106.3250,103.7500,105.0000,272000
106.7500,106.9300,101.8130,102.0000,1934500
103.2500,104.5000,102.0000,104.0000,558400
104.7500,104.7500,102.5000,103.0000,438000
102.7500,105.4000,102.7500,104.0000,393800
103.2500,105.0630,103.2500,103.7500,51000
103.7500,103.7500,103.7500,103.7500,0
103.7500,103.7500,103.7500,103.7500,0
104.2500,108.5000,104.2500,108.5000,549600
110.0000,110.5500,108.2500,110.2500,439600
110.0000,113.3130,109.0000,111.7500,158400
111.7500,111.7500,111.7500,111.7500,0
112.2500,115.2500,111.7500,115.2500,612500
114.7500,116.1600,110.7500,111.7500,847500
111.7500,115.0150,111.3750,112.2500,830700
112.7500,114.2500,112.0000,114.0000,495600
112.0000,112.0000,108.0000,108.0000,1802100
108.2500,111.0000,108.2500,108.2500,516100
109.2500,110.5000,108.7500,109.7500,828100
110.5000,110.5000,108.3600,109.5000,405000
109.0000,110.2800,109.0000,109.5000,349500
109.5000,110.3750,106.2700,108.0000,427600
108.0000,110.0000,106.2500,108.0000,448000
108.0000,109.2750,107.5000,109.0000,3927600
110.0000,116.6200,107.0000,116.2500,3946800
118.0000,118.0000,112.0000,113.0000,372000
113.7500,113.7500,110.6700,112.0000,190600
111.2500,112.7500,111.0750,111.5000,477700
110.7500,112.5630,109.5000,110.7500,470800
109.2500,110.8750,106.0000,108.5000,356400
109.5000,110.6000,107.7500,109.0000,266000
109.7500,110.3750,107.0000,107.7500,219400
107.7500,109.7500,104.5250,105.7500,490000
107.0000,107.2530,104.9100,106.2500,275000
105.7500,108.0000,103.5000,103.5000,307000
103.0000,103.7500,102.0000,103.0000,197400
102.5000,104.0000,101.2500,102.0000,169000
102.0000,104.5000,100.8700,102.7500,365800
102.5000,102.7500,100.4300,101.5000,272300
101.5000,103.0000,101.5000,102.0000,193700
104.7500,105.0000,102.5000,102.7500,295000
103.2500,103.7500,101.0000,102.5000,260100
103.0000,103.5000,101.0000,101.0000,259400
102.0000,102.2500,100.7500,101.0000,1335000
103.0000,103.0000,100.2500,100.7500,462500
102.0000,102.0000,100.1900,100.7500,229500
101.0000,101.3750,100.0000,100.7500,148500
100.7500,101.5100,100.0000,101.0000,808600
101.0000,102.2010,100.5550,101.0000,1661400
101.2500,101.3750,99.2500,99.7500,2139300
101.2500,101.5000,99.8700,100.5000,943700
100.7500,101.1890,99.5000,99.5000,208500
101.7500,101.7500,99.5000,99.5000,511600
100.5000,101.5000,98.7500,100.5000,1387300
99.0000,102.0000,98.5000,98.5000,335600
98.0000,100.1800,98.0000,98.7500,316400
98.5000,100.5000,96.5000,98.7500,1082800
100.7500,100.7500,98.5000,99.5000,483500
99.5000,101.5000,99.0000,101.5000,2635200
102.0000,102.2500,99.5000,100.0000,392500
100.2500,100.5000,99.2500,99.2500,438500
103.0000,105.7500,100.5150,101.5000,1329500
104.7500,105.5000,103.2500,103.2500,700900
104.7500,104.7500,100.0750,102.0000,491800
104.0000,104.0000,98.9600,100.5000,625200
101.0000,102.5000,99.5000,101.0000,458100
101.5000,102.0000,100.0000,101.7500,996700
101.0000,102.3200,100.5000,102.0000,311500
100.2500,102.5300,100.2500,102.0000,456800
101.5000,101.7500,100.7500,101.0000,2247900
101.0000,102.2880,100.7500,101.7500,334500
102.7500,107.5000,102.7500,106.2500,684300
105.7500,107.2500,104.0000,105.2500,393000
107.7500,108.0000,104.2500,104.5000,782200
104.5000,106.0000,101.5000,101.5000,362100
101.5000,104.1000,101.5000,103.7500,286200
105.2500,105.2500,103.0000,105.0000,476200
105.5000,105.5000,103.2500,104.5000,227600
105.0000,105.7380,104.0000,105.5000,278800
104.5000,106.5000,104.4500,105.0000,253500
104.5000,105.5000,104.5000,104.5000,264800
105.0000,105.0000,103.0000,103.0000,598600
102.7500,105.0000,102.7500,103.2500,191800
102.5000,104.2880,102.2500,103.0000,535900
102.0000,103.0000,101.5000,103.0000,326100
102.5000,103.0000,101.7500,102.5000,579800
103.0000,103.7500,101.8000,103.5000,486900
101.7500,104.2500,101.7500,104.0000,591100
104.0000,104.0000,104.0000,104.0000,0
104.0000,104.0000,104.0000,104.0000,0
104.7500,106.5000,104.0000,105.0000,769200
107.0000,113.0000,105.4500,112.7500,1654600
113.0000,118.7500,112.8000,118.7500,1325400
120.7500,124.7500,117.5750,124.2500,1676800
121.5000,124.8250,121.2500,124.5000,632100
125.0000,127.0000,123.5000,126.5000,1330100
127.7500,134.2500,126.4880,134.0000,1473100
149.5000,155.9500,144.5000,147.5000,8021400
147.2500,148.0000,142.7500,145.5000,4087200
145.5000,145.5000,145.5000,145.5000,0
145.0000,147.1250,141.7290,145.2500,1003000
145.2500,146.2500,141.7500,145.5000,1666700
145.2500,146.5000,143.8750,146.5000,1146000
147.0000,147.0000,144.2500,144.7500,945500
145.5000,147.0000,142.8530,144.2500,612400
145.0000,146.4130,143.2500,144.7500,551800
145.5000,145.5000,142.7500,143.7500,1250200
144.7500,146.0000,142.9700,144.7500,1598700
147.0000,148.7500,144.7500,145.5000,2643100
146.5000,148.0000,145.0000,146.0000,873400
145.0000,145.7500,143.5000,144.2500,1112800
145.0000,145.3650,143.6300,144.0000,560400
144.7500,144.7500,136.7500,137.0000,702600
137.7500,139.3500,135.0000,138.2500,615400
138.2500,138.2500,138.2500,138.2500,0
137.2500,140.0000,137.2500,137.7500,382500
138.2500,140.0000,136.0000,138.7500,725500
138.5000,138.5000,137.7500,137.7500,250700
141.7500,152.0000,141.7500,148.2500,3305300
148.7500,149.8780,145.2500,146.0000,854300
146.2500,147.2500,141.2500,141.2500,1236600
142.0000,145.2500,140.3890,143.0000,713900
144.0000,147.4200,141.0000,144.5000,2145500
145.0000,145.0000,134.7500,135.0000,1258700
135.7500,140.5000,134.1880,138.5000,1161300
139.0000,139.7500,136.7500,138.5000,417400
139.0000,139.0000,136.0500,137.0000,592700
138.2500,138.2500,135.2500,136.0000,242800
136.5000,137.5000,134.0000,135.2500,416200
136.0000,136.0000,134.1250,134.5000,303300
135.0000,135.2500,130.5000,131.2500,491100
131.7500,133.0000,127.2500,128.7500,865100
129.5000,130.7500,128.5000,129.5000,852000
130.0000,134.0000,130.0000,132.5000,903200
134.2500,134.2500,126.5000,128.0000,1177900
129.7500,131.5000,128.7500,131.5000,1013100
134.2500,134.2500,129.5000,131.0000,788500
131.2500,132.2500,129.5000,132.0000,457400
132.7500,135.0000,130.6150,134.7500,383600
135.0000,141.0000,134.3080,140.0000,1016400
141.2500,141.2500,135.5000,135.7500,497500
133.0000,139.5000,133.0000,138.5000,305400
138.2500,140.2500,137.5000,139.5000,375300
137.7500,139.2500,136.5000,137.0000,96000
137.5000,137.5000,133.2500,135.0000,152200
133.2500,134.7500,128.0000,128.7500,1181800
127.7500,130.5000,127.0000,127.7500,398600
128.2500,130.2500,118.2500,121.0000,1282400
122.7500,124.0000,121.0000,123.2500,375600
124.0000,124.0000,120.0000,123.5000,491900
124.0000,124.7500,122.2500,122.2500,181900
122.5000,123.5000,121.0000,121.7500,563000
122.2500,124.2500,122.2500,123.2500,174300
123.5000,127.7500,123.2500,127.5000,583200
124.0000,126.5000,119.5000,119.5000,1311300
121.5000,121.5000,109.2500,114.0000,1979800
114.5000,117.7500,113.2500,115.5000,806000
116.0000,117.5000,113.2500,113.7500,753500
113.0000,114.5000,112.0000,113.5000,606200
114.2500,117.0000,112.8260,113.5000,600700
115.0000,115.5000,112.2500,113.7500,735400
113.2500,114.5000,112.0000,113.7500,518600
113.7500,113.7500,111.5000,112.7500,312000
113.2500,113.2500,108.2500,110.5000,444900
110.2500,112.0000,108.0000,111.2500,280600
111.2500,111.5000,110.1880,110.2500,495700
109.7500,112.0000,109.7500,112.0000,610200
112.2500,112.5000,109.0000,109.0000,769000
110.0000,110.5000,108.0000,110.2500,625600
110.7500,111.6880,110.0000,111.5000,427600
110.2500,111.7500,109.0000,110.0000,399500
109.7500,110.0000,108.5000,109.2500,297600
108.5000,110.5000,108.5000,110.0000,317700
110.0000,111.2500,109.7500,109.7500,227600
108.0000,109.0000,102.5000,104.0000,1081800
106.5000,107.7500,103.8680,107.0000,437100
107.5000,110.5000,107.5000,110.5000,423200
110.0000,112.0000,110.0000,111.0000,350200
111.0000,112.2500,108.7500,109.2500,496200
109.2500,109.2500,109.2500,109.2500,0
109.2500,111.5000,107.0000,108.7500,595100
108.0000,110.2500,108.0000,108.5000,420300
106.0000,106.2500,100.6880,104.5000,734800
104.2500,105.5000,104.2500,105.5000,458100
105.5000,105.6250,103.5000,105.2500,363100
105.7500,107.7500,105.7500,107.2500,212200
106.7500,107.7500,106.5000,107.5000,338000
107.0000,108.7500,107.0000,107.5000,241700
108.2500,108.7500,107.2500,108.2500,306400
108.0000,108.2500,105.5000,106.5000,1346700
106.5000,107.5000,105.0000,106.0000,690000
106.0000,106.5000,104.6250,105.5000,521900
105.2500,105.5000,104.0000,104.0000,372800
104.0000,107.7500,104.0000,104.2500,878700
105.7500,106.0000,102.0000,102.5000,281500
102.5000,103.1750,101.2500,102.2500,893000
103.0000,105.5000,103.0000,104.7500,223400
104.7500,105.2500,102.2500,103.7500,491900
103.7500,105.5000,101.5000,101.5000,529800
102.2500,104.4380,102.2250,102.2500,734200
102.7500,107.0000,102.5000,106.2500,1059400
106.5000,107.5000,102.7500,104.2500,722400
103.7500,105.0000,103.0000,103.0000,150700
103.2500,104.2500,100.5000,101.0000,348200
100.7500,101.5000,99.1000,101.0000,492400
101.5000,101.7500,99.2500,100.0000,595500
99.7500,101.5000,98.5000,98.5000,1758900
99.0000,99.0000,95.2500,95.2500,1459600
95.5000,97.5000,95.0000,96.7500,915700
97.0000,98.5000,97.0000,98.0000,404200
97.7500,98.0000,96.5000,97.5000,225400
96.7500,97.0000,94.2500,94.5000,689500
95.2500,96.0000,92.7500,94.0000,364700
94.0000,94.0000,89.0000,89.0000,608300
87.5000,88.2500,86.2500,86.7500,515400
86.0000,86.5000,80.0000,82.0000,1894800
82.5000,82.5000,77.0000,78.5000,1333400
78.7500,79.7500,67.5180,75.0000,2091400
74.2500,84.5000,74.2500,83.5000,1194700
83.0000,93.2500,82.9800,87.5000,1770100
86.2500,90.7500,85.7500,88.0000,1635400
88.0000,92.2800,85.5000,88.0000,1271600
87.7500,88.2500,83.2500,83.2500,1719300
83.2500,86.0000,79.7500,80.2500,761700
99.0000,100.0000,93.2500,93.5000,5301600
93.7500,99.5000,93.5000,97.0000,4483300
96.7500,99.2500,93.5000,93.5000,2411400
96.0000,103.8130,94.5000,102.0000,1468200
101.5000,106.7500,99.2500,106.0000,1881700
104.7500,107.5000,101.0000,102.0000,1558700
103.0000,103.0000,98.7500,98.7500,998400
98.2500,100.0000,94.0000,99.5000,1348100
99.7500,100.8750,96.7500,97.7500,236900
98.5000,101.0630,97.5000,101.0000,304900
99.5000,102.5000,99.5000,101.7500,734600
102.5000,102.7500,97.6880,98.0000,677400
99.7500,99.7500,97.4380,97.5000,206600
98.5000,99.2500,96.0000,96.5000,299500
97.0000,119.0000,96.1880,117.0000,4417200
114.5000,115.0000,107.0000,109.5000,3552700
94.7500,95.5000,87.5800,90.0000,7818000
90.7500,91.0000,86.9790,87.7500,1769100
88.0000,94.0370,82.8430,90.7500,3101700
94.0000,96.2500,90.7500,91.2500,9093700
92.0000,94.7500,85.0000,94.7500,3190300
94.7500,95.6880,91.2500,92.0000,573300
90.5000,92.1380,88.7380,91.2500,1619600
93.0000,93.0000,87.0000,87.0000,667400
85.7500,85.9380,76.7500,79.7500,2906000
78.7500,79.2500,72.5000,74.7500,4054200
77.2500,79.0000,75.2500,75.5000,1256800
75.2500,76.5000,72.0000,74.2500,1572300
74.0000,74.6880,69.2500,69.2500,1609500
69.5000,69.5800,61.5000,63.7500,3449600
63.2500,66.7500,63.0000,63.0000,1235600
62.0000,62.7190,54.7500,60.0000,4654500
60.0000,61.0000,57.4750,59.0000,5657700
58.0000,60.2500,57.0000,58.7500,5754300
58.0000,59.5000,56.5000,59.5000,2448100
58.0000,60.6100,56.2500,57.2500,4653700
56.2500,60.2500,52.7500,59.2500,1140000
59.0000,65.2500,59.0000,65.2500,560900
65.7500,70.4380,65.0000,66.5000,1192600
68.5000,70.2500,65.7500,68.7500,570800
70.0000,71.1200,64.0000,65.2500,709200
66.0000,68.2500,64.0000,67.0000,506400
68.7500,68.7500,65.7500,66.7500,178100
66.7500,66.7500,66.7500,66.7500,0
66.7500,66.7500,66.7500,66.7500,0
67.0000,67.2500,64.7500,66.7500,528000
68.0000,68.0000,64.9380,66.0000,264300
66.2500,67.6250,65.0000,65.0000,97300
65.0000,65.0000,65.0000,65.0000,0
67.5000,68.7500,65.7500,67.7500,435400
67.7500,67.7500,65.0000,66.0000,526400
65.0000,65.2500,60.7500,64.0000,4089000
60.7500,62.7500,60.0000,60.5000,1087700
60.2500,62.7500,60.2500,61.7500,395200
61.2500,64.0000,60.0000,61.0000,852200
63.7500,63.7500,59.3750,60.0000,526000
60.0000,60.0000,57.2500,59.7500,1047100
62.5000,63.0000,58.5000,58.5000,1270000
61.0000,61.0000,56.5000,58.2500,1188500
60.0000,60.0000,57.5800,58.7500,644900
60.0000,62.0000,58.0000,60.0000,2234300
59.7500,66.0000,59.7500,63.2500,816100
61.7500,67.0000,60.0000,67.0000,1134500
67.0000,69.0000,65.8000,66.2500,1502400
67.5000,68.3750,65.4000,66.5000,1609700
67.5000,68.7500,64.5000,68.0000,843400
69.0000,69.2500,65.2900,66.0000,2580700
65.2500,68.2500,64.2500,65.5000,1826500
65.0000,67.0000,65.0000,66.0000,4406200
64.2500,70.5000,64.2500,69.5000,1203900
68.0000,75.5000,68.0000,75.5000,3491900
75.7500,80.0000,75.5300,79.5000,2640600
80.0000,80.7500,75.9380,80.5000,1113600
76.5000,83.0000,76.5000,82.2500,1935300
80.0000,86.2500,80.0000,84.0000,2591400
80.7500,86.0000,80.7500,85.0000,2798900
83.5000,86.0000,81.2500,83.0000,2305200
80.7500,82.7500,77.0410,79.2500,1033700
77.0000,81.0000,77.0000,79.2500,2159500
80.0000,83.0000,79.5000,80.7500,3836700
82.0000,83.0000,80.7600,82.5000,5882600
82.5000,83.5000,80.5000,82.0000,2912500
82.5000,83.0000,81.0000,83.0000,4049300
80.2500,81.5750,79.5000,79.5000,355900
81.2500,82.0000,80.4000,81.5000,504600
81.0000,81.0000,76.0000,76.7500,438900
74.5000,78.6500,74.5000,77.2500,1394200
76.0000,80.0630,76.0000,78.7500,1750600
78.7500,82.1880,78.7500,80.0000,2444700
80.0000,81.5000,79.5000,79.5000,2393877
79.5000,79.5000,79.5000,79.5000,0
