300.0000,305.0000,281.0000,281.0000,188574400
279.0000,294.9360,272.0000,285.0000,33615500
290.0000,292.2500,278.8820,280.5000,8266400
284.0000,292.0000,276.0000,276.2500,9524600
275.0000,275.0000,237.1400,273.0000,11052300
275.0000,276.9700,271.5000,271.7500,3648400
273.0000,276.7200,271.7670,272.7500,5811400
272.0000,285.0000,272.0000,276.0000,4398000
275.5000,277.4440,273.0000,274.0000,2485900
273.0000,277.0000,273.0000,274.5000,5686600
273.0000,299.8800,272.0000,272.0000,17814200
268.0000,270.2700,264.0000,265.5000,12231300
269.0000,291.5620,265.0000,265.0000,3795200
265.0000,267.0000,261.0000,261.5000,958100
261.0000,270.0000,261.0000,263.7500,2266300
263.0000,263.2500,254.0000,260.0000,4066300
264.0000,264.0000,255.0000,255.0000,1648000
259.0000,266.0000,254.5000,254.5000,11185000
259.0000,259.0000,259.0000,259.0000,2852900
258.0000,280.0000,258.0000,270.5000,6360000
274.0000,280.0000,260.0000,272.5000,4201600
274.0000,279.7500,273.0000,273.5000,15909200
277.0000,278.0000,272.0000,272.0000,6449100
272.5000,278.7500,271.0000,277.7500,6734800
275.0000,282.3150,274.0000,276.5000,5500200
276.5000,276.5000,271.5000,272.0000,2440700
273.0000,273.0000,268.2500,268.7500,2817300
269.0000,275.9300,267.8800,268.7500,598300
268.7500,268.7500,268.7500,268.7500,0
268.7500,268.7500,268.7500,268.7500,0
270.5000,274.0000,269.0000,273.2500,2242700
274.0000,276.0000,272.0000,275.0000,8630200
275.0000,284.0000,274.0000,283.2500,5801600
280.2500,287.0000,262.2500,262.2500,12983100
266.0000,266.0000,248.7500,248.7500,32377800
248.0000,250.0000,242.0000,245.0000,28363000
243.0000,248.5000,241.0000,241.5000,11365300
240.2500,245.0000,234.0000,243.0000,8219500
245.0000,249.2500,245.0000,248.5000,7703100
250.0000,251.7500,248.5000,249.5000,3067100
249.5000,249.7500,243.5000,244.7500,7172300
245.7500,245.7500,236.0000,236.2500,4716100
240.0000,243.0000,208.2500,222.5000,51546100
224.5000,239.5000,223.0000,238.5000,14534600
235.2500,243.8500,224.5250,237.5000,1637700
237.0000,238.5000,236.0000,236.0000,201600
237.0000,238.5000,228.0000,229.2500,4502100
228.0000,233.2300,225.5000,226.0000,2729100
228.0000,228.0000,218.0000,220.0000,5423400
220.0000,220.0000,220.0000,220.0000,0
217.0000,221.7310,216.0000,220.2500,4796400
220.5000,224.0000,220.5000,222.0000,4329300
222.0000,222.5000,220.2500,220.2500,2443900
219.0000,219.0000,208.5000,214.0000,5245600
217.2500,217.2500,206.5000,206.5000,5257400
208.5000,228.0000,205.0000,217.2500,11646700
218.0000,228.5000,211.8180,227.0000,10469800
227.0000,228.3100,224.9250,227.2500,3838900
228.0000,230.0000,227.0000,228.0000,6997900
227.0000,228.0000,214.2500,216.0000,6090000
216.0000,217.5400,213.0300,214.5000,1580900
214.0000,216.5000,212.0000,215.0000,6738400
217.0000,223.0000,216.5000,221.0000,8038800
219.0000,219.1150,216.5000,217.0000,17007600
217.0000,217.0000,217.0000,217.0000,0
217.0000,224.8930,215.5400,220.2500,1099100
217.0000,221.9650,214.2500,215.0000,2284400
216.5000,218.0000,205.0000,205.0000,6488600
206.0000,216.4360,193.2500,196.0000,9251900
198.0000,200.4540,183.0400,190.7500,19090200
193.2500,205.5000,192.3060,202.0000,16318500
199.0000,205.9300,193.5000,198.0000,3338300
201.0000,201.5850,189.7280,197.0000,3486900
194.0000,204.2080,191.5000,199.7500,4698300
207.0000,207.0000,196.0000,196.7500,5629500
193.7500,196.7500,186.3850,193.0000,8960300
193.0000,198.0000,189.5000,198.0000,6960800
195.2500,203.5000,194.0000,203.5000,10870400
201.0000,214.7500,197.4700,204.0000,27634000
200.7500,214.9600,200.0000,206.0000,2095400
203.0000,210.0000,203.0000,206.5000,4729700
205.0000,213.0000,205.0000,209.5000,8888600
206.2500,210.0000,201.0000,202.5000,5154600
205.5000,210.0000,198.8500,203.0000,4579400
199.7500,202.5000,195.0000,199.5000,11332000
197.0000,198.0000,192.0000,193.0000,9420400
191.0000,197.0000,186.5000,187.5000,15093300
187.2500,189.0000,181.0000,183.5000,16751700
186.5000,186.9600,180.2500,181.5000,7388000
178.7500,181.5000,173.0000,175.0000,8691300
177.7500,180.0000,175.6500,177.7500,2799300
180.0000,180.0000,176.0000,178.0000,1727700
186.0000,186.0000,176.0000,176.7500,2947600
176.0000,190.0000,175.5000,187.0000,10374300
190.0000,192.0000,184.2500,186.0000,4984400
189.0000,189.0000,182.0000,184.7500,3967000
187.7500,187.7500,181.2500,185.0000,2210300
188.0000,188.0000,185.0000,187.5000,3608000
190.2500,192.7500,106.0000,191.2500,10036900
194.0000,195.7500,185.0000,192.0000,10503900
189.0000,194.5000,189.0000,193.0000,4200900
187.0000,192.3900,187.0000,189.0000,6475000
192.0000,192.0000,186.5000,190.0000,8108400
193.0000,193.0000,187.0000,188.0000,15005700
190.0000,193.7500,188.5000,190.0000,13874900
178.0000,386.0000,137.0000,147.0000,108373600
142.0000,155.0000,140.4600,154.0000,15931400
156.0000,181.7700,144.0000,144.2500,17867700
139.7500,150.0000,139.4700,146.0000,7909000
148.0000,155.7500,144.5000,149.5000,7745200
148.0000,165.9900,148.0000,149.0000,4918100
146.7500,149.7500,143.5000,147.5000,11098700
149.2500,154.0000,143.0000,147.0000,3860100
149.0000,149.0000,142.5000,143.5000,1906400
143.0000,152.2400,133.6930,138.5000,7282000
140.5000,147.2500,136.2500,141.5000,6213300
139.2500,154.7500,139.2500,147.0000,5821200
149.2500,149.7500,141.0000,147.5000,11473800
144.7500,146.5500,139.5000,142.0000,3256200
144.0000,149.0000,140.0000,146.0000,4808400
146.5000,146.5000,138.7500,141.2500,4041500
145.0000,145.0000,135.2500,137.0000,7319500
139.0000,139.0000,132.7500,133.0000,4985700
128.0000,141.0000,128.0000,132.7500,6442000
138.5000,138.5000,133.5000,135.7500,1780200
137.0000,137.0000,131.7500,131.7500,2251500
133.0000,139.2500,131.2680,138.7500,4010700
140.7500,143.5000,138.4430,141.2500,4040200
141.2500,143.0000,140.0000,141.5000,739400
141.5000,141.5000,141.5000,141.5000,0
140.0000,143.5000,138.6530,140.5000,1763100
138.2500,141.0000,136.0000,139.7500,1069800
145.0000,145.0000,137.0000,139.5000,2891400
141.2500,143.2500,137.0900,142.0000,3443500
141.0000,144.7500,137.0000,141.7500,3065200
137.5000,140.5000,137.5000,138.7500,2649100
136.5000,140.5000,136.2500,139.2500,3757200
141.2500,141.2500,135.0000,137.7500,7152000
136.0000,140.5900,135.0000,136.0000,5974800
141.2500,145.0000,136.2500,137.2500,10909800
135.2500,154.0000,129.0000,131.0000,32014500
130.0000,131.3000,127.2500,129.7500,6350400
128.2500,135.5000,126.9030,132.7500,3415000
134.2500,134.2500,126.0000,126.7500,6816000
128.7500,128.8080,124.0000,124.0000,6886600
120.0000,126.2000,119.8100,123.7500,2840100
129.0000,129.0000,122.7500,125.0000,1654900
121.0000,124.5000,121.0000,123.0000,7753900
125.5000,125.5000,41.7500,121.0000,21285400
119.0000,123.5000,117.0000,123.5000,11190500
123.2500,123.2500,118.7500,120.5000,3254300
120.0000,123.0000,119.0000,119.2500,5437100
120.0000,124.7500,118.2500,124.0000,8863000
125.2500,131.0000,124.0000,129.0000,3011000
127.0000,135.0000,127.0000,132.7500,3047400
136.0000,144.0000,130.7500,138.5000,10716800
140.5000,140.5000,133.2500,133.7500,3249800
130.5000,135.1200,130.5000,132.7500,3715700
132.5000,138.2500,132.5000,136.5000,9744100
136.5000,138.2350,135.0000,136.5000,4185700
134.5000,140.2500,133.0000,139.0000,19531500
140.0000,146.5000,139.8450,143.5000,13498300
145.7500,147.8880,144.2500,144.5000,12430000
144.2500,145.0000,141.2500,141.5000,3881600
144.0000,146.0000,141.6900,144.0000,6997100
145.0000,145.0000,140.0000,141.0000,3655700
142.5000,159.0000,141.8400,156.5000,27359400
157.0000,157.0000,145.5000,148.5000,27131400
148.0000,151.3480,147.2500,147.2500,3934400
142.7500,147.8680,142.7500,143.7500,1894400
148.2500,151.5180,144.2500,145.5000,7793700
147.0000,149.0000,144.2500,145.0000,3880800
147.2500,150.2700,145.0000,147.0000,1146700
146.5000,148.0000,139.7280,143.0000,3860100
146.5000,146.5000,142.0000,142.0000,3604600
139.0000,142.2500,135.5000,135.5000,3171700
137.7500,145.7500,133.5000,144.2500,10406300
143.0000,148.2500,143.0000,145.7500,1245200
140.7500,145.5300,140.7500,145.2500,1330800
141.7500,146.5000,140.0000,141.0000,1045400
143.0000,144.2500,140.7500,141.0000,1691900
143.0000,143.5000,133.2100,137.2500,4467800
133.0000,135.9200,128.2500,129.7500,2626000
131.2500,132.2500,121.5000,128.2500,2162300
128.2500,129.7500,125.7500,127.5000,490100
125.2500,131.0000,125.2500,130.5000,898200
134.2500,135.0000,129.5000,131.0000,1133700
133.2500,133.2500,121.5000,122.7500,3020400
121.0000,124.5000,120.7500,121.7500,1411200
121.5000,130.0000,120.0000,122.5000,2971000
124.0000,124.5000,117.0000,119.0000,12605900
117.0000,117.5980,110.2500,112.5000,6787900
96.5000,97.2500,91.0000,96.0000,9861000
97.7500,110.9330,93.0000,93.2500,11547400
94.5000,99.0000,92.5000,97.0000,4543300
98.2500,100.0000,96.0000,99.0000,3844300
100.0000,102.0000,98.0000,101.2500,3639100
102.2500,103.0000,97.0000,101.0000,2209200
102.0000,103.7500,101.0000,102.0000,3126800
103.0000,106.5000,102.2500,103.0000,1877700
104.5000,105.2500,98.0000,100.0000,1845000
101.5000,102.7500,99.0000,101.0000,6815900
101.0000,102.0000,98.2500,101.2500,2299500
102.0000,102.5000,98.0000,100.0000,1289300
100.7500,101.0000,97.2500,99.2500,1670100
102.0000,104.0000,99.7500,101.7500,3258300
98.2500,99.2500,93.7500,96.7500,5483900
95.7500,99.2500,91.6330,98.0000,9741500
99.5000,101.0000,93.0000,94.5000,3751900
95.7500,95.7500,89.5000,89.7500,5435500
91.0000,92.5000,84.2500,84.2500,4160700
87.0000,101.5000,85.7020,101.0000,31030600
102.5000,115.7500,102.5000,114.2500,15711900
118.0000,125.2500,114.5000,120.0000,10316000
122.0000,122.2500,118.9200,119.5000,382400
119.5000,119.5000,119.5000,119.5000,0
119.5000,119.5000,119.5000,119.5000,0
121.2500,121.2500,115.7500,117.7500,740700
115.7500,118.0000,111.5000,118.0000,893100
116.2500,117.0000,114.0000,116.5000,1138500
116.5000,116.5000,116.5000,116.5000,0
114.5000,116.2500,113.2500,113.2500,2509400
112.0000,113.0000,107.7500,107.7500,17732200
107.0000,107.0000,100.2500,103.0000,5147800
100.2500,103.0000,98.7500,99.5000,2643400
98.0000,100.0000,96.7500,99.2500,2701200
96.5000,98.5000,91.0000,95.5000,2374700
97.0000,100.5000,92.7500,94.0000,5715900
95.5000,97.7500,91.7500,96.2500,4698500
93.5000,99.7500,93.0000,98.0000,2534600
96.5000,98.5000,95.2500,97.5000,2709700
95.2500,98.0000,93.5000,98.0000,1962500
99.5000,99.5000,95.7500,97.0000,4589700
97.0000,100.0000,95.0000,98.2500,1465400
96.7500,99.3680,93.5000,96.0000,4986900
94.0000,100.0000,93.0000,99.5000,6588400
98.5000,106.5000,95.5000,96.5000,2740800
98.0000,106.2500,98.0000,106.2500,3889100
104.2500,107.7500,101.2500,102.0000,1550100
100.0000,105.0000,100.0000,102.5000,955600
102.0000,109.7500,102.0000,108.7500,1791000
107.5000,109.7500,105.0000,106.0000,1724900
104.0000,107.7500,102.0000,106.2500,6382500
106.5000,109.7500,105.5000,106.0000,2351100
106.5000,107.0000,104.5380,105.7500,998000
105.0000,114.0000,105.0000,112.2500,15651300
112.2500,121.7500,110.5000,118.7500,7604700
119.5000,124.0000,112.7500,113.7500,11763600
115.0000,119.7500,111.7500,116.0000,7474300
114.2500,122.0000,114.2500,121.0000,2244300
120.0000,126.0000,120.0000,124.5000,2127700
124.0000,126.0000,124.0000,125.7500,3586600
126.0000,128.5000,125.5000,127.0000,1115100
126.7500,126.7500,121.0000,124.2500,1159600
124.2500,127.7500,124.2500,125.5000,716300
123.5000,127.5000,122.2500,126.0000,1254600
126.0000,130.0000,125.0000,127.0000,1331900
129.2500,130.5000,124.2500,125.0000,2190100
124.0000,125.0000,120.0000,120.2500,5329200
122.0000,125.5000,122.0000,125.0000,2961900
124.0000,126.9800,121.2500,123.7500,7808700
125.7500,127.0000,122.2500,127.0000,998600
126.7500,126.7500,121.5000,122.2500,1142600
124.5000,124.5000,115.0000,117.2500,5177200
114.0000,117.2500,112.2500,112.5000,3306300
112.2500,115.5000,108.5000,112.2500,2078600
110.0000,114.0000,109.2500,111.5000,1527600
112.0000,113.2500,106.0000,108.7500,2653400
106.7500,107.2500,100.7500,103.5000,7272800
102.0000,107.0000,102.0000,104.5000,2705200
104.5000,107.2500,101.7500,103.5000,3907200
106.0000,110.2500,104.0000,108.5000,3356800
107.5000,115.0000,107.5000,114.5000,3822800
114.5000,116.5000,111.0000,112.2500,1522300
109.7500,110.2500,104.5000,107.5000,1360500
108.0000,114.5000,108.0000,112.7500,2006300
113.2500,113.7500,109.7500,112.2500,2508700
110.2500,110.5000,107.5000,108.0000,3183800
108.0000,108.0000,108.0000,108.0000,0
108.0000,108.0000,108.0000,108.0000,0
111.0000,113.5000,110.4600,112.0000,1726800
110.0000,110.0000,108.0000,109.2500,790000
107.5000,110.5000,107.5000,109.7500,679000
110.0000,110.2500,109.0000,110.2500,491800
110.0000,111.5000,106.7500,111.5000,806800
111.0000,117.5000,109.5000,116.7500,3117000
116.5000,121.2500,114.5000,121.0000,3162300
120.2500,121.2500,114.0000,116.5000,1856500
115.2500,116.5000,114.0000,115.0000,1021000
115.0000,116.7500,114.7500,115.7500,494500
115.0000,115.2500,110.7500,114.7500,1148600
115.0000,116.0000,113.0000,114.0000,813300
111.7500,113.7500,108.0000,111.0000,1601300
112.0000,112.0000,108.7500,111.2500,1400800
110.0000,110.5000,105.5000,105.5000,966700
107.0000,107.5000,98.0000,102.0000,2953700
102.0000,110.2500,100.7500,110.2500,2631100
111.0000,112.7500,107.2500,111.7500,2888400
111.5000,115.5000,111.5000,114.7500,3391900
113.0000,118.0000,113.0000,117.0000,1151600
117.0000,119.0000,115.2500,119.0000,1577400
119.0000,119.0000,112.2500,112.2500,3525900
112.2500,112.4230,105.5000,110.7500,1892100
110.7500,118.2500,110.7500,118.2500,1173300
116.5000,122.0000,116.5000,120.7500,714400
119.0000,121.0000,118.0000,119.0000,826600
117.7500,120.0000,117.3650,118.5000,1029600
118.2500,118.2500,115.0000,115.5000,431200
116.7500,118.7500,116.5000,116.5000,1271600
116.5000,116.5000,116.5000,116.5000,0
115.0000,117.7500,110.7500,113.5000,1200200
113.5000,115.0000,111.7500,113.0000,1217000
111.5000,116.5000,111.5000,115.5000,888100
115.5000,115.5000,112.0000,114.0000,579700
114.7500,118.0000,112.7500,114.2500,1223500
115.7500,116.2500,109.7500,112.0000,1024600
111.7500,112.0000,107.2500,108.2500,899400
107.0000,109.0000,105.2500,107.5000,966100
107.0000,113.0000,106.0000,112.0000,927900
113.7500,115.0000,110.7500,112.5000,1370300
110.5000,112.5000,107.7500,107.7500,911300
109.7500,110.2500,104.5000,105.0000,768800
104.5000,106.0000,101.2500,102.0000,991200
103.5000,105.5000,102.0000,105.0000,517000
105.0000,105.0000,105.0000,105.0000,0
107.2500,107.2500,104.2500,105.0000,364500
107.0000,108.7500,104.5000,107.2500,449100
107.2500,109.0000,106.2500,107.0000,332500
107.0000,108.2500,103.2500,103.2500,832000
105.2500,105.7500,98.2500,99.2500,1495200
101.2500,104.7500,98.5000,104.5000,706000
104.2500,105.0000,99.0000,101.0000,641000
101.0000,103.2500,99.0000,101.7500,536100
99.0000,99.0000,99.0000,99.0000,474000
97.5000,99.2500,94.0000,94.0000,827300
95.0000,95.0000,90.0000,90.2500,1019800
87.0000,89.0000,81.0000,81.0000,2072500
82.5000,84.0000,79.0000,83.5000,1751500
83.5000,88.7500,81.5000,88.5000,1049100
87.7500,92.2500,87.2500,90.2500,610800
89.7500,96.2500,89.7500,95.0000,1216500
94.0000,95.0000,88.2500,89.5000,1783800
89.5000,90.0000,86.2500,89.2500,673900
88.0000,93.2500,88.0000,90.5000,1884100
90.0000,93.2500,90.0000,90.5000,411400
90.2500,93.2500,86.5000,87.0000,860300
86.5000,90.5000,86.5000,89.5000,561700
87.7500,91.5000,87.7500,89.2500,522200
88.2500,90.0000,86.0000,86.5000,900100
86.0000,92.0000,86.0000,90.5000,985300
89.7500,90.0000,86.2500,88.0000,951600
86.2500,86.7500,76.0000,76.0000,1480300
74.7500,76.0000,63.0000,69.0000,0
70.0000,71.0000,68.0000,70.0000,4461700
70.7500,71.0000,68.2500,68.7500,1176200
68.0000,70.0000,67.5000,69.2500,2011700
69.5000,73.7500,67.7500,71.7500,1792700
68.0000,68.0000,61.2500,63.5000,3232800
64.0000,64.0000,59.0000,60.5000,2902900
60.7500,65.2500,59.5000,64.2500,1479900
63.7500,63.7500,60.0000,60.7500,785300
60.5000,62.5000,56.5000,61.0000,1365900
63.2500,71.0000,63.2500,69.2500,1679800
68.2500,79.5000,67.7500,78.0000,1717700
78.0000,78.5000,74.2500,77.0000,966800
75.0000,75.0000,69.5000,71.0000,649600
72.2500,74.0000,71.0000,71.0000,869900
71.0000,73.5000,71.0000,72.2500,562500
70.7500,71.2500,67.5000,71.2500,880800
70.0000,70.5000,66.7500,68.5000,682500
66.0000,68.5000,66.0000,68.0000,433600
68.5000,69.5000,66.0000,68.2500,612900
68.2500,69.0000,63.2500,64.5000,1112800
63.2500,65.2500,63.2500,64.5000,944300
63.2500,66.7500,63.2500,66.5000,603800
65.5000,79.3650,65.5000,77.7500,2750200
76.5000,85.5000,76.5000,80.5000,2599000
81.0000,81.0000,76.7500,80.0000,537500
79.0000,81.7500,76.5000,79.0000,2177200
79.7500,82.7500,78.5000,82.2500,1446300
83.0000,83.0000,80.0000,80.5000,495700
79.7500,81.0000,75.0000,75.0000,1110500
75.5000,76.0000,70.0000,71.2500,794800
72.5000,74.0000,71.3000,73.7500,349600
74.0000,80.7500,73.7500,74.5000,475800
73.5000,75.2500,70.5000,70.7500,323700
71.5000,74.2500,67.0000,72.5000,871700
72.2500,76.5000,70.0000,73.7500,702500
76.0000,76.7500,73.5000,75.5000,204600
75.5000,75.5000,75.5000,75.5000,0
73.0000,75.7500,72.2500,72.2500,386300
74.0000,74.0000,70.5000,71.2500,432400
70.5000,74.7500,70.5000,73.0000,409700
74.0000,78.2500,72.0000,76.0000,798600
75.0000,78.5000,74.2500,78.5000,456700
76.7500,82.0000,76.7500,77.0000,716000
77.0000,77.0000,72.5000,76.5000,631500
75.0000,76.2500,73.5000,73.5000,161000
73.0000,74.0000,70.2500,73.7500,1526000
75.0000,78.5000,75.0000,76.7500,250300
75.5000,79.2500,75.5000,77.7500,770800
76.2500,77.5000,75.0000,76.0000,249700
77.0000,77.2500,74.0000,76.0000,397500
76.0000,78.7500,75.2500,77.5000,679200
74.7500,77.5000,72.5000,75.0000,1102800
73.0000,78.2500,73.0000,77.0000,1906100
79.0000,81.0000,75.0000,76.5000,3129200
76.0000,79.5000,70.7500,71.5000,2422500
74.5000,74.7500,72.0000,72.5000,3958800
72.5000,73.2500,70.0000,70.5000,471100
69.5000,72.0000,65.5000,65.5000,1081200
64.5000,67.0000,64.0000,64.0000,785100
65.0000,65.0000,63.0000,63.5000,433800
58.0000,63.2500,56.2500,60.0000,2043300
61.0000,61.0000,55.2500,55.2500,630100
52.5000,60.0000,52.5000,54.0000,855800
53.0000,53.7500,50.0000,51.0000,899100
51.7500,54.5000,50.0000,51.7500,1218000
50.2500,51.5000,47.0000,51.0000,1125300
50.0000,51.0000,46.5000,46.5000,798500
47.5000,48.2500,43.5000,43.7500,830400
40.5000,46.0000,40.0000,41.0000,1194000
42.2500,45.5000,40.2500,41.5000,998400
41.7500,41.7500,34.0000,38.0000,1057500
39.5000,39.7500,35.0000,37.0000,1219700
37.2500,39.0000,33.7500,34.0000,1108500
34.0000,42.2500,33.0000,39.0000,2852400
37.0000,39.5000,35.2500,38.2500,1097300
40.0000,40.0000,37.5000,38.2500,1206600
42.0000,43.0000,36.0000,38.0000,778500
40.5000,41.0000,36.5000,36.5000,566200
37.7500,39.2500,36.5000,37.2500,713200
36.5000,38.7500,36.0000,37.7500,490500
36.0000,39.0000,32.5000,38.2500,802600
40.2500,40.3500,34.0000,39.0000,713200
38.5000,41.0000,35.0000,35.7500,572200
39.7500,40.0000,36.6250,40.0000,614100
41.2500,42.0000,39.0000,39.2500,600100
40.5000,44.2500,40.0000,43.5000,1028400
44.2500,46.5000,42.2500,44.0000,573700
43.5000,48.0000,43.5000,47.0000,1314200
46.5000,47.7500,46.0000,47.0000,987300
44.0000,47.0000,41.5000,44.7500,843000
46.7500,46.7500,43.5000,43.7500,272400
47.0000,47.0000,40.5000,41.2500,599100
40.7500,41.5000,39.0000,39.0000,371500
41.5000,42.0000,34.7500,37.5000,331600
37.0000,37.5000,34.5000,36.0000,388200
37.5000,38.5000,34.2500,34.2500,327200
36.2500,37.7500,31.0000,33.5000,874000
33.0000,37.1380,32.0000,37.0000,378200
35.2500,35.2500,32.0000,32.2500,591100
33.0000,34.5000,32.0000,32.0000,1444700
32.0000,33.7500,32.0000,32.0000,596000
33.5000,36.7500,32.0000,35.5000,1538000
35.2500,38.7500,34.0000,34.5000,882900
34.5000,36.0000,34.5000,34.5000,258300
34.0000,36.2500,33.8920,36.0000,109400
35.0000,38.2500,35.0000,35.2500,513800
35.0000,35.5000,34.7500,35.0000,116800
35.0000,35.0000,32.0000,34.7500,266500
33.2500,34.5000,32.0000,33.0000,282900
32.2500,35.0000,32.0000,32.7500,415300
33.7500,34.7500,32.0000,32.0000,224200
35.0000,35.7500,33.0000,34.7500,232400
33.2500,35.5000,33.0000,33.0000,461100
33.0000,35.2500,33.0000,35.0000,1177700
35.0000,35.5000,34.0000,34.5000,131200
32.0000,35.0000,32.0000,32.0000,203700
33.2500,35.5000,32.2500,34.5000,568400
35.0000,36.5000,33.0000,35.7500,897600
37.2500,41.0000,36.0000,38.5000,0
37.7500,41.0000,37.7500,41.0000,880800
40.7500,44.0000,39.0000,41.7500,918500
41.2500,43.7500,40.2500,43.2500,352100
41.0000,43.0000,40.0000,40.2500,144100
40.7500,43.0000,40.7500,43.0000,16700
43.0000,43.0000,43.0000,43.0000,0
43.0000,43.0000,43.0000,43.0000,0
43.0000,43.0000,41.5000,42.2500,158400
43.0000,44.0000,42.2500,44.0000,159700
44.7500,44.7500,42.0000,42.0000,125200
42.0000,42.0000,42.0000,42.0000,0
43.5000,45.0000,42.2500,44.0000,99600
44.5000,44.5000,42.0000,42.0000,245400
42.2500,44.5000,41.5000,44.0000,703400
44.0000,45.0000,44.0000,44.0000,701500
45.0000,48.0000,44.0000,48.0000,802600
48.0000,52.5000,47.7500,51.2500,890500
51.0000,53.0000,50.5000,53.0000,466900
53.2500,54.2500,51.0000,54.0000,502100
54.5000,54.5000,48.0000,53.0000,561700
51.5000,52.7500,49.0000,52.7500,258900
53.2500,55.2500,52.5000,52.5000,301500
54.5000,54.5000,48.2500,49.0000,267500
48.7500,49.7500,46.0000,47.7500,253300
46.5000,48.0000,45.5000,47.7500,132600
47.7500,52.7500,47.0000,52.5000,324500
50.2500,51.7500,49.0000,51.0000,275500
51.0000,55.0000,50.0000,53.0000,600500
53.0000,53.2500,50.0000,53.2500,264900
54.0000,56.0000,51.0000,51.7500,751700
53.5000,53.5000,49.2500,51.7500,468800
51.7500,55.0000,46.7500,48.7500,899800
50.5000,50.5000,47.5000,49.2500,365200
49.0000,53.0000,48.2500,50.0000,0
50.7500,53.2500,49.5000,52.0000,0
52.5000,54.0000,51.0000,52.5000,0
54.0000,63.0000,53.0000,61.7500,2009800
59.7500,63.0000,58.7500,62.0000,793100
62.2500,62.2500,60.0000,61.0000,229700
60.0000,62.0000,58.0000,61.7500,173700
59.0000,61.0000,55.0000,61.0000,445500
59.7500,65.7500,57.2500,61.0000,575600
62.7500,62.7500,57.5000,58.7500,183800
56.5000,58.7500,55.2500,58.7500,86500
57.0000,62.2500,52.7500,58.5000,961800
59.2500,60.0000,57.2500,59.5000,215400
62.0000,62.0000,56.7500,58.7500,262100
61.7500,61.7500,55.2500,58.0000,649700
59.0000,59.0000,53.5000,55.7500,502400
57.2500,59.0000,55.5000,56.5000,421000
56.5000,58.5000,55.5000,56.5000,136900
57.0000,59.7500,54.5000,58.2500,386000
56.2500,58.0000,55.5000,58.0000,129800
56.5000,61.5000,55.5000,61.0000,11436800
63.0000,65.0000,61.0000,64.0000,824200
64.0000,64.0000,62.7500,63.5000,201000
64.0000,64.0000,60.7500,62.7500,101500
63.0000,63.0000,58.7500,59.5000,189000
62.5000,63.5000,58.5000,63.0000,291800
61.5000,63.5000,60.7500,63.5000,161600
63.5000,64.0000,58.5000,63.0000,399000
63.2500,67.2500,62.0000,64.0000,1965200
64.2500,68.7500,64.0000,64.2500,346500
64.0000,65.0000,62.0000,65.0000,122100
64.5000,66.2500,57.7500,60.0000,984900
59.5000,64.0000,56.5000,59.0000,1572300
62.0000,63.0000,58.2500,60.5000,1588400
61.2500,63.7500,57.7500,62.0000,910600
64.5000,64.5000,58.0000,61.2500,995100
60.0000,61.7500,58.5000,61.0000,109100
61.5000,62.2500,60.5000,61.5000,116800
60.5000,62.0000,59.5000,62.0000,50600
57.5000,61.2500,57.5000,59.2500,354700
58.0000,62.0000,58.0000,58.5000,261700
57.5000,60.0000,55.2500,59.0000,620700
59.2500,60.7500,58.0000,60.5000,1472200
60.7500,62.0000,59.0000,61.2500,757600
61.5000,63.0000,57.7500,62.0000,722600
62.0000,62.0000,60.0000,61.2500,307900
61.2500,62.2500,61.0000,62.2500,1003700
62.0000,63.7500,60.2500,62.0000,592000
62.0000,62.0000,62.0000,62.0000,0
62.0000,62.0000,62.0000,62.0000,0
59.7500,63.7500,59.7500,61.5000,413300
60.2500,62.0000,60.2500,61.0000,163100
62.0000,67.0000,62.0000,66.0000,1415600
64.5000,66.7500,63.2500,65.0000,983000
64.2500,65.0100,62.5000,62.5000,346100
62.0000,62.7500,61.0000,61.2500,380000
62.5000,69.0000,62.5000,69.0000,1040000
67.5000,71.2500,67.2500,70.0000,727200
68.2500,69.7500,66.7500,69.0000,252900
68.7500,69.0000,64.5000,67.0000,193800
65.5000,68.0000,65.0000,68.0000,181700
67.7500,68.7500,66.2500,68.0000,368800
69.0000,70.2500,66.0000,69.0000,769000
67.2500,69.7500,66.0000,69.7500,44900
69.7500,69.7500,69.7500,69.7500,0
72.0000,72.0000,67.2500,68.7500,356900
69.0000,69.7500,67.2500,68.0000,405500
70.0000,70.0000,68.0000,69.2500,789300
70.0000,71.0000,68.0000,69.2500,738600
68.2500,69.7500,65.5000,67.5000,382400
68.7500,69.5000,65.8900,69.0000,374200
67.2500,70.0000,66.0000,67.5000,1174200
67.5000,70.2500,67.5000,69.0000,418700
68.5000,68.5000,68.0000,68.2500,454700
70.0000,70.0000,67.5000,69.0000,931000
70.2500,73.5000,67.0000,67.5000,1204500
67.5000,70.0000,65.5000,70.0000,2203100
68.0000,74.5000,67.9110,73.7500,1913500
69.7500,81.2500,69.7500,80.0000,1599700
80.0000,80.0000,80.0000,80.0000,0
81.0000,86.0000,78.5000,80.5000,2176500
79.0000,83.2500,75.5000,79.0000,1403100
79.5000,80.0000,77.2500,79.5000,762100
81.0000,85.2500,80.0000,83.0000,1512100
84.5000,88.7500,84.5000,86.5000,1498300
85.7500,93.5000,85.5000,92.2500,1609600
90.5000,94.5000,90.0000,93.2500,989400
94.5000,94.5000,90.0000,93.5000,1082100
94.7500,98.0000,92.0000,94.0000,707000
93.2500,94.5000,88.5000,89.5000,235200
89.0000,92.5000,88.2500,90.5000,748500
92.5000,92.5000,89.0000,91.2500,643800
91.0000,92.0000,89.0000,90.0000,589800
90.2500,91.2500,89.0000,90.5000,408600
91.5000,92.5000,85.5000,87.0000,672500
88.5000,89.7500,84.0000,85.5000,908100
86.7500,87.2500,78.5000,81.5000,769200
80.7500,84.5000,73.2500,82.0000,705200
81.7500,87.2500,76.7500,86.5000,993100
85.0000,85.8250,79.5000,80.2500,382300
80.5000,85.0000,78.2500,82.0000,277100
82.2500,83.0000,80.0000,83.0000,169700
82.7500,85.0000,80.0000,80.0000,642100
80.0000,84.2500,80.0000,80.2500,334600
79.7500,86.0000,79.7500,84.2500,509400
84.0000,85.5000,81.5000,81.7500,168600
83.7500,87.0000,81.5000,83.5000,172400
82.0000,85.0000,80.0000,82.2500,267500
82.2500,85.0000,80.5000,82.5000,279600
81.7500,85.0000,79.2500,80.0000,216000
80.0000,84.0000,78.0000,81.0000,361600
79.5000,82.5000,79.5000,80.0000,166800
80.0000,82.5000,80.0000,80.5000,808500
79.5000,80.7500,79.5000,80.2500,131600
79.2500,80.2500,72.5000,80.0000,627800
76.2500,83.2500,76.2500,81.0000,566800
78.2500,83.5000,78.2500,82.0000,694700
80.0000,87.0000,77.0000,87.0000,1365300
88.0000,88.2500,84.2500,85.7500,890200
83.7500,88.2500,82.7500,87.7500,1064900
90.0000,97.5000,85.7500,91.0000,594600
91.0000,92.0000,87.0000,91.0000,897500
90.5000,93.5000,90.2500,92.5000,1202100
93.2500,97.2500,91.7500,94.0000,684500
95.7500,96.2500,90.0000,91.0000,778900
90.0000,90.6000,87.0000,88.0000,1232100
86.5000,86.7500,84.7500,86.0000,1165700
85.0000,86.7500,83.2500,85.0000,310900
85.7500,91.5000,83.0000,88.0000,665900
91.7500,93.6000,87.6000,88.5000,431200
87.9500,92.0000,87.5500,90.0000,252600
93.8500,94.0000,90.6500,93.0000,415500
94.2000,94.2000,89.0000,91.0000,922000
87.5000,90.1000,86.7500,88.7500,231600
86.5000,90.0000,85.4500,85.4500,93800
85.4500,91.0500,85.4500,88.2000,451000
86.1000,90.9500,85.3000,86.9500,140500
87.5500,90.0000,87.1500,89.0000,340000
89.8000,92.4500,87.9000,87.9000,631300
88.3500,88.3500,84.6500,85.5000,77500
87.1000,87.1000,83.4500,85.1000,271600
84.0000,87.5000,84.0000,86.0000,314700
84.3000,89.3500,84.2500,85.7000,80700
85.8500,89.0000,84.2500,88.4500,165900
88.0000,89.0500,85.1000,87.5000,170700
85.5000,87.3500,85.1000,87.2500,216600
87.5000,89.8500,86.0000,86.0000,329800
85.0500,91.5000,81.8000,84.0000,276500
82.0000,87.4000,82.0000,86.0000,148500
86.0000,86.0000,86.0000,86.0000,0
83.0000,88.2000,83.0000,85.5000,360900
86.1500,88.9500,84.0000,88.2000,579000
88.2000,89.6500,84.2500,89.5000,445100
86.4500,102.0000,82.3000,102.0000,1198000
97.8500,114.8000,91.7000,114.0000,818500
118.0000,166.2000,114.5000,116.7000,1992600
119.6000,133.1560,115.6000,130.1000,1628400
129.5000,146.5950,102.1000,108.9000,0
108.8000,120.1330,103.9370,107.9000,6930300
105.0000,106.2000,97.9500,104.0000,1760800
104.0000,108.7950,103.0000,105.0000,1546600
104.6000,111.1000,103.7000,108.0000,932100
109.0000,109.0000,103.0000,104.5000,865200
103.0000,105.6000,102.0000,103.0000,1854600
102.8000,107.4470,95.0940,98.0000,1693500
97.0000,104.9000,95.0000,100.1000,690700
100.9000,104.5000,100.0780,103.5000,868700
101.0000,103.4000,96.0000,100.1000,3014300
100.2000,103.5980,96.0000,99.3500,495100
99.5000,102.2000,92.3000,100.0000,417500
102.4000,105.5270,97.6290,102.0000,616500
105.8000,107.7510,100.0000,102.5000,760300
102.2000,107.7000,100.1000,103.3000,573100
99.0000,103.7000,88.4750,100.8000,558500
97.8000,103.0000,96.9000,100.2000,809900
102.2000,106.8000,98.0500,104.6000,610100
108.9000,108.9000,103.4710,105.8000,634100
107.3000,112.9000,104.5000,105.9000,1781400
102.8000,108.0000,99.0000,102.2000,1313000
102.2000,104.7000,100.0310,103.0000,378800
105.0000,105.7000,101.6000,103.0000,292000
101.8000,109.0000,101.8000,104.0000,583400
106.9000,106.9000,102.0000,103.0000,434300
106.2000,106.2000,102.4000,104.2000,422600
106.0000,107.5000,102.2000,107.5000,308400
108.0000,110.2120,104.0000,106.9000,512100
107.2000,107.2000,98.1000,104.8000,708100
105.6000,106.8600,100.0540,106.4000,588100
109.4000,114.3000,104.7000,105.3000,1051600
104.1000,107.0000,101.3000,101.9000,354400
103.0000,105.8000,98.7000,103.4000,1416800
101.4000,102.7870,97.7500,98.1500,1036900
97.0000,99.0000,95.5000,99.0000,785700
99.9000,101.9000,95.0000,97.5500,223200
97.0000,99.0000,95.0000,96.0500,409200
96.7000,101.0000,93.2000,94.2500,421800
95.9000,102.0000,90.8540,100.0000,386900
98.5000,101.2000,94.7500,100.0000,182300
98.7500,101.4000,94.8250,100.7000,490100
101.0000,103.8000,99.5500,102.9000,477900
98.0000,108.1000,96.2000,103.7000,647500
103.7000,105.6000,101.0000,103.9000,553700
104.8000,105.2000,103.1000,104.6000,89700
104.7000,105.9000,102.1000,104.1000,182300
103.9000,108.0000,102.9000,108.0000,117800
105.4000,109.9000,103.0000,103.0000,336500
103.0000,104.9000,101.4400,102.9000,143500
103.3000,105.0000,99.0000,99.5000,318800
100.1000,102.7000,94.4500,99.3000,245700
99.3000,104.8000,96.3000,98.7000,308800
96.0500,99.7000,95.7600,97.0000,675100
96.5000,102.3660,96.5000,101.3000,883900
101.3000,101.3550,97.0500,98.5000,221200
97.0500,102.5000,97.0500,101.0000,523100
100.0000,104.3000,97.0500,98.6500,326200
99.6000,104.8000,98.0000,102.7000,449700
100.5000,105.0000,100.5000,104.9000,342100
104.1000,105.1000,102.8000,103.0000,852600
102.0000,110.0000,101.0000,103.2000,917800
102.0000,107.1000,102.0000,106.3000,448200
106.6000,110.6000,105.0000,108.0000,520400
104.8000,109.5000,103.5000,106.0000,824600
105.0000,110.0000,99.1000,99.1000,843800
102.0000,103.5000,98.0000,98.5000,376800
101.4000,101.4000,91.2720,98.3000,412900
99.6000,100.8000,94.5000,97.3500,193600
100.9000,100.9000,95.7500,97.7500,561800
94.5000,100.0000,94.5000,99.2500,1380500
94.7500,103.2000,94.7500,101.4000,689500
94.7500,100.9000,95.0000,99.2000,78900
98.4500,101.3000,96.3000,99.1500,334200
101.3000,102.0000,95.1000,97.9500,267900
96.0000,97.8380,95.7650,96.5000,60200
96.5000,96.5000,96.5000,96.5000,0
97.9000,100.3000,93.3000,100.0000,293400
100.6000,101.0000,96.2000,100.2000,376100
95.3000,100.0370,95.3000,97.7000,278200
97.7000,97.7000,97.7000,97.7000,0
95.5000,102.4000,95.5000,100.7000,737200
100.4000,101.4000,96.7000,100.0000,391600
100.6000,101.7000,97.1000,101.4000,413700
100.5000,100.6000,98.5000,98.7500,226000
98.2500,100.5000,95.9000,97.2000,1005200
98.8000,100.9000,98.3000,100.2000,413700
98.8000,99.8220,96.3000,97.0000,207100
98.9500,99.9650,97.0500,98.2500,0
98.5000,99.7500,93.3000,95.1000,631200
95.8500,100.1560,95.8500,97.5000,714800
100.5000,100.5000,98.0000,99.0500,584600
98.1000,101.8920,97.1500,100.0000,163500
100.8000,101.5000,97.6000,98.8500,220200
98.1000,98.9000,95.5500,95.9500,172900
94.9000,98.1900,93.1500,95.4000,430200
95.6000,98.8500,95.0500,96.0000,198100
95.0000,99.0000,95.0000,99.0000,388700
95.4500,99.9500,95.0000,98.9000,241900
97.1000,100.5000,97.1000,100.0000,1349700
101.5000,101.5000,94.8500,95.8000,1208000
94.4500,98.7500,94.4500,96.8500,404100
95.0500,102.4000,93.6940,100.0000,0
100.9000,105.0000,98.9500,102.1000,572800
110.0000,110.0000,110.0000,110.0000,515000
99.6000,99.6000,94.7500,95.0000,377200
97.8500,99.7000,93.0000,93.7000,576800
95.0500,97.0000,93.2000,93.5000,312600
95.2500,98.6000,95.1780,97.0000,374600
101.0000,104.8000,100.7000,104.7000,1825000
106.2000,106.2000,103.5000,104.4000,2362200
103.3000,105.4000,102.4000,104.3000,695000
104.9000,105.9000,102.6000,104.2000,756400
105.8000,105.8000,103.6000,103.6000,202100
105.5000,105.5000,102.5000,104.0000,197700
104.0000,105.5000,103.0000,105.2000,197600
106.6000,106.6000,103.4000,104.3000,316200
105.0000,105.5000,103.0000,103.6000,232700
102.1000,103.9000,101.3000,103.0000,297400
101.6000,103.6000,99.6500,100.0000,675400
103.3000,103.9000,101.7000,102.6000,157500
105.1000,106.0000,103.1000,106.0000,211900
104.9000,114.9000,104.4000,112.9000,655100
110.5000,113.4700,103.7000,107.4000,363100
105.7000,110.0000,103.0000,107.0000,222100
112.5000,112.5000,112.5000,112.5000,236200
111.9000,117.3450,108.1300,110.4000,244200
109.4000,110.7800,106.1000,108.4000,97400
108.9000,108.9000,104.6000,107.3000,192300
108.3000,110.5000,103.7000,106.9000,332000
108.2000,109.9000,105.1000,106.0000,617200
107.8000,108.5000,105.5000,107.0000,396500
110.8000,110.8000,105.1910,107.5000,2384000
108.0000,110.2000,107.8350,108.5000,735300
106.2000,107.6780,103.6000,105.8000,389200
106.1000,106.1000,103.0000,105.1000,888600
105.9000,106.0000,103.8000,105.9000,178700
107.2000,107.7000,104.3000,107.1000,189400
106.6000,109.3000,105.3000,107.5000,100300
112.8000,112.8000,105.5000,106.9000,185100
105.2000,109.6000,105.2000,108.7000,132600
106.0000,112.6000,106.0000,110.5000,296200
107.5000,113.1000,106.5000,108.3000,228500
113.4000,113.4000,105.5000,107.1000,313000
104.9000,111.5000,104.9000,110.0000,135700
110.0000,110.0000,110.0000,110.0000,0
110.0000,110.0000,110.0000,110.0000,0
107.8000,111.5000,107.3220,109.5000,138700
107.2000,110.8000,107.2000,108.0000,93500
107.4000,110.6000,105.7000,105.7000,400400
106.0000,110.0000,105.9000,107.2000,525500
106.3000,111.5000,104.0000,106.5000,326600
107.0000,107.8000,105.7000,106.2000,609700
109.2000,109.2000,106.8000,106.8000,182600
107.5000,110.6000,107.0000,110.0000,481900
110.0000,110.0000,108.5000,108.8000,208700
111.6000,111.6000,106.5000,108.0000,189000
111.0000,111.0000,106.8000,108.5000,252800
107.9000,109.9000,106.0000,108.0000,250900
106.5000,109.9000,104.0000,106.0000,323600
107.2000,112.7000,106.0000,112.0000,679800
111.8000,114.4830,111.8000,112.6000,292700
114.0000,114.4000,110.3000,111.2000,137200
110.6000,116.8000,106.5000,113.1000,419700
111.4000,114.5000,110.3400,112.0000,174000
113.6000,117.6000,112.2650,112.5000,88700
112.5000,112.5000,112.5000,112.5000,0
110.0000,110.0000,110.0000,110.0000,559800
110.2000,110.2000,103.0000,103.6000,504800
104.0000,108.5000,100.8000,103.2000,361900
102.0000,109.5000,93.7500,97.0000,629700
100.7000,106.0000,99.4330,104.0000,281400
101.4000,106.8000,98.6620,105.4000,312900
105.8000,108.0000,102.8000,103.9000,274700
106.7000,107.7400,102.0000,105.0000,116900
106.7000,106.9000,98.0000,100.3000,527700
101.9000,102.3000,97.4000,99.0000,237200
97.0500,105.0000,97.0500,99.1000,243600
96.6500,99.5500,96.4750,96.8000,0
97.8000,102.9000,90.0500,92.3000,543800
93.1500,97.1000,88.7000,94.2500,380200
97.3500,100.2700,94.1710,99.0000,0
97.2000,97.2000,92.0000,92.5500,319500
95.0000,97.8500,93.1000,96.0000,204800
94.9000,100.6000,94.5500,100.0000,295400
97.0000,105.4000,97.0000,101.8000,823100
101.8000,101.8000,101.8000,101.8000,0
101.9000,102.2630,95.0000,99.1500,268600
99.4500,100.7000,93.0500,95.1000,299000
97.0000,97.2500,94.7000,96.0000,278400
98.0500,98.0500,94.5000,95.0000,243000
93.7500,96.0000,93.2000,95.5500,447500
96.0000,96.0000,93.0500,94.1500,580700
94.0000,96.9000,93.9120,95.1000,782600
93.4000,95.5000,91.3000,95.5000,797300
94.7000,95.5000,93.7500,94.6500,406500
95.6000,97.5000,95.6000,97.0500,352400
94.8500,104.5000,94.7000,104.5000,607400
104.0000,105.9000,99.5000,104.3000,191100
100.9000,109.0000,100.9000,107.5000,421200
109.3000,112.7000,104.4000,108.0000,744900
105.3000,113.0160,105.3000,110.9000,305800
109.0000,118.0000,104.4420,115.0000,775800
113.8000,117.0000,111.2000,112.4000,134500
114.7000,115.4000,107.5000,108.1000,244900
107.2000,107.7000,102.1000,106.5000,485400
103.9000,107.0000,103.9000,106.2000,506900
104.0000,110.0000,102.5000,102.5000,442000
100.0000,106.3100,100.0000,104.3000,298100
100.7000,104.5000,100.0000,101.9000,384900
106.1000,106.1000,103.3000,105.9000,264900
110.0000,110.1000,101.9500,106.0000,205800
102.2000,109.1000,102.2000,109.1000,187900
106.9000,113.8000,104.0000,110.2000,304000
108.7000,111.5000,103.8700,108.8000,113000
107.1000,110.5000,107.1000,109.9000,230600
110.0000,111.2750,109.0000,110.3000,229600
102.6000,113.9000,102.6000,113.9000,254600
110.5000,114.0000,110.5000,112.0000,354900
110.0000,116.0000,109.6210,112.3000,123100
115.2000,115.8020,113.1080,113.2000,157600
116.5000,116.5000,113.0000,114.5000,105500
115.0000,115.8000,112.5000,114.0000,136700
116.8000,118.5000,112.7000,117.1000,288700
115.5000,117.0000,110.8000,116.0000,381200
115.0000,119.3000,111.1340,116.1000,1219000
119.6000,119.6000,114.4000,115.2000,231500
119.0000,119.0000,110.1000,113.1000,94200
113.3000,116.9000,113.3000,114.0000,201400
115.0000,115.0000,112.5000,112.5000,245200
110.1000,114.9000,109.5000,110.0000,412300
119.0000,119.0000,108.4000,110.7000,561000
109.0000,113.5000,109.0000,111.8000,230100
108.5000,111.4000,104.0000,108.0000,458300
106.0000,111.4000,106.0000,109.5000,214700
106.3000,110.6000,106.3000,107.5000,297300
109.7000,110.0000,104.0000,105.1000,369300
107.1000,108.2000,104.0000,105.0000,908100
104.7000,108.3000,100.0000,101.1000,501200
101.5000,105.7000,101.2000,101.9000,377600
103.5000,104.7000,101.4000,102.5000,160700
104.2000,105.0000,103.0000,104.0000,244100
104.5000,107.7000,102.4430,104.6000,336600
106.2000,106.2000,103.5000,105.2000,484100
107.8000,107.8000,104.5000,105.0000,637900
105.0000,106.3000,103.7000,103.7000,542600
107.4000,107.4000,104.7000,104.7000,291800
104.1000,106.4000,102.3420,103.7000,928700
105.3000,106.0000,103.5000,103.5000,545200
103.1000,105.8000,103.0000,104.0000,259500
104.9000,105.9000,103.3000,104.3000,187200
104.3000,104.3000,104.3000,104.3000,0
104.1000,106.2000,103.0000,106.2000,240300
107.4000,107.8000,103.9000,107.0000,975900
105.8000,111.5000,105.8000,109.1000,366100
108.4000,114.8000,108.4000,114.0000,322100
113.1000,114.1000,110.3000,113.5000,131300
110.5000,118.8000,110.5000,117.0000,891900
117.0000,122.5000,115.9160,120.9000,1011900
125.9000,125.9000,117.3000,123.4000,774100
122.5000,125.5000,120.9780,125.5000,697100
125.9000,131.1330,122.2000,124.0000,787300
127.9000,127.9000,123.7000,124.0000,357000
125.3000,129.1000,119.8290,126.7000,534500
127.2000,130.5000,126.0000,127.2000,598600
129.4000,130.5000,125.1000,125.6000,1047000
125.7000,127.8000,124.0000,126.2000,218300
127.4000,131.6000,126.2000,131.0000,396300
131.5000,132.0000,124.7000,130.9000,438200
128.1000,132.0000,125.0000,130.9000,501100
130.0000,136.5000,128.4000,134.8000,543500
133.6000,135.9000,131.7000,131.7000,85500
130.7000,139.4000,129.2000,137.8000,379200
136.6000,142.3000,131.5000,138.9000,396500
138.9000,143.2000,138.2000,141.0000,325300
141.6000,142.7000,138.3440,140.5000,157800
141.0000,143.6000,139.4000,143.5000,330800
142.0000,148.0000,142.0000,145.9000,295500
146.8000,148.6100,142.2000,145.4000,369600
139.3000,147.0000,139.3000,144.4000,275300
144.0000,145.0000,140.1000,145.0000,181700
145.3000,146.0000,143.3640,144.3000,309200
142.5000,146.9000,140.9000,146.9000,250100
145.9000,154.3000,145.3280,152.8000,383300
151.5000,152.9000,147.8000,148.0000,152800
145.2000,151.8000,145.2000,149.5000,336900
149.0000,150.0000,147.6000,149.2000,180600
150.0000,151.1850,139.8550,147.5000,255900
145.6000,146.5000,142.6000,143.9000,564300
142.2000,143.0000,138.1270,141.6000,537100
141.3000,143.8000,140.2200,143.7000,218700
142.2000,147.2000,141.6750,144.0000,216200
142.0000,145.5000,142.0000,143.5000,332200
144.3000,145.0000,141.3000,141.3000,189900
140.6000,144.0000,140.6000,142.2000,90300
142.9000,143.0000,136.6380,140.2000,188900
142.3000,145.0000,141.3000,141.6000,108300
140.0000,143.1000,140.0000,143.1000,58700
141.5000,141.6000,139.2000,140.6000,218500
144.0000,144.0000,129.9000,136.1000,486000
132.0000,139.0000,128.0000,130.5000,927400
125.7000,132.2000,125.7000,130.6000,276200
128.3000,131.9000,128.3000,128.5000,249300
127.6000,130.0000,122.9000,125.5000,361100
120.6000,129.2000,120.6000,128.5000,1010600
128.0000,137.7000,122.8000,133.8000,622300
134.8000,138.0000,123.0510,131.2000,320100
134.4000,134.4000,127.2000,128.2000,273500
127.0000,130.9000,127.0000,128.4000,302400
129.5000,131.6250,128.6000,130.6000,186700
131.9000,133.8350,126.9000,128.5000,504500
131.6000,141.0000,129.2000,132.3000,362200
130.1000,134.0000,129.2000,130.4000,131100
132.3000,132.7000,128.8000,132.3000,208400
137.9000,137.9000,131.2000,133.0000,307300
133.0000,133.5000,128.4000,131.0000,117600
131.1000,138.1000,129.5000,129.5000,147900
131.1000,131.7000,128.2000,128.2000,213900
127.0000,131.3000,127.0000,127.0000,279700
127.0000,136.3000,127.0000,135.0000,886200
133.5000,137.0000,133.5000,135.7000,166700
137.1000,140.9990,135.2000,139.7000,373700
143.8000,147.2000,140.2000,145.6000,878600
141.2000,146.7680,140.8000,143.0000,284000
142.4000,144.5000,141.1000,143.4000,165300
142.0000,148.3050,142.0000,146.0000,289600
145.0000,146.6000,142.7000,146.6000,203300
142.0000,146.0000,142.0000,145.4000,141500
143.6000,146.0000,142.3000,146.0000,226400
150.5000,150.5000,150.5000,150.5000,1291100
145.0000,154.3000,145.0000,152.8000,1521700
152.0000,154.0000,151.4000,154.0000,160700
156.0000,156.0000,153.1000,153.6000,357300
153.1000,162.0000,153.1000,162.0000,391000
160.5000,162.9000,158.3840,161.0000,559900
154.5000,161.7000,154.5000,160.0000,131100
160.0000,160.0000,160.0000,160.0000,0
162.1000,162.3000,157.4000,160.2000,392600
160.3000,164.9000,160.1000,161.6000,174900
162.0000,162.6300,160.2000,160.3000,25900
160.7000,175.7090,160.7000,166.0000,379100
167.7000,178.7770,164.1000,171.5000,745700
172.3000,174.0000,164.9000,164.9000,258500
166.5000,172.9000,164.1910,168.0000,214400
168.5000,172.2000,165.5000,172.0000,248700
170.5000,176.0000,170.5000,174.7000,219200
174.7000,174.7000,168.5000,169.6000,246100
167.5000,176.8000,165.9000,170.6000,236300
167.4000,171.9800,165.5000,169.0000,78700
170.5000,172.5660,167.3000,170.0000,112300
172.0000,174.9000,169.9730,172.6000,127500
170.9000,172.2000,165.3000,166.1000,219400
167.0000,167.0000,162.3000,163.0000,192600
167.9000,167.9000,167.9000,167.9000,99200
169.9000,171.3040,168.6000,170.8000,70600
169.3000,172.8000,164.3000,164.3000,136700
166.6000,166.7000,165.0000,165.8000,176000
166.1000,167.5600,165.1000,167.0000,304100
163.3000,168.4670,160.4000,166.0000,512500
165.8000,166.8140,162.5000,165.0000,205500
167.2000,167.6350,162.9000,167.4000,443500
168.3000,171.9000,165.8000,169.6000,166300
170.3000,170.3000,166.0000,169.5000,67200
168.5000,170.7080,161.5000,165.7000,661300
165.3000,167.1530,162.8000,165.1000,324900
163.0000,169.2000,160.1000,163.9000,744600
163.9000,166.1000,160.4240,163.5000,299100
162.0000,163.9000,157.1000,159.0000,344000
159.0000,162.0000,159.0000,159.8000,350800
159.8000,169.5000,159.8000,162.5000,73000
161.0650,168.1000,158.7390,161.9000,164400
162.1590,171.9000,158.7000,167.6000,385100
169.0000,178.0000,162.2000,165.8000,561800
166.3000,169.6000,164.2000,169.3000,191100
170.0000,174.5290,169.3000,171.4000,343900
169.4000,174.5000,164.9000,172.9000,344500
171.8000,174.9000,170.9200,174.7000,388500
174.7000,182.7000,174.7000,181.0000,505100
182.1000,186.0000,180.9000,185.5000,297000
187.0000,192.5000,181.1000,183.3000,178200
182.7400,183.0000,176.2000,179.5000,405600
177.8000,186.2600,177.8000,179.8000,281800
179.8000,182.2350,175.0000,178.8000,529100
182.3000,185.4000,179.6000,181.2000,533500
179.5000,188.2000,179.5000,185.5000,709700
187.5000,187.5000,179.2000,180.2000,132400
173.1000,190.0000,173.1000,182.0000,1842100
179.5000,183.1000,178.0000,179.6000,190300
178.9000,184.8000,178.9000,183.8000,201200
183.1000,188.7000,175.2000,180.1000,139500
180.2000,186.4000,176.3000,184.1000,364300
182.7000,187.1000,180.0000,181.7000,145600
181.5000,189.0000,180.6000,181.0000,290100
183.3000,183.6000,175.7000,180.0000,569300
179.6000,190.0760,179.6000,187.1000,148300
186.1000,191.0000,181.1000,182.6000,158500
183.3700,190.0000,182.1000,188.1000,140600
186.5540,192.3000,186.5540,190.3000,279000
191.8000,196.4000,188.4000,196.1000,192200
196.4000,196.4900,190.4000,190.4000,86100
193.2000,193.6000,190.0000,190.7000,86800
190.7000,195.0000,189.7000,194.7000,787400
193.0000,194.3970,180.3000,181.5000,563600
181.0000,185.7000,175.0000,183.7000,426300
184.9000,188.9000,180.0000,186.3000,176700
186.6000,193.0000,186.2000,190.0000,422000
189.0000,190.2000,175.7500,188.8000,232000
187.0000,189.0000,180.7000,183.2000,224500
182.4000,197.8000,182.4000,193.2000,1210300
193.1000,194.9000,190.0000,194.0000,171600
191.3000,194.3000,189.0000,192.1000,232700
191.3000,196.9000,189.0000,193.6000,199400
195.1000,196.3000,192.3000,196.3000,597100
196.8000,200.1000,193.3000,198.0000,606000
198.0000,200.0000,187.8000,196.6000,256900
198.9000,199.8000,194.1000,196.0000,90800
199.4000,200.0000,197.6000,198.9000,143000
200.0000,201.8000,196.0000,196.7000,503200
195.4000,199.8000,191.2060,199.6000,166000
199.5000,200.0000,184.5000,199.1000,139500
200.0000,202.4000,196.7000,201.6000,343700
201.0000,205.7000,186.9000,200.4000,814300
202.6000,207.9000,193.1000,198.9000,1188400
197.4000,205.1000,193.0650,205.0000,541000
204.3000,204.3000,196.2000,202.4000,339700
200.3000,203.2000,193.6000,202.2000,293400
203.0000,210.0000,200.1000,204.3000,216600
205.4000,212.4000,196.9000,210.0000,237500
207.1000,209.9000,202.3000,207.4000,73600
208.8000,209.0100,205.0000,206.4000,48100
207.5000,208.4000,203.0000,207.9000,109700
209.2000,209.2000,198.1000,203.5000,147600
202.9000,207.3000,202.1000,206.4000,66600
204.8000,215.4000,204.8000,215.4000,110500
208.7000,215.3000,208.0000,213.6000,404000
215.0000,215.0000,210.0000,212.4000,154600
214.5000,229.1000,213.0000,227.5000,532900
224.9000,228.1840,213.3000,215.0000,301600
219.9000,224.0000,203.7020,220.4000,183000
226.6000,229.1000,221.8000,225.0000,217800
224.3000,234.8910,221.4720,225.2000,323000
228.0000,228.8000,220.0000,224.5000,143600
235.5000,240.2140,221.8000,234.1000,297200
233.2000,233.2000,225.0000,230.0000,193400
222.9000,231.1000,215.8000,221.0000,356500
223.7000,232.2000,211.8050,227.7000,170500
230.0000,230.0000,222.8000,226.7000,230700
224.0000,231.0000,219.0000,226.9000,187000
220.3000,223.5000,215.4000,216.4000,213100
215.4000,225.6220,210.3660,224.0000,85100
219.7000,229.6000,219.0010,226.4000,74700
225.2000,230.0000,220.2000,221.0000,445600
225.5000,225.5000,217.0000,220.2000,179100
217.3000,232.9000,217.3000,227.0000,964500
224.9000,230.2000,220.7000,230.0000,192700
231.4000,231.4000,226.6000,228.6000,178000
232.0000,232.0000,225.2000,227.1000,71500
224.0000,226.2000,222.0000,224.8000,122800
219.8000,231.1000,219.8000,230.3000,236200
225.6000,233.7000,225.6000,232.9000,131500
230.3000,237.8000,224.5000,230.0000,224200
233.8000,235.0000,228.7000,233.7000,289800
231.1000,237.0000,229.2000,236.3000,483900
239.7000,252.4000,237.6000,240.0000,365800
235.1000,239.1000,230.6000,233.3000,181700
235.0000,258.1720,223.6000,242.5000,332300
249.7000,265.0000,243.4620,250.9000,539300
251.0000,252.8000,247.4000,250.0000,325500
254.9000,264.1020,243.8970,261.2000,317000
262.0000,264.6100,248.7000,256.0000,261600
258.8000,266.6000,241.4000,257.6000,533100
270.0000,270.0000,248.0730,258.0000,380100
250.0000,258.7130,246.5620,256.5000,375800
253.2000,265.8000,251.4000,254.5000,298000
255.5000,259.4890,248.3000,252.0000,124900
262.0000,262.0000,245.0000,247.4000,325100
247.2000,254.5000,245.0000,249.9000,313100
248.6000,250.9000,245.6000,248.3000,255000
250.3000,260.4000,249.2000,260.4000,193300
261.1000,266.8420,255.2000,266.2000,263100
265.6000,268.6690,258.8000,261.0000,292800
260.3000,265.8000,252.2070,262.2000,214300
259.3000,261.6530,252.5000,258.0000,227800
263.9000,266.0000,258.0000,265.9000,164300
269.2000,270.0000,251.0000,255.0000,169600
256.1000,267.1290,251.8000,255.1000,160100
250.0000,260.5900,250.0000,256.6000,127300
256.6000,262.0000,235.5000,242.7000,170200
204.0000,236.3000,191.1000,211.7000,858400
213.4000,221.0000,202.9000,212.5000,210300
212.0000,230.0000,195.5000,220.7000,300500
224.8000,225.8000,200.0000,201.3000,289700
207.7000,217.9000,194.2000,205.9000,474400
211.0000,221.0000,206.5670,211.4000,265700
214.2000,224.0000,212.1000,220.0000,184700
219.2000,223.3000,213.7180,222.8000,264900
220.0000,223.0000,210.3000,217.7000,285500
216.7000,217.8000,208.5000,210.1000,202500
211.5000,221.5000,203.6000,207.0000,302300
205.0000,212.5000,203.3000,203.3000,145800
205.6000,207.9000,200.1000,206.2000,156100
207.8000,220.4000,205.9000,208.5000,197100
208.0000,210.1000,203.5000,208.5000,128000
207.8000,208.5000,200.0000,206.1000,184900
208.7000,211.3000,203.5000,205.1000,258300
207.0000,214.0000,202.4000,213.8000,317000
215.3000,218.0000,210.0000,214.2000,82300
211.4000,215.6000,205.5000,212.0000,175100
212.9000,215.4000,207.1000,210.4000,126400
210.6000,214.6000,203.1000,210.0000,222500
215.0000,222.6000,210.0000,219.0000,397500
222.2000,231.0000,211.8520,225.0000,178100
223.0000,227.5000,218.0000,223.6000,104500
220.8000,222.3000,215.8660,216.8000,76900
215.0000,219.9000,213.2000,217.3000,80200
221.0000,233.6000,218.0000,220.0000,329500
224.3000,227.0000,208.6140,222.5000,107000
220.6000,229.7000,220.0000,224.7000,252900
216.0000,230.0000,216.0000,229.5000,240000
217.7000,233.0000,217.7000,229.9000,243400
231.0000,231.0000,226.5000,228.9000,230000
219.3000,228.2000,219.2000,219.2000,114600
219.7000,228.9000,219.7000,227.4000,132600
227.7000,229.9000,216.3030,221.7000,162800
222.8000,230.8750,219.7000,221.0000,150800
220.4000,226.1000,217.0120,220.0000,100100
218.4000,222.8000,214.0000,222.8000,259700
223.4000,226.9000,216.0000,218.8000,193600
216.2000,229.5000,210.2000,218.5000,132300
215.5000,220.0000,204.0000,204.0000,290300
210.6000,217.2000,204.1000,206.6000,201100
204.0000,216.1000,197.0000,211.4000,310900
212.4000,212.9000,203.2000,210.0000,118200
214.3000,219.1000,208.7000,214.7000,162100
214.9000,221.6000,213.6000,218.9000,117100
219.1000,221.6000,214.9890,221.6000,299500
221.7000,235.1000,221.7000,231.0000,241900
230.9000,235.8000,228.0000,230.0000,305200
230.1000,232.5400,220.6000,231.9000,105700
231.2000,239.9000,227.7000,237.7000,181000
241.0000,241.0000,225.2000,229.6000,277200
228.0000,234.6000,222.0000,229.6000,128800
228.5000,236.9000,227.9710,236.2000,191700
238.8000,241.0000,235.1000,237.6000,201400
235.9000,241.0000,232.6600,236.9000,479100
235.7000,235.7000,225.2000,228.3000,153800
237.0000,241.0000,229.6000,240.6000,299900
236.0000,243.6100,226.8470,240.0000,250500
237.9000,249.8000,227.3000,229.5000,611400
227.4000,244.8000,220.3000,238.0000,427700
240.0000,240.0000,230.5000,236.8000,259800
232.6000,242.0000,232.0000,240.2000,241700
241.0000,241.6000,235.2170,239.4000,174800
233.4000,237.6000,226.2000,235.6000,218900
232.4000,240.0000,232.4000,236.9000,271200
242.3000,242.3000,232.1000,237.0000,383500
232.7000,241.7000,231.5360,237.4000,181600
238.9000,241.1000,237.9000,237.9000,231800
240.2000,241.4000,236.0770,239.0000,104200
238.6000,241.0000,230.8000,238.4000,168600
239.2000,240.5350,235.1000,239.0000,161400
236.9000,243.1150,234.5000,234.5000,187500
231.9000,238.1570,226.8000,233.1000,67400
246.3000,246.4000,225.1000,232.8000,127700
232.7000,239.0000,227.0000,237.4000,249700
235.1000,236.7000,227.9000,228.8000,124900
232.1000,237.9000,226.1710,228.1000,56300
230.8000,231.1000,224.1560,225.4000,142100
230.5000,238.9000,225.1000,227.9000,111700
228.8000,230.1000,224.8000,227.0000,97400
224.2000,233.6000,224.2000,233.4000,496600
234.5000,235.4000,222.1910,227.2000,131000
224.1000,233.0000,215.2880,231.9000,150100
232.0000,232.7000,217.9370,224.0000,271000
221.6000,228.3000,220.1000,227.0000,198400
229.0000,229.0000,217.0440,227.6000,238800
229.7000,229.7000,207.6000,209.0000,385900
208.7000,220.0000,208.7000,211.6000,315600
212.4000,218.0000,203.2000,203.2000,495600
202.5000,209.9000,196.3000,205.0000,541700
202.7000,211.1000,193.8000,199.5000,522200
210.2000,211.9120,187.9280,190.0000,797600
198.9000,215.4000,193.3000,210.0000,6589100
215.0000,216.7000,203.9000,206.1000,542600
206.3000,215.0000,204.6000,205.5000,550100
207.7000,211.8000,205.1000,209.9000,373600
211.3000,211.6000,207.0000,207.8000,125400
209.7000,210.1680,203.9000,206.4000,110600
206.4000,206.4000,206.4000,206.4000,0
206.4000,206.4000,206.4000,206.4000,0
207.8000,212.6000,206.7000,208.3000,190400
209.1000,211.2000,205.4000,209.4000,174300
210.7000,213.4000,210.4750,213.4000,36900
213.4000,213.4000,213.4000,213.4000,0
215.5000,216.6670,209.8000,215.2000,329700
215.6000,221.2000,215.6000,220.1000,602700
221.1000,226.6000,220.0000,225.0000,1558900
226.1000,230.0000,224.0000,230.0000,316900
229.2000,237.6130,222.9580,233.8000,1595600
233.1000,236.7800,231.7200,233.6000,1910700
232.9000,234.1000,227.9000,229.6000,124300
229.0000,234.1000,228.1000,234.0000,820700
236.3000,236.3000,229.4000,231.5000,162900
229.9000,236.3000,227.4000,233.9000,122900
236.9000,237.9000,230.9000,230.9000,223000
231.5000,231.5000,227.1000,228.6000,262600
229.0000,235.1000,224.2440,234.0000,511700
235.9000,237.0150,233.5000,235.0000,256200
233.6000,235.5000,231.5520,234.5000,757500
235.5000,237.2000,229.8000,230.0000,237800
231.3000,233.9000,228.3880,232.8000,150700
234.5000,237.7000,231.6420,237.1000,577900
236.1000,239.0000,232.6000,237.8000,835300
237.9000,238.8000,223.5250,238.1000,273400
239.8000,244.8000,235.9000,244.8000,466300
245.6000,251.9000,244.7000,250.3000,623200
244.9000,253.5000,242.4000,248.3000,447700
240.0000,257.8000,235.8840,256.7000,400600
255.9000,261.0000,252.2000,254.2000,172000
255.7000,257.6000,251.4000,257.6000,260900
258.9000,258.9000,251.7000,256.4000,193900
256.0000,258.1000,253.5000,256.7000,1070700
256.0000,259.0000,250.0000,259.0000,109900
259.0000,261.0590,255.0000,261.0000,1634200
259.5000,262.8000,258.0000,262.8000,205400
265.3000,284.6160,265.0000,278.0000,1650500
277.3000,279.6540,274.1000,276.0000,619400
276.4000,289.4000,274.7000,286.8000,540800
289.8000,293.5000,285.7150,290.5000,458000
291.0000,293.1760,286.0000,289.8000,659100
289.3000,292.9000,285.0000,290.0000,640200
289.0000,295.7000,287.5700,294.8000,308600
296.8000,297.3110,291.6000,294.1000,192200
270.5000,296.9000,266.2000,292.2000,139800
289.4000,296.1000,282.4540,296.1000,256000
297.0000,297.0000,293.8000,295.0000,373100
293.5000,295.6300,284.2980,293.4000,136700
292.8000,295.2000,289.2000,293.7000,66500
293.7000,293.7880,285.1000,287.4000,244000
282.0000,285.3000,276.1000,278.7000,353700
280.0000,283.0000,273.7000,280.5000,242500
283.0000,288.5000,266.9410,280.5000,418100
279.8000,282.1450,275.7000,279.6000,894900
278.6000,285.0000,276.6000,284.4000,144700
284.5000,293.9000,284.0980,293.6000,404000
294.2000,294.9820,291.5000,292.2000,451500
291.9000,294.0000,290.5000,293.5000,243400
295.0000,295.0000,290.8840,291.0000,710600
291.4000,292.2000,285.9000,286.7000,216200
284.4000,287.4000,275.8080,283.9000,171100
285.6000,289.9000,285.6000,287.0000,180900
288.4000,288.4000,284.9650,287.7000,222600
289.0000,289.8000,285.2000,287.5000,163800
290.0000,292.3000,288.1000,289.6000,257100
291.2000,291.2000,285.0000,286.1000,196300
285.2000,288.8000,280.7790,282.2000,382500
280.9000,286.2000,280.9000,284.5000,177100
286.1000,291.6000,285.6000,289.0000,274700
290.7000,294.6310,288.1000,293.4000,336500
293.3000,294.0000,286.7000,289.6000,242900
289.5000,290.2450,280.5000,280.5000,329400
281.0000,289.8000,280.0000,285.0000,405700
285.0000,285.0000,285.0000,285.0000,0
285.0000,285.0000,285.0000,285.0000,0
284.1000,284.1000,270.5000,270.5000,602600
270.8000,273.5000,265.4550,273.3000,540400
272.3000,290.7000,272.3000,287.0000,368700
285.9000,287.4000,279.3560,281.2000,253200
280.7000,284.4470,277.4000,277.4000,363300
278.5000,282.0000,277.2760,281.3000,355300
282.3000,284.7000,279.7070,283.0000,899100
282.7000,285.0000,277.6000,279.9000,387600
278.8000,283.0000,276.0000,280.9000,247100
278.4000,284.5000,274.5000,279.8000,524700
280.2000,286.2000,269.1490,285.0000,1094200
296.5000,296.5000,279.5000,291.0000,1198400
291.5000,295.8000,288.7000,294.5000,510400
292.5000,302.1000,292.5000,302.0000,774200
302.0000,304.1000,299.2000,302.2000,828100
300.7000,306.6000,300.7000,306.6000,562400
305.0000,313.6000,305.0000,312.7000,813500
312.4000,315.6000,310.6000,315.6000,1233100
315.0000,315.9890,303.9000,305.2000,325500
305.2000,305.2000,305.2000,305.2000,0
306.5000,309.5450,299.8240,300.4000,585000
301.2000,305.5000,299.1000,300.9000,816900
303.8000,306.0000,301.2000,303.0000,216200
303.2000,310.7000,302.5000,310.0000,477500
306.9000,307.6000,300.3000,302.6000,286600
303.6000,310.5000,300.9000,302.5000,310100
300.4000,300.9000,293.8240,297.6000,236100
298.7000,302.9000,296.8000,296.8000,215400
294.2000,294.6000,287.0000,288.8000,157300
288.7000,290.8000,286.3000,287.3000,136600
289.9000,297.6000,289.7000,296.2000,346100
293.0000,293.7000,286.2000,288.0000,338800
288.9000,292.1000,286.9000,289.2000,282500
290.7000,292.2000,278.2880,289.0000,887600
300.0000,300.0000,287.2000,287.5000,172700
290.7000,299.5000,290.7000,298.7000,281100
295.4000,297.1040,293.2000,293.3000,133400
293.5000,296.2040,290.5000,296.1000,455500
296.0000,296.1000,285.5000,289.6000,406100
289.6000,289.6000,289.6000,289.6000,0
289.6000,289.6000,289.6000,289.6000,0
291.2000,295.0000,281.5390,295.0000,170700
295.0000,295.7000,290.2000,291.7000,297000
291.6000,295.0000,287.7000,294.8000,333000
299.0000,299.8340,292.9000,293.3000,153000
292.0000,295.0000,289.6000,295.0000,294200
293.8000,297.7000,293.8000,296.0000,235000
294.5000,295.9000,288.5000,290.7000,188500
291.2000,292.8000,288.3000,289.0000,440100
293.1000,293.1000,289.2000,292.0000,152000
294.9000,305.1000,294.3000,303.0000,304800
301.5000,310.0000,296.9000,310.0000,387500
305.1000,310.0000,305.1000,308.5000,132600
305.7000,306.7000,300.8000,304.8000,139900
301.9000,304.5000,298.1000,298.1000,123500
298.4000,301.3000,297.3000,298.0000,125700
297.1000,300.2040,296.2000,298.0000,223500
300.4000,300.4000,292.5000,295.6000,100900
306.5000,308.4000,300.8000,305.8000,195400
305.0000,310.0000,305.0000,310.0000,267200
310.0000,314.2000,308.8000,310.2000,173000
307.5000,311.0000,303.1710,309.1000,57900
310.1000,310.1000,304.6000,307.4000,73600
305.4000,310.0000,299.8000,310.0000,163400
307.6000,311.0270,301.7000,302.0000,194700
302.0000,306.3000,301.6000,305.5000,477500
303.8000,306.3000,299.4000,300.7000,172500
301.2000,301.2000,292.8000,295.5000,143600
294.6000,300.0000,294.6000,297.6000,206000
298.2000,300.0000,296.0000,298.0000,191900
300.1000,300.1000,295.8000,295.8000,208500
297.7000,298.9000,291.5000,294.7000,497500
294.5000,298.1000,288.0000,290.7000,813000
291.4000,295.8000,291.2110,294.7000,138400
306.9000,306.9000,284.9450,288.3000,195700
289.3000,292.4000,284.8000,290.0000,187100
290.5000,293.1000,288.4000,290.0000,125900
290.0000,293.8000,289.7000,291.0000,206700
293.4000,296.3000,287.9000,289.5000,115400
289.5000,295.0000,282.7000,289.0000,346100
289.6000,294.7000,285.6000,288.6000,224700
286.5000,293.6000,280.7800,285.0000,872200
285.5000,288.6000,282.0000,282.9000,195000
282.1000,292.5000,281.2000,290.0000,580200
290.0000,301.0000,290.0000,301.0000,341300
300.0000,306.1000,299.6000,301.0000,259800
300.1000,306.1800,299.8000,300.8000,144600
301.3000,303.5000,299.5000,300.4000,124800
302.3000,312.9000,301.1000,305.0000,132100
306.0000,306.0000,298.3000,302.4000,109800
301.9000,306.6000,300.9000,303.2000,145700
300.6000,304.1000,300.2000,301.0000,100300
302.0000,308.1000,299.7500,302.1000,73800
301.0000,303.3000,294.8000,300.0000,120700
300.0000,309.0000,299.8000,301.2000,80500
300.8000,309.5000,293.8150,299.8000,80900
296.7000,301.7000,296.7000,300.7000,82500
300.8000,300.8000,291.4790,296.0000,138200
295.0000,299.4000,294.0000,295.8000,192900
295.8000,295.8000,295.8000,295.8000,0
294.0000,304.9000,293.5000,294.5000,184600
295.0000,298.0000,294.9100,298.0000,129700
296.2000,300.4310,295.1000,299.5000,152400
297.9000,309.5000,297.9000,306.0000,196500
303.6000,312.1000,298.2090,310.0000,417700
313.0000,317.0000,310.0000,314.0000,470400
313.0000,331.5000,313.0000,324.0000,1115700
327.0000,330.0000,323.0820,330.0000,340200
323.0000,331.6800,323.0000,331.0000,583300
328.1000,334.5800,328.1000,332.3000,256600
331.0000,333.7000,325.0000,332.0000,199000
331.1000,334.5500,330.1000,334.4000,645500
332.4000,337.0000,331.7000,336.0000,500200
336.8000,339.0000,327.3570,339.0000,364900
337.1000,344.5000,334.5400,344.5000,270800
341.0000,346.0000,340.9000,346.0000,321500
346.5000,350.0000,344.2000,350.0000,715000
345.5000,348.4000,343.1000,347.6000,215000
348.9000,352.0000,346.2000,348.9000,311600
347.4000,352.6000,346.9000,352.6000,320900
353.0000,353.9000,350.4000,351.0000,173300
348.9000,352.2000,343.9290,346.9000,312400
346.4000,346.9000,341.8000,343.0000,184200
342.7000,347.7000,342.1000,344.1000,161900
352.0000,352.0000,338.4560,345.5000,169600
349.5000,355.0000,347.8000,355.0000,181800
352.5000,361.9930,352.5000,360.0000,240500
359.2000,387.0000,354.6000,382.8000,677600
384.1000,390.0000,380.7000,387.2000,644600
389.5000,391.8720,384.4150,388.9000,346800
390.0000,398.5000,387.2000,398.5000,371500
394.8000,396.5460,384.8000,386.5000,420300
385.7000,391.5760,385.0000,389.2000,194500
387.7000,404.4000,385.2820,394.0000,712800
392.5000,400.7880,392.1000,395.0000,249700
394.6000,400.7000,391.8000,400.7000,261200
400.6000,412.2420,398.1000,410.9000,292900
410.4000,416.8940,406.9790,411.0000,334300
409.7000,417.4560,407.3100,410.0000,247400
410.0000,413.4290,409.9000,410.0000,93300
408.5000,412.4000,399.4430,404.0000,510400
400.0000,404.3100,392.3000,398.9000,375000
401.5000,408.7000,399.3150,406.0000,320600
407.0000,407.0000,396.5000,405.0000,238800
405.8000,407.6000,401.0000,404.1000,116000
400.3000,405.9000,393.7000,397.9000,279900
396.0000,402.0000,395.3600,398.9000,120300
401.9000,409.2000,401.3010,405.7000,263700
407.1000,407.6000,403.7000,406.9000,172300
408.5000,408.5000,400.0000,400.0000,73700
400.3000,403.8000,399.5000,401.4000,131400
403.4000,404.1000,393.9000,393.9000,226100
398.1000,404.5000,392.3510,392.5000,252500
394.3000,396.0000,378.8390,385.7000,389600
387.0000,401.3000,383.2240,396.9000,237300
395.3000,403.6000,393.9400,403.4000,157300
402.2000,403.2500,393.6000,393.6000,314500
392.6000,394.4400,384.6000,386.6000,162200
386.2000,391.7400,385.2000,385.5000,149900
388.0000,397.2000,384.9820,397.2000,259900
394.1000,397.5370,390.0000,393.0000,149400
394.9000,400.9280,392.9000,399.8000,134300
402.6000,403.0000,397.9000,399.7000,222400
400.9000,401.0000,390.9680,391.2000,119600
386.0000,391.3000,379.1000,380.5000,276400
381.6000,383.2000,377.7920,381.0000,126800
381.8000,385.4000,374.0660,381.2000,156100
388.0000,388.0000,378.9400,381.4000,184300
382.2000,383.4000,377.9000,380.9000,194300
375.2000,384.1000,375.2000,383.6000,238700
383.7000,385.4000,382.5000,384.7000,51600
386.5000,390.3000,383.1000,389.6000,84800
391.0000,399.9000,391.0000,397.0000,219300
399.7000,400.0000,394.4000,399.0000,133400
384.6000,393.2000,381.6000,386.0000,268900
387.6000,404.4000,386.7000,404.0000,359100
404.2000,409.3000,401.0000,409.3000,358100
401.0000,411.2600,380.0000,386.2000,898400
385.6000,390.9420,356.8000,367.4000,547000
369.9000,387.3000,369.8000,381.2000,363500
386.2000,386.2000,381.2500,385.7000,349800
388.7000,395.1000,381.4000,381.5000,337300
383.4000,383.4000,379.5000,380.9000,137900
380.9000,384.9000,377.1000,382.8000,218600
381.7000,384.7000,378.6640,381.0000,12300
381.0000,381.0000,381.0000,381.0000,0
373.8000,382.7000,371.3830,382.3000,236400
384.0000,389.9000,384.0000,389.9000,105600
391.2000,399.5520,384.2200,386.5000,39200
386.5000,386.5000,386.5000,386.5000,0
393.4000,399.4120,388.0950,395.0000,205800
392.8000,400.0000,391.3000,398.0000,126800
398.0000,400.9000,397.0000,398.0000,108100
401.0000,401.0000,390.1000,400.0000,96500
396.2000,396.5250,382.5620,395.9000,183600
397.9000,399.9350,395.3000,397.2000,182900
398.3000,401.3850,393.0000,401.0000,537700
402.0000,404.9000,399.4000,403.0000,898300
404.9000,406.8000,402.9000,404.0000,420300
404.2000,406.5000,398.1000,405.3000,163800
402.8000,409.5000,399.6000,408.0000,341900
406.0000,409.0000,405.8000,408.0000,188800
408.0000,409.8650,405.7600,407.6000,144600
407.9000,407.9000,402.3000,406.6000,110000
407.4000,408.8000,404.1000,405.0000,123400
400.6000,401.7000,396.1000,400.2000,165700
400.0000,401.8000,397.7000,398.9000,259800
402.3000,404.0000,394.9740,403.6000,123900
406.2000,411.0000,396.7000,400.0000,98900
400.0000,402.6000,393.0000,395.5000,164200
397.1000,397.1000,393.9470,397.1000,207000
398.0000,400.0000,393.8000,394.7000,70200
399.1000,404.6000,398.3000,402.9000,108700
414.0000,419.5000,394.4000,413.0000,287400
414.0000,422.4000,394.9000,421.2000,177800
430.0000,430.0000,418.9000,421.2000,774100
427.5000,442.2000,421.4000,432.8000,607600
444.3000,444.3000,425.2740,440.3000,159100
440.0000,440.8000,432.3000,433.5000,146800
433.0000,438.5000,433.0000,438.0000,283000
436.8000,443.2000,434.8000,440.0000,156600
440.0000,443.9000,416.2370,420.5000,182800
415.0000,421.3000,415.0000,420.0000,167300
418.2000,429.8700,417.4950,427.7000,185600
438.7000,447.1000,429.0000,437.0000,246600
439.2000,440.1000,411.6000,416.0000,367900
435.0000,444.9000,429.2000,440.0000,1635300
452.1000,452.1000,427.5000,435.0000,307600
439.5000,448.6500,427.4000,430.5000,305000
391.0000,410.0000,391.0000,409.0000,3060500
407.8000,415.4520,400.3000,414.5000,626700
415.0000,419.8000,412.6980,417.5000,474700
403.9000,418.0000,401.5000,418.0000,269400
415.2000,422.8000,413.9480,422.8000,217700
426.5000,440.0480,404.3390,429.9000,354800
432.1000,434.9000,417.3400,427.4000,180900
433.0000,434.3000,420.4990,426.9000,471100
429.4000,432.9320,425.6000,430.1000,266000
417.5000,432.5590,417.5000,430.0000,187100
428.4000,430.6000,425.1990,427.6000,219400
432.4000,432.4000,422.3000,427.5000,212100
427.2000,436.3000,424.4920,434.9000,307000
436.1000,438.0140,424.7000,424.7000,915200
424.2000,426.2000,407.4780,422.0000,520000
423.6000,424.2000,417.6000,419.5000,256900
419.6000,427.0000,418.6000,424.7000,193200
427.2000,430.1000,418.9300,423.6000,409600
422.5000,436.2000,421.5000,432.3000,251700
432.3000,436.7000,429.7000,434.2000,785100
436.9000,438.8000,428.5000,431.0000,470000
431.5000,436.0000,423.5000,425.1000,3859800
426.3000,437.2000,417.8000,426.2000,369300
426.2000,426.2000,426.2000,426.2000,0
426.2000,426.2000,426.2000,426.2000,0
424.5000,425.0000,415.2300,421.0000,618800
422.5000,429.0000,418.4340,428.5000,182400
428.4000,428.4000,420.0000,423.0000,230700
424.2000,424.2000,413.5000,416.0000,371600
412.7000,425.0000,412.7000,420.0000,241700
419.5000,423.4000,416.4060,422.6000,314100
423.3000,425.0000,421.6000,421.8000,419000
419.2000,427.0000,419.2000,427.0000,331900
415.3000,428.0000,415.3000,426.4000,534700
425.3000,425.3000,411.6540,419.2000,171400
417.2000,420.0000,413.8000,417.1000,213600
417.1000,424.0000,412.7000,424.0000,274900
423.6000,426.5860,418.0000,424.7000,194500
423.1000,441.9000,423.1000,439.8000,403600
436.9000,444.0000,436.1000,440.0000,245700
440.5000,449.8000,439.1000,446.6000,572400
447.2000,458.0400,442.5320,454.5000,570000
455.3000,466.6000,452.0000,465.0000,1552400
462.0000,469.4480,462.0000,467.2000,505800
466.7000,475.0000,464.3000,466.6000,666500
470.0000,470.0000,462.5960,466.2000,486800
467.0000,471.0000,463.6550,468.2000,106200
468.2000,471.5000,464.7000,471.1000,456500
472.0000,477.4790,469.1000,477.0000,231500
477.0000,477.0000,477.0000,477.0000,0
478.6000,481.1000,476.8000,481.1000,204400
482.3000,484.1000,473.7000,476.4000,188500
477.1000,483.6000,477.1000,482.9000,123400
484.8000,494.7000,483.8450,494.7000,285700
500.0000,502.0000,494.3000,502.0000,250300
499.7000,505.0000,499.7000,503.5000,210000
506.0000,507.5000,502.0000,507.5000,181800
513.5000,524.5000,505.5100,519.0000,757700
519.5000,528.5000,517.1200,526.5000,1306900
528.5000,532.1550,516.5000,520.0000,416200
520.0000,522.0000,514.3950,519.5000,346700
521.0000,521.0000,512.0000,518.0000,495700
503.0000,509.0000,498.0000,506.5000,227400
510.0000,510.0300,504.0000,507.5000,134600
507.5000,507.5000,507.5000,507.5000,0
512.0000,519.0000,508.6060,518.0000,246800
503.5000,516.2000,500.5000,511.5000,298900
510.0000,522.0000,510.0000,521.0000,209100
520.0000,520.4450,498.0690,511.5000,749500
512.0000,517.0000,507.5000,513.5000,95100
517.5000,526.0000,511.1750,523.0000,217700
516.5000,522.0000,513.5000,517.0000,283500
517.0000,520.0000,507.5000,509.5000,161500
509.5000,519.5000,505.0000,516.5000,198500
518.0000,534.0000,517.5580,529.0000,582500
530.0000,530.5000,511.5000,521.0000,268700
516.0000,523.0000,515.5000,522.0000,260500
518.0000,519.1000,510.0000,514.0000,167900
519.0000,524.5000,515.5000,523.5000,117300
523.5000,539.4230,521.9230,526.5000,185200
527.0000,533.5000,523.1600,533.5000,204800
535.0000,540.0000,528.0000,540.0000,203300
537.0000,544.0000,526.5000,526.5000,300900
526.5000,537.5000,522.5000,537.5000,408900
528.5000,532.5000,504.5770,514.5000,514500
516.5000,524.5000,515.0770,523.0000,190200
528.5000,537.0000,523.5000,534.0000,654300
539.5000,553.0000,535.0780,553.0000,317000
562.0000,562.0000,540.7840,552.5000,359000
555.0000,563.5000,549.0500,563.5000,141700
563.0000,563.0000,552.0000,552.0000,145500
550.5000,563.0000,548.0000,560.0000,476900
564.5000,595.0000,561.0000,569.0000,497000
572.0000,572.0000,562.9770,563.5000,175400
564.0000,571.0000,564.0000,565.0000,142000
575.0000,575.0000,564.1550,565.5000,285000
563.5000,569.0000,563.0000,568.0000,274300
568.0000,573.0000,563.0550,568.0000,98800
567.0000,573.0000,564.0000,567.5000,225400
570.0000,604.1400,568.0000,593.0000,1152100
595.0000,597.7700,582.5000,589.0000,551200
591.0000,604.5000,586.5000,600.5000,518200
602.0000,645.0000,590.1350,638.0000,874900
643.0000,659.0000,633.1610,647.5000,449500
648.0000,648.5000,639.0750,645.5000,856400
645.5000,646.5250,638.6130,645.0000,404900
647.5000,659.5000,643.0000,653.0000,584200
654.0000,657.5000,647.3900,654.5000,839100
658.0000,662.5000,651.5000,661.0000,1865200
661.0000,670.0000,657.5000,663.0000,546300
664.5000,672.0000,658.0000,670.0000,527500
670.5000,670.5000,652.5000,659.0000,647100
658.0000,667.0000,655.0000,665.0000,471200
665.0000,669.5000,655.4480,659.0000,292300
658.0000,684.0000,657.0000,676.0000,993800
675.0000,685.1150,658.0000,665.0000,11092400
667.0000,668.5000,644.7250,646.0000,1286600
652.0000,660.0000,646.5800,660.0000,591000
663.5000,664.9350,654.0000,655.0000,344500
657.5000,657.5000,647.5000,651.0000,306800
651.0000,658.5000,650.0000,653.5000,311900
651.0000,656.0000,650.0000,650.0000,220800
651.0000,651.5000,641.7460,647.0000,530900
649.0000,649.0000,627.0000,635.0000,455600
639.0000,641.0000,635.5000,640.5000,246600
635.5000,637.2000,626.3750,634.5000,197200
638.5000,642.2500,633.5000,637.0000,358700
638.0000,652.0000,637.5000,650.0000,341700
651.5000,668.5000,650.4760,664.5000,346200
664.5000,664.5000,664.5000,664.5000,0
664.5000,668.0000,660.0000,662.0000,495700
662.0000,662.5000,650.5000,662.5000,768200
663.0000,675.5000,658.5000,672.5000,620500
677.5000,677.5000,670.5000,675.0000,496400
677.5000,693.9940,676.0000,692.5000,478100
690.5000,697.0000,688.0000,690.0000,883700
690.5000,700.0000,686.5000,698.5000,559700
700.0000,706.5000,695.0000,703.5000,685900
703.5000,707.0000,694.5000,704.5000,442300
696.5000,713.5000,696.5000,713.0000,482400
718.0000,731.5000,712.5000,715.5000,602000
721.0000,732.5000,716.0000,729.0000,763200
727.0000,728.5000,700.0000,705.0000,848200
702.5000,720.0000,700.9000,715.0000,326700
720.0000,730.0000,717.5000,721.0000,381200
720.5000,725.5000,706.0000,709.5000,327500
713.0000,716.0000,703.5000,706.5000,306300
715.0000,718.5000,702.0000,704.5000,544600
705.5000,711.0000,698.5000,701.5000,5612600
703.5000,707.0000,688.5000,694.0000,649100
695.5000,711.5000,689.2500,709.0000,438700
708.5000,714.0000,696.5000,704.0000,394400
705.0000,705.0000,694.0000,700.5000,310100
699.5000,713.0000,699.0000,713.0000,414500
706.5000,713.0000,702.0000,707.5000,488700
709.5000,711.5000,705.5000,710.5000,349300
705.5000,712.0000,700.0000,708.5000,274100
700.0000,705.5000,690.0000,698.0000,1089300
694.5000,706.0000,694.5000,705.0000,699000
701.0000,703.5000,672.5000,674.5000,879600
674.0000,684.0000,674.0000,676.5000,503200
675.0000,675.0000,664.5000,668.0000,539400
667.5000,683.5000,667.5000,683.5000,453900
683.0000,694.0000,682.5000,687.5000,380400
685.5000,688.5000,682.0000,685.5000,251200
689.5000,693.0000,687.5000,693.0000,579000
695.0000,700.0000,689.0000,691.5000,855500
688.5000,701.5000,688.5000,701.5000,467400
705.5000,720.0000,703.0000,711.5000,886100
717.0000,720.5000,709.3600,720.0000,639700
720.0000,721.5000,705.0000,706.5000,542800
707.0000,723.0000,707.0000,712.0000,751500
690.0000,690.0000,650.0000,685.0000,3952100
688.0000,693.0000,682.0000,688.0000,681800
692.5000,694.0000,682.0000,686.0000,418700
686.0000,690.0100,683.0000,687.5000,393900
688.0000,697.0000,686.0000,693.5000,630200
693.5000,700.5000,693.5000,700.0000,571200
702.0000,703.0000,695.0000,699.5000,346800
702.0000,704.0000,696.5000,700.0000,427800
702.0000,704.8800,699.5000,704.0000,511200
707.0000,713.5000,700.0000,700.0000,426300
704.5000,704.5000,687.0000,687.5000,621100
675.5000,689.5000,647.0500,686.5000,993000
691.5000,695.0000,684.0500,686.0000,520200
687.5000,687.5000,678.0000,678.0000,689300
677.0000,682.0000,675.1000,678.0000,780900
682.5000,688.0000,680.6200,686.5000,320400
688.0000,689.9500,683.0000,686.5000,389800
683.5000,692.0000,680.5000,684.0000,330600
680.0000,689.5000,680.0000,689.0000,310100
689.5000,691.0000,684.5000,689.5000,521500
682.0000,692.0000,682.0000,686.0000,460300
690.0000,694.0000,686.5000,693.0000,545300
698.0000,706.0000,689.5000,705.5000,385100
703.5000,709.0000,679.0000,707.5000,568400
709.5000,732.5000,706.5000,732.5000,904300
735.0000,747.0000,728.0500,743.0000,621900
745.0000,745.0000,725.5000,738.5000,331800
741.5000,745.1730,736.0000,743.5000,395700
740.0000,752.7000,740.0000,744.0000,786800
743.5000,746.4500,735.0000,737.0000,510300
735.0000,741.1000,733.0000,738.5000,548600
739.0000,753.5000,735.0000,751.5000,513800
753.0000,760.0000,748.5000,750.5000,601000
745.5000,761.0000,745.5000,757.0000,2145800
754.0000,771.4750,754.0000,771.0000,2140000
736.0000,767.5000,657.5000,674.0000,5075600
671.5000,703.0000,671.5000,702.0000,3373800
707.0000,708.0000,696.4090,702.5000,762500
711.5000,713.1510,704.5000,711.0000,591700
710.0000,727.0000,704.0000,712.5000,3651400
712.0000,734.0000,712.0000,727.5000,1410400
733.0000,733.0000,716.5000,718.0000,2748900
718.0000,720.9500,710.0000,717.5000,404100
715.5000,733.0000,715.0500,726.5000,98700
726.5000,726.5000,726.5000,726.5000,0
726.5000,726.5000,726.5000,726.5000,0
734.5000,734.5000,725.0000,728.5000,251500
715.0000,730.0000,715.0000,717.0000,257100
726.5000,726.5000,713.5000,715.0000,235300
715.0000,715.0000,715.0000,715.0000,0
722.5000,723.0000,715.0000,719.5000,1122800
717.0000,734.0000,717.0000,734.0000,697500
720.5000,744.1400,720.5000,740.5000,1092500
742.0000,753.5990,739.5500,750.5000,2274300
749.5000,755.9260,745.0500,753.0000,542800
750.5000,756.2100,736.5000,742.0000,580000
749.0000,760.0000,748.0000,756.0000,702000
746.0000,760.9500,744.0000,747.5000,835000
745.0000,747.0000,736.4450,738.0000,826900
737.5000,750.5000,735.5000,737.0000,571400
735.5000,740.0000,719.5000,721.0000,854100
726.0000,728.0000,712.0000,712.0000,557600
710.0000,721.0000,705.0000,714.5000,276400
713.5000,717.0000,709.9800,713.5000,387600
717.0000,720.8000,709.0000,710.0000,388100
715.5000,715.5000,695.0000,706.0000,570600
710.5000,717.0000,700.9000,708.0000,595100
715.0000,715.0000,694.5000,694.5000,437000
693.5000,703.0000,684.5000,687.0000,642700
690.0000,697.1930,674.5000,679.0000,717100
684.0000,689.0000,669.0000,680.0000,469300
678.0000,684.0000,662.5000,684.0000,656100
678.5000,689.0640,675.0000,680.0000,655200
680.0000,686.2540,675.0000,681.5000,677600
678.5000,686.0000,673.5000,681.0000,515700
680.0000,704.8050,675.0000,701.5000,630200
701.5000,704.0000,691.0000,691.0000,795400
691.5000,695.0000,685.0000,685.0000,558600
693.0000,717.5000,689.0500,708.0000,996100
711.5000,723.5000,707.0000,717.0000,747200
718.5000,720.5000,708.5000,717.5000,398800
715.0000,726.0000,715.0000,719.0000,356100
722.5000,722.5000,715.0000,721.0000,451000
723.0000,723.0000,709.5000,716.0000,512400
734.5000,780.5000,725.0000,767.0000,2386900
769.5000,779.5000,760.0000,776.0000,725300
779.0000,783.5000,772.5000,778.5000,772300
778.0000,793.5000,772.2980,793.5000,512900
795.0000,808.5000,789.5000,808.5000,1417100
804.5000,807.5000,797.5000,800.0000,594000
799.0000,807.0000,785.5000,798.5000,739100
801.5000,807.5000,796.0000,806.5000,492900
801.5000,803.5000,786.5000,798.5000,564300
808.5000,824.5000,801.5500,821.5000,737400
823.5000,823.5000,806.4600,812.0000,765500
811.5000,818.0000,809.5500,812.5000,4415500
812.5000,827.7750,806.5000,822.0000,1490200
823.5000,829.0000,808.5000,809.0000,731700
810.0000,848.4500,810.0000,838.0000,3482900
840.0000,843.0000,831.5500,840.0000,3947100
838.0000,844.0000,836.0000,836.0000,3036000
835.0000,839.0600,823.0000,825.0000,1758500
826.0000,859.5000,826.0000,858.5000,3926400
851.5000,862.5000,847.5000,849.5000,1352200
855.5000,859.0000,844.0000,850.0000,1059700
847.0000,854.0000,843.0000,846.0000,4084800
844.0000,845.0000,834.5000,836.0000,3692700
831.0000,844.5000,827.0000,838.0000,1290200
839.0000,852.5000,838.5000,852.5000,746400
856.5000,866.0000,853.0500,860.5000,1304200
860.5000,869.0000,857.0000,865.0000,740000
873.5000,881.5000,862.5000,866.0000,568100
864.5000,873.4600,844.5000,852.0000,882700
852.5000,893.0000,852.5000,892.5000,1547500
893.5000,921.6820,893.5000,907.0000,2098900
907.0000,917.0000,899.6100,916.0000,2643200
915.5000,924.5000,911.0000,922.0000,766600
913.0000,917.0000,891.5000,893.5000,1056000
850.0000,852.0000,791.0000,811.0000,7837700
811.0000,828.0000,808.7650,821.0000,3393500
823.0000,826.0000,807.0000,810.0000,1846600
801.5000,804.0600,770.5000,771.0000,2677400
765.0000,769.0000,730.0500,740.5000,3059000
745.0000,762.0000,723.0000,745.5000,3174200
760.0000,798.8360,760.0000,787.5000,2779900
786.5000,806.5000,785.9500,799.0000,1610900
799.0000,799.0000,799.0000,799.0000,0
799.0000,799.0000,799.0000,799.0000,0
803.5000,830.5000,801.5000,830.0000,2878000
830.0000,835.0000,790.6080,797.0000,2447500
797.5000,805.0000,783.0000,789.5000,1153200
789.5000,793.0000,776.5000,779.5000,1216900
781.0000,787.5000,769.5000,770.5000,676600
775.0000,782.0000,769.0000,776.5000,1002400
775.0000,787.0000,775.0000,783.0000,857200
786.0000,794.5000,777.4600,794.5000,478400
792.0000,800.0000,785.5000,788.5000,631700
788.5000,788.5000,788.5000,788.5000,0
788.0000,793.5000,774.5000,782.0000,913400
780.0000,791.5000,776.0000,789.0000,954900
790.0000,790.1000,777.5000,783.5000,629100
781.0000,785.3070,767.5000,768.5000,653700
772.5000,779.5000,758.5000,759.5000,1005200
764.0000,776.0000,762.0000,773.0000,1706700
772.5000,773.3750,760.5000,762.5000,1260600
772.0000,785.0000,728.0000,730.0000,3255000
731.5000,738.0000,689.0000,718.5000,3904500
722.0000,727.6650,707.5000,720.0000,1189500
720.5000,728.0000,717.0000,724.0000,1206200
722.0000,753.0000,718.5000,751.0000,1450600
757.0000,771.0000,752.5000,769.0000,1519800
770.5000,786.0000,767.5000,773.0300,1970400
773.0300,773.0300,773.0300,773.0300,0
783.0000,793.0000,772.5000,790.0000,1802900
791.5000,803.0000,788.5000,798.0000,1012300
799.0000,804.0000,790.0000,793.0000,901600
794.5000,807.5000,786.5000,786.5000,17453500
788.0000,792.2400,772.0000,786.0000,1693500
785.5000,787.0000,768.0000,771.0000,1090200
775.0000,799.5000,772.5000,799.0000,2355600
799.5000,799.5000,783.5000,797.5000,2316600
795.0000,813.0000,794.5000,813.0000,1523800
811.5000,829.0000,803.0000,825.0000,1550400
821.5000,823.0000,806.5000,815.0000,1613500
817.0000,820.0000,797.0000,813.5000,890200
815.5000,819.5010,808.5000,818.0000,894100
815.0000,815.0000,776.0000,779.0000,2520200
779.5000,790.0000,772.5000,776.5000,1122500
778.5000,782.5000,761.0000,765.5000,1268200
764.5000,770.0000,754.5000,756.5000,642800
761.0000,765.5000,756.0000,760.0000,764200
760.5000,766.0000,752.3490,752.5000,3589900
751.0000,754.0940,737.0000,742.5000,1180000
742.5000,743.0000,699.5550,720.0000,3669400
719.5000,722.5000,712.5000,712.5000,3283400
716.0000,721.5000,709.0000,719.0000,916300
720.0000,725.5000,715.0000,723.5000,808500
722.0000,725.5000,701.0000,706.5000,2311200
711.0000,728.0000,703.5000,727.5000,1221100
726.0000,733.0000,720.5000,728.0000,1611400
726.5000,772.0000,724.0000,769.0000,1803100
766.5000,769.0000,750.0000,753.0000,826900
751.5000,759.5000,740.3500,744.5000,746800
745.0000,749.5000,718.5000,720.0000,1780200
720.5000,723.0000,709.5000,714.0000,1991500
712.0000,718.5000,688.0000,702.0000,2353200
702.0000,711.5000,695.0000,698.0000,1428800
702.5000,731.5000,702.5000,723.0000,1561800
722.5000,729.0000,700.5000,704.5000,1004800
710.0000,717.0000,700.0000,713.5000,987700
723.5000,725.0000,690.0000,697.5000,1658700
696.5000,705.0000,681.0000,704.0000,1205000
708.5000,710.3500,691.6800,705.0000,1042000
707.5000,714.0000,702.0000,712.5000,843900
709.0000,725.5000,708.0860,708.5000,855200
713.5000,718.5000,697.5000,702.5000,1152600
698.0000,706.5000,691.5000,694.0000,764900
695.0000,699.0000,685.0500,688.5000,698900
688.5000,703.5000,688.5000,693.0000,1005000
692.0000,696.0000,682.6000,684.5000,814300
685.5000,685.5000,665.5000,668.0000,2067400
667.0000,667.9500,649.5000,663.5000,1184500
666.5000,667.0000,649.2960,656.0000,1317600
658.0000,660.5250,650.0000,660.0000,1111300
656.5000,656.5000,634.5000,647.0000,1526800
645.5000,658.5000,642.5000,656.0000,1083300
648.5000,659.0000,639.5000,657.5000,1163300
662.5000,673.5000,661.5000,662.0000,601900
661.0000,685.5000,660.5000,682.5000,1341000
684.5000,687.0000,672.5000,685.5000,999500
681.5000,693.5000,681.3000,689.0000,872100
691.0000,703.1100,690.5000,696.0000,1126400
701.5000,704.0000,699.0000,703.0000,815200
705.5000,728.5000,705.5000,726.5000,971600
728.0000,729.5000,711.5000,716.0000,929200
716.5000,720.0000,713.5000,718.5000,425700
717.0000,719.5000,711.0000,717.5000,564500
717.5000,717.5000,717.5000,717.5000,0
723.0000,732.5000,721.5000,730.5000,649400
733.5000,738.0000,729.0000,735.0000,593700
737.0000,737.0000,715.5000,720.0000,974500
719.0000,731.0000,719.0000,725.5000,1191800
723.0000,735.0000,722.5000,732.0000,396100
732.0000,733.0000,725.0000,731.0000,990300
731.5000,740.5000,730.5000,734.0000,495300
733.0000,743.5000,727.5000,742.5000,1065200
745.0000,745.0000,729.0000,730.0000,573000
728.0000,731.0000,719.5000,720.0000,778500
719.0000,725.5000,713.0000,720.0000,741500
707.5000,716.0000,686.5000,708.0000,1942100
718.0000,728.0000,706.5000,714.0000,793100
716.5000,717.0000,704.8600,712.5000,651000
711.5000,711.5000,686.0000,690.0000,1116800
687.5000,688.0000,661.0000,664.0000,1945000
667.0000,673.3500,663.5000,665.0000,1255400
670.0000,671.0000,662.3200,669.5000,1019800
675.5000,678.0000,669.5000,673.5000,1378100
672.0000,674.9250,665.5000,667.0000,532800
665.0000,665.0000,649.5000,654.0000,682200
655.5000,661.4450,647.5000,660.0000,1174000
657.5000,669.5000,635.5000,637.5000,2357100
636.5000,636.9770,610.5000,620.5000,3020200
619.0000,638.5000,617.0000,634.0000,2150500
626.5000,630.5000,618.5000,618.5000,1939900
619.5000,621.5000,607.5000,612.5000,1499400
614.5000,614.5000,594.1570,595.0000,2183600
597.5000,610.8880,597.4000,610.0000,2476600
613.5000,615.6250,599.3200,614.0000,1597300
612.0000,618.0000,605.0000,610.5000,1452900
609.5000,613.5000,599.5000,606.0000,1185500
613.5000,622.6900,588.0000,589.5000,1615200
585.0000,586.5000,569.5000,577.0000,1892800
569.5000,579.0000,567.0000,575.0000,1580400
569.5000,595.0000,568.5000,593.5000,1298100
595.0000,602.5000,573.5000,574.0000,2144200
576.0000,586.0000,559.0000,575.0000,2693800
576.5000,607.4500,576.5000,606.5000,2555300
605.5000,607.4000,598.5000,602.0000,1530400
601.0000,623.5000,599.5000,621.0000,1775900
624.0000,638.5000,621.5000,631.0000,1528600
626.0000,637.5000,625.0000,630.0000,1539600
629.5000,636.0000,628.5000,630.0000,1507700
637.0000,638.0000,625.5000,629.5000,1471400
632.0000,641.0000,631.5000,634.0000,650800
637.0000,641.5000,630.5000,632.0000,862400
634.0000,643.0000,627.7680,640.5000,2754500
648.5000,651.5000,642.0000,644.5000,1201700
644.0000,649.1250,638.5000,640.5000,631300
637.0000,646.6100,628.5000,632.0000,928600
635.0000,646.0000,635.0000,645.0000,898500
644.0000,647.5000,638.1000,645.0000,1716000
647.5000,657.5000,646.0000,653.0000,1458000
653.0000,657.5000,648.5000,656.5000,896700
651.5000,657.0000,625.5000,627.0000,1982400
626.5000,627.9660,612.5000,627.5000,1500700
627.5000,630.0000,621.5000,630.0000,1039400
630.0000,634.3370,622.5000,629.0000,1060700
626.5000,639.5000,618.5220,635.5000,1715000
639.0000,655.0000,637.0000,651.0000,833600
652.5000,658.0000,646.0000,653.5000,1027600
648.0000,651.3500,630.5000,638.0000,1193200
640.0000,642.5000,634.0000,635.0000,1656600
637.5000,638.0000,628.0000,630.0000,957600
627.5000,631.5000,625.5000,629.5000,1297400
629.5000,641.0000,627.0000,639.0000,950800
643.0000,645.5000,631.0000,644.0000,995800
645.5000,664.0000,642.5000,660.5000,2065900
656.0000,681.5000,652.7940,671.0000,2936800
671.5000,676.5000,665.5000,672.5000,1716200
670.0000,700.1570,667.5000,690.5000,3051900
694.0000,694.0000,678.5000,685.5000,1566400
690.5000,700.0000,688.5000,699.5000,2135400
695.5000,698.1410,688.3550,693.5000,1794000
686.5000,694.0000,674.0000,674.5000,1502600
674.5000,683.5000,672.5000,675.0000,822800
655.0000,685.5000,648.0000,666.0000,2629700
658.5000,667.5000,654.5000,655.0000,1765800
653.0000,665.5000,649.5000,652.0000,1517800
651.0000,667.0000,649.4500,666.0000,1745400
657.0000,669.5000,656.5000,666.0000,1345600
675.0000,686.0000,668.0000,685.5000,1185900
691.5000,696.0460,680.5000,693.5000,1527800
697.5000,703.2050,691.5000,696.0000,832700
700.0000,713.0000,696.5000,712.0000,1381900
713.0000,713.5000,701.5000,709.0000,258200
709.0000,709.0000,709.0000,709.0000,0
709.0000,709.0000,709.0000,709.0000,0
709.5000,722.5000,706.5000,718.0000,777600
716.5000,719.0000,709.5000,714.5000,860600
715.0000,722.9770,708.0000,711.0000,293400
711.0000,711.0000,711.0000,711.0000,0
716.0000,725.3470,708.0000,723.0000,869400
717.0000,728.0000,711.5000,713.5000,1280000
713.0000,714.5000,691.0000,692.0000,1653300
696.0000,706.5000,687.5000,695.0000,1276300
701.5000,705.5000,692.0000,703.0000,1253400
700.0000,712.5000,687.0000,693.0000,917600
696.5000,706.5000,690.5000,694.0000,668500
690.0000,716.0000,688.0800,709.5000,1070600
701.5000,706.5000,693.0000,700.0000,1313000
705.5000,719.0000,700.5000,716.0000,1995300
713.5000,727.0000,711.0000,725.0000,1321700
727.0000,736.0000,724.8000,733.5000,955700
734.5000,764.5000,734.5000,760.5000,1496000
732.5000,739.8400,708.0000,716.5000,3295700
716.5000,728.5000,716.2500,725.5000,1750800
726.5000,733.0000,713.0000,721.0000,1425700
721.5000,727.0000,715.0000,717.0000,1141200
718.0000,718.0000,702.5000,708.5000,1181800
712.0000,717.1850,702.0000,710.5000,914800
707.5000,718.5000,700.5000,713.5000,870000
714.5000,722.9000,709.5000,711.5000,772300
713.0000,721.5000,710.5000,719.0000,1229600
718.5000,728.1980,713.0000,716.0000,1917400
712.5000,720.0000,710.5000,716.5000,1279100
711.5000,716.7870,709.5000,715.0000,2242200
713.0000,723.5000,712.1000,715.0000,557300
713.0000,713.0000,699.5000,701.0000,1023500
701.0000,703.0000,680.0000,690.0000,3481800
686.0000,693.5000,675.5000,681.5000,1707900
682.0000,687.5000,677.5000,679.5000,1271000
680.0000,687.0000,679.5000,681.5000,1132000
681.5000,684.0000,675.5000,679.0000,648900
674.5000,684.0000,650.5000,678.5000,4843200
676.5000,690.1000,676.2700,686.5000,4173800
687.0000,704.0000,680.0000,691.5000,1839200
687.5000,700.0000,687.5000,699.0000,2040200
700.0000,704.9200,696.6000,700.5000,804100
700.5000,702.5000,687.0000,689.5000,1601900
690.0000,691.1400,684.7500,688.5000,1101700
689.5000,690.0000,685.0000,688.0000,1008200
684.0000,698.5000,681.5000,690.0000,957500
688.0000,697.5000,684.5000,687.5000,935700
689.0000,693.0000,668.0000,669.5000,1386100
672.0000,673.3620,658.0000,665.0000,1319600
667.5000,678.7500,659.4590,671.5000,1752800
669.5000,685.0000,666.5000,681.5000,1693000
677.0000,682.5220,676.5000,676.5000,1089200
679.5000,685.0000,669.5000,670.0000,2980100
669.0000,672.5000,652.0500,657.0000,1603900
651.5000,662.0000,651.5000,654.5000,1477600
654.5000,664.0000,654.0000,657.0000,673000
656.0000,663.0000,640.5000,641.5000,1538100
645.0000,649.5000,639.0000,640.0000,2144500
639.0000,645.0000,637.0000,640.0000,3780100
645.0000,657.1800,645.0000,649.0000,2185700
654.5000,662.4000,648.5000,649.0000,3070800
651.0000,652.0000,642.5000,646.5000,1088300
647.0000,665.0000,647.0000,655.5000,2270100
653.5000,656.5500,650.0000,654.5000,1509100
650.0000,650.7370,633.0000,641.0000,2018900
641.5000,644.0000,620.5000,621.5000,1872500
626.5000,630.2750,609.0000,615.0000,2023600
616.5000,624.5000,607.0000,609.0000,1407200
615.0000,625.3500,611.5000,620.5000,2154800
618.5000,626.5000,613.5000,620.0000,1209800
620.0000,620.0000,620.0000,620.0000,0
620.0000,620.0000,620.0000,620.0000,0
620.5000,632.5000,620.1150,632.0000,1236100
626.5000,636.0000,625.5000,627.5000,908800
627.0000,647.0000,626.0000,643.0000,1537500
643.5000,648.0000,640.0000,647.5000,1153500
646.0000,649.0000,643.5000,647.5000,646400
644.5000,650.0000,644.0000,645.5000,1285500
646.0000,671.5000,645.0000,670.0000,2406100
671.0000,671.5000,662.0000,663.5000,1582700
663.0000,668.0000,656.5000,657.0000,1436100
657.5000,663.0000,652.0000,657.0000,967100
660.5000,666.5000,653.0000,653.0000,1269200
655.0000,658.5000,629.5000,631.0000,2148200
631.5000,639.5000,611.0000,616.5000,2311900
616.5000,620.5000,611.5000,613.0000,1709600
625.0000,630.5000,618.5000,625.5000,2386600
625.0000,629.0000,611.3350,612.0000,1980200
615.0000,622.0000,604.5000,604.5000,1544900
605.0000,626.0000,598.5000,619.0000,2060400
615.0000,622.5000,610.0000,621.0000,662300
621.0000,621.0000,621.0000,621.0000,0
621.5000,633.5000,618.0000,624.0000,1377600
619.0000,626.5000,617.0000,625.0000,1439400
620.5000,626.5000,615.0000,625.0000,1222500
638.5000,662.5000,637.0000,654.0000,2088400
650.5000,660.5000,649.0000,653.5000,1019700
651.5000,657.5000,644.5000,656.0000,1683800
659.5000,680.9590,657.0000,669.0000,2595200
668.5000,671.0000,659.0000,668.0000,1901600
668.5000,676.6700,662.6800,665.5000,1169100
666.0000,675.0000,664.5000,664.5000,791900
666.0000,671.5000,657.0000,658.5000,1217400
659.5000,660.6600,649.0000,651.0000,1252600
654.0000,667.0000,650.5000,654.0000,1408000
651.0000,658.0000,651.0000,653.0000,1163200
653.0000,653.0000,653.0000,653.0000,0
651.5000,656.5000,641.5000,649.0000,861700
650.0000,660.5000,647.5000,658.5000,881700
675.0000,692.5000,674.5000,686.0000,2821000
686.5000,688.5000,675.0000,676.0000,1493500
685.0000,685.0000,668.5000,673.0000,958800
677.5000,679.0000,660.5000,671.5000,1060000
673.0000,687.5000,672.5000,684.0000,1461300
680.0000,685.5000,670.0000,677.0000,942700
672.5000,674.5000,664.5000,666.0000,661100
662.5000,667.5000,660.0000,661.0000,701700
663.5000,665.5000,652.0000,656.0000,1252100
657.5000,683.5000,653.9440,681.0000,1043800
677.5000,685.0000,677.5000,682.0000,3984500
680.0000,684.5000,677.0000,681.0000,984900
677.0000,677.0000,667.0000,671.5000,875400
670.5000,674.0000,662.0000,670.0000,794400
672.5000,676.0000,665.0000,671.0000,539800
667.0000,673.0000,663.3300,671.0000,793100
673.5000,687.6700,673.0000,683.5000,1795500
683.0000,702.5000,678.5000,702.5000,1774700
711.5000,729.5000,710.5000,725.0000,2010900
721.5000,729.5000,720.0000,726.5000,2148700
732.0000,733.5000,721.0000,731.0000,1499900
726.0000,728.1700,722.0000,725.0000,1111900
706.5000,726.5000,703.6650,721.0000,1227700
716.0000,723.0000,714.8300,718.5000,1413400
723.0000,738.5000,723.0000,728.0000,1358500
729.0000,733.1770,726.0000,730.0000,789800
730.0000,735.0000,716.5000,717.5000,1028700
713.0000,722.0000,710.5000,719.0000,1093300
722.5000,722.5000,698.0000,699.5000,1775800
700.0000,712.8800,700.0000,709.0000,2695200
710.0000,716.0000,698.0000,706.5000,1873700
716.0000,733.4300,712.0000,730.0000,1312500
729.0000,737.5000,722.5000,736.0000,2967300
734.5000,739.3300,731.0000,736.5000,1019300
738.5000,738.5000,728.5000,734.5000,1226400
733.0000,738.0000,717.5000,736.5000,1614800
736.5000,747.5000,734.0000,747.0000,1764700
746.5000,773.5000,746.5000,772.5000,1893500
775.0000,782.0000,765.5000,776.5000,1637400
773.5000,787.5000,772.5000,776.0000,1256500
785.0000,791.5000,776.0000,782.0000,1968500
779.5000,782.0000,774.0000,777.0000,1578100
772.5000,785.0000,766.5000,768.5000,1867400
772.0000,779.0000,769.5000,775.0000,1296000
777.5000,783.0000,773.8300,782.0000,1277300
783.5000,787.5000,777.5000,779.5000,1130800
783.5000,794.0000,782.0000,792.0000,1224200
787.5000,802.0000,783.0000,798.5000,1173800
797.5000,812.5000,795.0000,811.5000,1734400
811.5000,812.4600,789.0000,803.5000,1942600
803.5000,806.5000,797.0000,802.5000,3250800
802.5000,807.5000,796.5000,805.5000,1565500
807.5000,818.0000,800.5000,817.5000,880300
813.5000,820.5000,810.5000,815.5000,861400
810.0000,810.0000,783.0000,788.0000,1436100
796.0000,809.1100,788.5000,794.0000,1307900
792.0000,805.0000,791.5000,799.5000,708700
806.5000,809.0000,797.5000,804.0000,596300
803.0000,810.1800,801.0000,809.0000,849700
807.0000,816.7200,795.5000,807.5000,900100
803.5000,806.5000,797.5000,799.5000,685600
789.0000,792.0000,774.5000,774.5000,1007200
760.5000,771.5000,754.7160,760.0000,2377800
765.5000,778.5000,763.0000,777.0000,1247400
770.5000,781.0000,758.5000,758.5000,3527400
774.0000,790.5000,769.5000,787.5000,1074400
789.0000,794.5000,780.0000,794.0000,1145800
794.0000,794.0000,794.0000,794.0000,0
789.0000,800.0000,785.5000,787.5000,1424700
788.5000,801.5000,783.0000,794.0000,1260500
793.0000,812.5000,790.5000,803.0000,1080600
797.0000,802.0000,782.0000,792.5000,1652600
799.5000,802.0000,780.5000,780.5000,1597800
783.5000,786.4200,773.5000,775.5000,2805300
771.5000,789.5000,771.0000,775.5000,1124252
764.0000,774.0000,762.5000,772.2900,1067497
773.5000,775.0000,757.0000,762.0000,1312125
761.0000,767.5000,754.5000,754.5000,787100
757.0000,759.0000,747.0000,749.6200,1266784
754.0000,767.6500,753.5000,762.9500,945169
763.5000,771.5000,759.5000,766.3400,2050749
763.0000,765.8400,757.5000,759.9700,1228773
758.0000,766.0000,754.0000,757.5000,770137
757.0000,759.5000,739.0000,739.6000,652758
737.0000,751.5000,737.0000,748.6300,687784
749.5000,755.5000,745.0000,748.0000,1031976
760.5000,760.5000,753.0000,755.0900,1352423
