185.0000,202.0000,170.2550,192.0000,42724400
192.0000,194.9990,189.0000,193.7500,6080700
195.0000,203.0000,170.0000,199.0000,11461000
200.0000,208.0000,200.0000,206.0000,11843900
203.0000,208.0000,202.9990,207.0000,2685900
206.0000,207.0000,205.9990,206.2500,3757500
206.0000,206.0000,198.0000,198.0000,1500900
198.0000,199.9990,195.0000,198.7500,1059400
197.5000,203.0000,192.0000,197.5000,2232700
195.0000,199.9990,192.8070,197.0000,2871900
198.0000,202.9990,198.0000,201.0000,564100
196.2500,200.0000,196.2500,198.7500,50500
196.2500,198.0000,196.0000,196.7500,672300
196.0000,196.0000,193.0000,194.7500,655200
195.0000,196.0000,192.0000,192.2500,943600
196.0000,196.0000,192.0000,193.2500,1763500
195.0000,195.0000,190.0000,192.0000,253100
190.0000,195.0000,190.0000,193.5000,4633900
193.0000,193.0000,191.2500,191.2500,120100
190.0000,194.9990,189.0000,189.0000,163800
195.0000,195.0000,189.6700,194.0000,1378900
195.0000,197.0000,195.0000,196.0000,681300
198.0000,198.0000,194.0000,194.0000,3011200
195.0000,195.0000,194.9990,195.0000,91300
195.0000,195.0000,193.7500,193.7500,200000
195.0000,196.5000,195.0000,196.5000,1427300
197.9990,197.9990,197.7500,197.7500,5000
198.0000,202.4990,196.5000,200.2500,1374100
203.5000,205.7500,199.6000,205.7500,513100
207.9990,207.9990,207.0000,207.0000,1400
205.0000,207.0000,204.0000,204.0000,62000
202.0000,208.7500,202.0000,208.7500,710100
209.5000,217.7490,207.5000,211.0000,2464500
208.0000,211.5000,207.0010,211.5000,856000
214.0000,214.4990,210.0000,212.0000,123100
215.0000,223.7500,215.0000,223.7500,1174400
220.0000,222.0000,218.0000,219.0000,56800
226.7500,230.0000,218.7810,229.5000,934600
230.0000,234.7490,227.0010,231.5000,1450300
231.5000,243.0000,231.5000,237.0000,396200
237.0000,241.0000,231.0000,241.0000,3521500
243.0000,258.0000,242.5000,258.0000,3330500
256.0000,261.0000,253.0000,256.0000,5559600
254.2500,267.0000,254.2500,267.0000,13063800
258.0000,273.2500,258.0000,264.5000,3930900
260.0000,265.0000,260.0000,260.0000,4692400
259.5000,260.0000,242.2500,242.2500,6831100
246.0000,246.0000,230.0000,230.0000,2800500
230.0000,235.0000,230.0000,234.7500,1398900
235.0000,239.7500,230.0000,230.0000,605700
235.0000,247.0000,232.0000,243.0000,333700
245.0000,253.0000,243.0000,253.0000,50800
253.0000,253.0000,253.0000,253.0000,0
253.0000,253.0000,253.0000,253.0000,0
252.0000,259.0000,251.0000,258.7500,331900
259.5000,262.7500,247.5000,247.5000,359700
250.0000,258.7500,250.0000,258.7500,72400
258.7500,258.7500,258.7500,258.7500,0
259.7500,260.9850,257.7500,258.7500,1589900
258.7500,264.9990,258.7490,262.0000,7367800
260.0000,260.0000,245.0000,250.0000,3372200
249.0000,251.0000,242.0000,250.2500,1871700
247.0000,255.0000,247.0000,251.5000,1445700
255.0000,259.0000,250.0000,250.2500,1451200
250.0000,257.0000,250.0000,250.0000,832200
251.5000,251.7500,240.0000,251.7500,2685500
250.0000,252.5000,242.3630,250.0000,2745700
253.0000,255.0000,245.0000,255.0000,190400
250.0000,250.0000,240.0000,242.0000,787800
248.0000,250.0000,235.2500,241.0000,2536700
244.0000,245.0000,238.5000,240.7500,4847700
247.0000,247.0000,237.0000,239.0000,6468400
240.2500,243.5000,234.0000,235.0000,833800
239.7500,239.7500,232.0000,234.0000,1872800
235.0000,247.0000,235.0000,238.2500,269500
243.5000,245.2500,238.0010,245.2500,3608100
238.0000,245.2500,237.5000,241.2500,226200
241.0000,248.7500,238.0000,247.7500,412900
245.0000,250.0820,245.0000,249.7500,4891300
246.0000,250.5000,246.0000,250.0000,1004500
253.0000,265.0000,253.0000,256.5000,1280600
255.0000,262.0000,255.0000,262.0000,260500
258.0000,270.0000,258.0000,265.0000,1848700
262.0000,272.5000,262.0000,272.5000,73400
272.0000,291.7500,272.0000,291.7500,2864500
287.0000,303.7490,285.0000,296.0000,1589500
295.0000,299.9990,291.0000,294.0000,481400
290.0000,290.2500,275.0010,281.0000,2414800
283.0000,294.2490,280.7500,287.0000,1086900
289.7500,295.0000,282.0000,289.2500,12551600
291.0000,302.0000,288.0000,298.0000,356300
250.0000,295.0000,250.0000,293.0000,615100
288.2500,297.0000,288.2500,297.0000,44300
293.7500,297.5000,290.0000,293.7500,134400
297.2500,297.5000,285.0000,285.0000,258000
285.0000,292.0000,280.0000,289.0000,237400
289.0000,295.0000,285.0000,287.0000,117600
290.0000,290.0000,287.0000,287.2500,43300
277.0000,277.0000,277.0000,277.0000,0
273.0000,280.0000,270.0000,272.5000,8666100
275.0000,278.0000,252.0000,252.0000,2443400
260.0000,271.7500,259.7500,269.7500,2023200
265.0000,265.4990,250.0000,260.0000,2498600
263.7500,271.0000,262.0000,267.5000,457000
271.7500,275.0000,269.0000,275.0000,427500
275.0000,284.5000,274.9990,280.0000,376700
283.0000,285.7500,278.0000,285.7500,474600
280.0000,285.0000,270.0000,274.0000,291400
273.0000,280.0000,269.7500,270.5000,1011700
267.0000,271.0000,261.0010,264.5000,1325600
269.0000,275.2500,267.0000,272.7500,350300
275.2500,277.0000,270.0000,277.0000,661600
275.5000,288.0000,275.0000,281.2500,274500
285.0000,285.2000,275.0000,283.7500,240600
285.0000,294.7500,278.0000,294.7500,472300
296.0000,303.0000,295.0000,302.0000,186200
297.0000,302.0000,294.0000,295.5000,268200
298.5000,298.5000,294.5000,295.5000,648400
298.5000,298.7500,290.0000,294.0000,175400
290.0000,295.7500,285.0000,285.0000,690800
293.0000,295.0000,287.0000,287.0000,762000
291.5000,291.5000,286.0000,289.7500,287400
295.0000,295.7500,272.0000,282.0000,272600
284.0000,297.5000,280.8500,297.0000,398700
290.0000,303.5000,290.0000,295.0000,662900
295.5000,301.2500,288.7500,288.7500,2870200
288.7500,288.7500,288.7500,288.7500,0
288.7500,288.7500,288.7500,288.7500,0
291.5000,295.2500,291.5000,295.0000,846000
297.0000,302.5000,295.0000,302.5000,834100
295.0000,298.7500,288.0000,291.0000,459900
295.0000,297.0000,288.0000,292.0000,603700
296.2500,300.0000,292.0000,297.0000,259800
297.0000,303.0000,296.0000,300.0000,512500
303.0000,316.0000,303.0000,310.0000,1654600
309.0000,310.7500,306.0000,307.5000,1138000
310.0000,312.5000,309.0000,309.5000,801800
306.7500,314.7500,306.7500,310.0000,710800
313.0000,315.0000,308.0000,315.0000,464400
315.0000,324.0000,315.0000,324.0000,2512700
325.0000,331.7500,322.2500,327.0000,2406300
325.0000,328.0000,320.0000,325.7500,594700
323.0000,329.0000,322.7500,326.2500,1042400
320.0000,327.0000,316.2500,321.5000,147600
316.5000,328.0000,316.5000,325.7500,842900
329.2500,329.2500,317.7500,317.7500,724100
323.5000,328.0000,317.0000,328.0000,269800
328.0000,328.0000,328.0000,328.0000,0
325.0000,327.9990,320.2500,323.5000,578700
321.5000,325.0000,312.5000,314.7500,3640200
313.0000,317.0000,312.5000,315.2500,356600
312.5000,313.0000,303.0000,307.5000,534900
310.0000,310.0000,294.0000,300.7500,417500
301.5000,304.7500,295.1750,298.5000,548400
298.0000,306.7500,298.0000,302.5000,1537600
302.2500,315.7500,302.2500,313.7500,367400
313.7500,317.9290,305.2500,306.7500,177800
310.0000,311.7500,306.2500,306.2500,601900
307.0000,312.7500,307.0000,309.2500,537100
312.7500,312.7500,308.0000,310.0000,564800
307.0000,315.0000,307.0000,311.0000,364100
314.7500,314.7500,303.0000,306.0000,385800
306.0000,306.0000,306.0000,306.0000,0
308.0000,310.0000,307.2500,309.5000,2289600
307.0000,309.7500,304.0000,307.0000,383900
310.0000,312.0000,307.5000,309.5000,115200
308.0000,313.0000,308.0000,311.2500,333400
309.0000,312.7500,309.0000,310.0000,241400
310.0000,312.0000,308.2500,308.2500,354000
308.2500,313.0000,300.0000,300.0000,508200
303.0000,303.0000,294.0000,296.0000,677000
295.0000,297.0000,287.0000,291.5000,417900
300.0000,300.0000,291.5000,295.0000,957200
295.0000,300.9990,280.0000,283.0000,1028800
285.0000,292.5000,278.7500,288.5000,1351900
293.0000,295.0000,288.7500,294.0000,706700
299.0000,308.5000,295.0000,303.2500,472900
302.0000,335.0000,300.0000,305.5000,790300
300.2500,300.2500,288.7500,288.7500,4626800
288.0000,295.0000,283.5000,285.0000,2556400
280.5000,288.0000,280.0010,285.0000,2939300
285.0000,289.7500,278.0000,278.0000,817300
280.0000,283.0000,275.0000,275.0000,261700
273.0000,278.2500,270.0000,270.0000,776800
267.0000,268.0000,257.0000,266.0000,4131800
265.0000,270.0000,264.0000,270.0000,2648700
270.0000,271.0000,266.0000,269.2500,1083400
265.0000,274.7500,265.0000,274.7500,518100
273.7500,280.0000,272.0000,278.0000,2253600
280.0000,284.2500,274.5000,284.2500,1917500
284.0000,284.0000,280.5000,283.5000,653500
284.0000,285.7500,283.0000,283.2500,367500
286.0000,287.0000,282.2500,282.5000,219300
280.5000,287.0000,277.0000,277.5000,2074700
277.0000,280.0000,270.5000,270.5000,787100
273.2500,274.5000,267.0000,267.5000,508000
272.2500,280.0000,268.7500,278.0000,855500
273.7500,279.9990,271.5000,278.0000,341700
280.0000,283.5090,268.0000,268.2500,1019100
268.0000,269.5000,261.0000,262.5000,1714700
267.0000,269.7500,264.0000,267.0000,710600
270.0000,274.0000,264.0000,265.7500,523900
264.0000,270.0000,260.5000,261.5000,423100
260.0000,264.5000,252.7500,253.0000,606400
249.0000,250.0000,240.7500,241.2500,1027600
245.0000,245.0000,220.0000,230.0000,4046300
227.0000,230.0000,220.0000,221.2500,1344700
225.0000,229.7500,220.2500,226.0000,776400
227.5000,233.0000,226.0000,226.2500,713400
224.0000,227.0000,216.0000,225.0000,991700
230.0000,230.0000,223.0000,224.5000,732100
229.0000,233.2500,220.0000,221.7500,968700
218.0000,218.0000,202.1300,204.0000,1503300
207.2500,217.0000,207.2500,217.0000,9437500
218.7500,242.0000,218.7500,236.0000,3506200
243.0000,255.0000,224.0000,230.0000,5850200
224.0000,236.1020,220.5000,224.2500,2251700
226.2500,233.0000,226.0000,230.0000,1034500
233.0000,235.2500,227.5000,228.0000,1063900
227.2500,232.8580,215.0000,220.5000,1865700
217.0000,217.7500,205.0000,205.0000,1556000
205.0000,232.0000,200.0000,212.0000,3020000
213.0000,220.0000,203.6970,215.7500,683500
217.7500,219.7500,213.0000,217.7500,718600
220.0000,225.0000,218.0000,218.0000,649600
224.0000,233.0000,220.0000,222.0000,628300
220.0000,224.0000,220.0000,220.0000,254300
220.0000,220.0000,220.0000,220.0000,0
218.7500,223.5000,215.0000,215.0000,1468300
212.0000,215.0000,207.2500,215.0000,2816200
218.0000,223.7500,214.5000,218.5000,1022500
221.7500,225.0000,218.0000,223.0000,574000
261.5000,275.0000,260.5000,267.7500,1016000
270.0000,275.0000,266.2500,266.2500,622800
265.5000,265.5000,242.0000,244.2500,1353900
254.0000,265.5000,251.7500,262.5000,255500
255.0000,261.5000,250.0000,253.5000,669300
251.2500,252.2500,242.0000,242.0000,824700
242.0000,249.0000,240.0000,248.7500,1936400
254.2500,255.5000,247.0000,249.5000,708800
248.5000,248.5000,229.7500,241.0000,1343900
238.7500,243.7500,210.0000,210.0000,3197000
221.0000,235.7500,214.5000,220.0000,2106300
216.5000,235.7500,212.2500,222.2500,1984700
241.2500,264.7500,241.2500,246.0000,4030400
243.2500,246.2500,238.0000,241.7500,699800
235.0000,238.5000,224.0000,229.7500,1973600
236.5000,236.7500,229.0000,229.5000,645000
234.7500,234.7500,221.0000,223.0000,575200
217.0000,221.5000,210.2500,214.0000,1349700
211.2500,214.7500,200.2500,202.0000,1241500
200.0000,204.0000,184.0000,195.0000,1393400
202.0000,206.7500,193.5000,199.0000,563700
202.0000,213.7500,195.2500,202.7500,1098600
206.0000,209.7500,202.2500,208.5000,728300
202.5000,202.5000,190.0000,192.7500,496300
200.7500,217.0000,191.0000,196.7500,660800
192.0000,193.2500,165.2500,166.5000,1083100
165.0000,181.5000,162.2500,172.7500,1205500
165.0000,169.2500,149.0000,160.7500,2277200
165.0000,184.7500,165.0000,175.2500,1400100
182.7500,187.2500,163.5000,163.5000,4448200
162.7500,168.2500,155.5000,161.0000,659600
153.2500,157.5000,141.7500,150.0000,1189500
152.0000,166.5000,143.0000,164.7500,1685400
165.0000,165.0000,144.0000,157.0000,829900
160.0000,163.0000,155.2500,157.5000,838400
156.0000,157.5000,136.5000,145.0000,629500
145.0000,152.0000,143.5000,150.0000,946500
145.0000,145.0000,131.0000,137.2500,1111600
126.5000,134.0000,125.5000,130.7500,2749900
133.0000,140.0000,125.0000,125.0000,1055500
131.5000,138.2500,127.5000,138.0000,936400
143.5000,181.7500,141.7500,163.2500,1379000
164.0000,166.0000,160.0000,162.0000,0
163.0000,171.2500,159.5000,161.7500,726200
158.2500,170.5000,155.5000,166.0000,1650100
162.5000,162.5000,151.0000,154.0000,744600
150.7500,154.7500,138.0000,143.2500,1063900
143.2500,144.7500,135.5000,139.5000,515500
138.0000,147.7500,126.7500,128.7500,981300
128.0000,129.7500,121.0000,126.5000,767600
126.7500,132.5000,121.7500,127.7500,1183700
125.0000,133.2500,124.0000,127.7500,888200
128.0000,139.7500,125.7500,125.7500,515900
126.0000,130.0000,124.5000,125.0000,1134500
128.2500,128.2500,121.0000,124.5000,1759500
124.5000,125.5000,120.2500,122.2500,886000
117.5000,119.7500,104.2500,104.2500,3517300
106.0000,111.7500,106.0000,108.0000,987800
111.0000,115.2500,108.2500,112.7500,768000
116.7500,118.5000,106.7500,117.0000,1232300
114.0000,121.0000,113.2500,116.5000,1298700
115.0000,119.0000,114.2500,117.0000,572200
115.2500,116.7500,109.2500,111.5000,1272800
114.0000,119.0000,108.2500,109.5000,2075400
108.0000,111.2500,104.0000,107.0000,922500
105.5000,115.7500,103.0000,115.5000,4631000
114.0000,117.5000,106.5000,109.5000,2630900
110.5000,112.5000,109.0000,111.5000,4431100
119.5000,121.7500,112.5000,115.0000,642100
113.5000,120.2500,113.0000,119.2500,2895100
120.0000,127.0000,120.0000,125.2500,2562700
125.2500,127.7500,124.2500,125.5000,1142700
124.0000,126.7500,120.0000,125.0000,1353700
123.7500,132.7500,123.7500,127.7500,1626700
127.5000,130.7500,126.0000,130.0000,639200
130.5000,135.5000,129.0000,135.0000,2290600
137.7500,143.0000,136.0000,139.0000,1139400
136.5000,141.5000,129.0900,140.0000,1888200
137.2500,140.0000,130.0000,140.0000,321300
135.5000,140.0000,135.0000,139.7500,604700
136.0000,137.7500,134.0000,137.0000,41900
137.0000,137.0000,137.0000,137.0000,0
137.0000,137.0000,137.0000,137.0000,0
135.2500,140.0000,135.0000,137.0000,100300
135.0000,140.0000,133.2500,140.0000,203900
137.5000,141.0000,132.5000,132.5000,92300
132.5000,132.5000,132.5000,132.5000,0
132.5000,145.5000,132.0000,142.0000,366200
141.5000,152.7500,141.5000,150.0000,1481200
148.0000,169.2500,148.0000,168.2500,2213100
167.7500,191.5000,163.0000,163.0000,2612500
163.0000,163.5000,154.2500,160.5000,1421200
158.5000,160.0000,154.5000,155.0000,1494200
153.0000,158.4370,150.0000,150.7500,764600
152.7500,153.7500,145.0000,149.5000,893800
153.0000,153.0000,134.2500,135.0000,1913200
136.0000,136.0000,125.0000,125.5000,2952500
125.5000,128.5000,125.0000,127.5000,1936500
130.5000,132.5000,128.0000,130.7500,1195000
135.7500,140.0000,129.0000,131.0000,745500
129.7500,134.7500,126.0000,130.7500,466400
133.7500,139.7500,132.0000,135.0000,748800
133.0000,137.5000,133.0000,135.0000,305300
132.2500,140.0000,131.5000,138.0000,473800
138.0000,140.0000,133.5000,136.0000,493100
135.5000,136.5000,133.0000,134.7500,1210000
132.2500,132.5000,127.7500,129.2500,592400
126.0000,133.2500,126.0000,127.2500,1067300
130.0000,130.0000,121.0000,122.0000,463100
125.0000,126.5000,120.5000,121.0000,0
121.0000,129.5000,120.2500,127.0000,0
127.0000,130.0000,124.5000,129.5000,0
126.5000,133.0000,126.0000,132.2500,567700
133.5000,137.7500,132.0000,137.2500,355700
138.0000,138.0000,131.0000,131.0000,294400
131.0000,134.5000,130.7500,134.5000,398100
131.2500,135.0000,128.0000,132.0000,281700
134.7500,137.0000,131.0000,132.0000,380000
129.7500,133.2500,129.7500,131.0000,114900
127.2500,130.5000,121.2500,124.0000,473600
124.0000,127.7500,116.5000,125.5000,1082700
123.7500,128.5000,123.5000,125.5000,206000
123.5000,134.6330,113.0000,117.0000,972400
115.5000,117.7500,95.2500,100.7500,1745600
105.2500,108.2500,92.7500,107.0000,2637000
108.0000,124.0000,108.0000,117.5000,2169200
115.2500,124.5000,115.2500,122.0000,683700
119.0000,124.0000,119.0000,123.7500,655700
119.5000,120.7500,116.5000,120.0000,449700
120.2500,125.7500,118.0000,119.0000,598700
123.0000,124.0000,120.0000,122.2500,1794700
120.7500,122.5000,116.2500,116.5000,716100
119.5000,119.5000,113.5000,114.0000,308600
113.7500,115.0000,112.5000,114.2500,463300
114.0000,120.5000,114.0000,120.0000,415700
117.2500,125.5000,117.2500,119.0000,400100
119.0000,126.2500,116.2500,123.5000,910200
127.2500,136.0000,127.2500,132.5000,1263600
134.2500,145.0000,132.7500,143.0000,1467900
140.5000,144.5000,139.5000,142.7500,411800
145.0000,148.7500,139.4900,140.7500,915200
144.5000,153.0000,142.0000,150.0000,2622200
148.0000,151.0000,147.7500,151.0000,3238000
151.2500,155.0000,151.0000,152.5000,826600
151.0000,162.0000,151.0000,161.0000,1034000
157.5000,159.5000,151.7500,157.5000,1031700
160.0000,160.5000,150.5000,150.5000,839800
155.0000,155.0000,142.2500,147.2500,742000
144.5000,149.7500,144.5000,148.0000,676700
148.0000,155.7500,145.7500,152.5000,801100
152.0000,159.2500,151.5000,159.2500,392100
162.2500,170.0000,161.2500,166.7500,3091100
168.0000,169.7500,165.0000,165.0000,588400
166.5000,168.7500,164.0000,167.0000,2183400
166.0000,167.0000,164.0000,165.0000,962100
162.0000,166.0000,162.0000,163.5000,1566000
165.0000,172.7500,164.5000,172.0000,1585300
172.0000,172.0000,172.0000,172.0000,0
172.0000,172.0000,172.0000,172.0000,0
173.0000,187.0000,173.0000,185.7500,654700
180.0000,199.0000,180.0000,193.2500,1538100
195.0000,209.0000,192.0000,207.0000,2381500
208.0000,208.0000,200.5000,207.5000,2657500
205.2500,207.0000,197.2500,199.0000,832900
200.0000,207.2500,195.0000,206.0000,906800
206.0000,215.5000,205.2500,213.7500,784400
215.2500,216.2500,211.2500,212.5000,824100
210.2500,222.2500,210.2500,219.7500,443000
220.2500,220.2500,208.0000,215.0000,486500
215.0000,215.7500,206.2500,213.5000,551200
217.0000,226.0000,212.2500,222.0000,727400
224.0000,230.7500,223.0000,226.2500,767200
224.0000,232.5000,224.0000,230.0000,456500
230.0000,230.0000,230.0000,230.0000,0
234.0000,235.2500,230.0000,233.0000,882200
227.7500,237.5000,224.0000,233.0000,1322600
239.2500,240.0000,221.2250,226.7500,1292900
220.2500,234.9440,213.0000,223.0000,1363900
226.0000,226.7500,208.5000,210.0000,860000
212.0000,217.7500,208.7500,215.0000,946700
219.2500,225.5000,215.5000,222.7500,855800
219.0000,224.0000,214.5000,224.0000,695300
219.7500,228.0000,219.7500,224.0000,1629500
225.5000,229.5000,221.5000,225.5000,1289500
226.2500,230.0000,225.0000,227.0000,734100
230.2500,230.2500,223.7500,225.0000,1021100
223.7500,226.5000,217.5000,218.2500,488000
220.0000,221.2500,218.0000,218.0000,377100
218.0000,218.0000,218.0000,218.0000,0
223.0000,223.0000,214.2500,217.2500,380800
220.7500,220.7500,215.7500,217.0000,234400
220.0000,220.0000,208.5000,209.0000,1121100
210.5000,211.5000,207.2500,209.0000,414900
209.0000,215.2500,209.0000,215.2500,857500
207.2500,217.0000,205.0000,211.2500,610400
212.5000,213.7500,210.7500,212.0000,1210100
211.0000,213.0000,208.2500,208.2500,334800
209.7500,212.0000,206.2500,211.0000,1309800
208.0000,210.2500,205.7500,207.7500,241100
208.2500,213.5000,206.7500,208.0000,509800
210.7500,212.7500,205.0000,208.5000,604300
207.0000,210.0000,205.0000,208.0000,566300
206.7500,210.0000,205.7500,206.7500,529900
205.5000,210.7500,202.0000,204.7500,581400
202.0000,206.0000,201.2500,201.7500,408600
200.2500,206.0000,196.7500,200.5000,655600
199.2500,202.0000,193.5000,195.5000,635500
195.5000,200.2500,193.0000,197.2500,1094000
196.5000,197.7500,191.2500,191.2500,532800
190.5000,195.0000,190.2500,190.5000,483600
191.2500,192.0000,189.0000,189.2500,922200
191.0000,191.7500,187.5000,190.0000,632400
190.2500,191.5000,188.7500,189.7500,622000
190.5000,192.0000,188.2500,192.0000,483300
191.5000,193.7500,187.0000,189.2500,745900
190.5000,194.0000,190.5000,191.7500,552000
193.7500,193.7500,191.0000,191.0000,439000
190.5000,195.0000,189.0000,191.0000,272200
190.0000,193.5000,188.2500,188.2500,201400
191.0000,192.5000,188.2500,190.7500,1023300
191.0000,191.0000,186.0000,187.0000,292400
188.0000,191.5000,187.0000,188.7500,670500
189.7500,190.5000,183.2500,186.2500,286000
188.5000,192.7500,183.5000,192.7500,286400
192.0000,202.5000,192.0000,200.0000,824500
200.2500,209.2500,199.7500,208.5000,567900
203.0000,210.0000,199.0000,199.7500,542800
202.2500,202.2500,198.0000,199.5000,256800
199.5000,201.0000,198.0000,200.0000,418600
199.2500,205.2500,198.5000,200.5000,510700
200.7500,200.7500,198.0000,198.2500,340600
197.7500,198.5000,196.2500,198.0000,565500
197.5000,203.0000,197.5000,202.2500,1446300
204.0000,204.0000,197.2500,198.2500,221700
197.7500,199.0000,195.5000,198.0000,364500
202.0000,202.0000,195.0000,200.0000,297700
200.5000,209.0000,200.5000,206.2500,201000
207.2500,210.5000,206.0000,210.5000,434700
209.8000,216.6000,208.2000,216.5000,356800
212.0000,219.1000,211.9000,219.1000,373500
218.0000,232.7000,218.0000,230.2000,547600
231.9000,252.6000,225.8000,251.0000,667600
252.2000,252.2000,232.1000,244.1000,502200
243.7000,246.3000,240.6000,241.0000,144100
243.4000,243.4000,239.0000,239.5000,284900
239.0000,241.1000,239.0000,241.1000,191600
241.9000,249.4000,235.3000,248.0000,156200
247.0000,255.0000,245.6000,247.8000,266100
247.3000,248.8000,230.3000,232.7000,39800
230.0000,231.5000,225.0000,230.0000,293000
230.2000,230.8000,225.1000,225.1000,518800
224.3000,244.5000,223.2000,241.8000,371900
241.8000,250.2000,241.8000,247.1000,131800
245.0000,250.7000,243.2000,247.4000,271500
247.4000,253.2000,243.4000,251.8000,159400
249.7000,252.0000,243.1000,244.3000,252100
242.7000,244.1000,227.8000,230.0000,418200
229.3000,243.4000,229.3000,239.0000,263700
239.0000,239.0000,239.0000,239.0000,0
235.0000,236.5000,215.2000,217.0000,595900
215.9000,222.2000,211.6000,218.1000,714000
222.5000,228.9000,215.5000,224.6000,418600
230.7000,236.0000,223.0000,234.1000,226400
237.6000,240.0000,234.2000,237.5000,226800
241.4000,241.8000,237.5000,239.0000,368000
239.3000,241.9000,235.2000,240.0000,498400
239.1000,240.0000,235.5000,238.3000,287800
232.9000,240.0000,232.9000,236.8000,310000
232.5000,237.7000,230.0000,231.5000,361900
226.0000,234.3000,219.0000,225.8000,10607000
231.5000,235.1000,227.0000,230.2000,1088000
235.8000,237.4000,231.0600,235.2000,670900
233.3000,247.9000,233.3000,240.6000,1271300
244.6000,247.0000,237.5000,241.0000,434800
241.7000,244.2710,238.3000,240.3000,628000
240.0000,243.4000,239.1000,242.0000,463600
241.0000,244.0000,238.7000,239.8000,608300
242.6000,245.5000,241.0000,244.9000,557100
246.1000,248.1000,238.7440,247.0000,343000
249.9000,251.4030,247.0000,249.5000,1294600
251.0000,254.9000,250.0000,250.6000,530100
249.9000,254.0000,249.5000,250.0000,366800
249.0000,255.0000,249.0000,250.0000,737100
249.4000,254.4000,249.4000,252.6000,257000
255.0000,261.6000,251.7000,257.4000,815600
256.0000,267.2000,255.8000,265.5000,444100
269.0000,273.1000,267.7000,273.1000,660400
274.0000,279.0000,269.0000,274.4000,543300
276.4000,281.0000,273.0470,276.5000,509200
277.9000,283.3000,268.2000,268.5000,684500
271.6000,280.8000,268.0000,274.4000,799800
281.8000,304.2000,281.7000,295.0000,1934800
300.8000,301.9000,296.0000,300.0000,1030100
303.7000,308.7000,301.2000,305.2000,656800
308.5000,308.5000,299.0000,299.3000,360600
299.4000,300.2000,289.4000,298.2000,578900
290.7000,300.0000,290.7000,296.0000,387500
296.7000,300.0000,291.8000,293.2000,238200
297.2000,299.6000,292.9000,292.9000,348500
296.4000,297.0000,285.8000,288.9000,381700
289.6000,295.0000,270.0000,270.0000,525000
266.0000,277.1000,266.0000,273.0000,490200
274.0000,277.0300,270.5000,273.2000,282400
270.5000,280.7000,270.5000,277.9000,499200
275.0000,276.3000,267.7000,275.0000,909800
269.2000,275.3000,268.5000,272.2000,711300
269.0000,275.8000,268.9000,272.8000,481100
275.0000,277.4000,271.2000,275.9000,238400
279.4000,282.6000,275.9000,280.2000,113100
283.7000,309.0000,282.7000,289.7000,662400
289.2000,296.5000,286.8000,292.6000,1849900
294.1000,299.1000,292.0000,297.5000,527900
298.8000,302.1000,295.0000,299.7000,423800
296.9000,311.2000,296.9000,308.0000,416000
309.4000,309.9000,297.0000,298.4000,337300
296.3000,311.0000,295.1000,304.2000,1598400
305.5000,309.7580,296.5000,300.0000,309400
297.9000,301.5000,296.0000,296.6000,300400
297.3000,301.8000,294.3130,300.2000,576600
293.4000,301.8000,291.1000,299.9000,461400
297.0000,300.2000,286.0000,287.0000,262800
283.0000,284.9000,263.9000,268.0000,690200
264.0000,271.1000,263.6000,270.0000,551100
265.2000,272.0000,262.0000,262.0000,475900
264.0000,275.9000,264.0000,275.8000,542700
275.0000,281.0000,274.9000,275.0000,517700
276.0000,281.3000,272.7000,274.0000,316700
271.7000,278.0000,266.5000,272.3000,244500
274.9000,275.0000,268.9000,272.3000,199800
270.5000,273.2000,263.0000,265.0000,372100
266.0000,266.1000,259.9000,260.5000,426900
260.0000,261.0000,255.0000,256.5000,282200
251.4000,260.5000,251.4000,255.3000,225300
255.6000,274.2000,255.6000,273.7000,653700
271.0000,275.1000,262.6000,265.0000,415900
263.6000,270.8000,262.9000,270.8000,455600
272.0000,272.0000,265.4000,266.2000,448400
269.0000,269.0000,262.1000,263.8000,1023500
262.8000,271.5000,262.0000,269.9000,138400
271.7000,271.7000,268.5000,269.2000,197700
268.0000,271.9000,268.0000,270.5000,75700
268.4000,271.5000,268.0000,268.0000,26300
268.0000,268.0000,268.0000,268.0000,0
269.0000,273.0000,268.5000,269.5000,231700
268.8000,269.0000,264.6000,265.0000,334500
265.4000,277.0000,265.0000,272.0000,418200
272.0000,272.0000,272.0000,272.0000,0
274.8000,279.0000,273.5000,275.3000,316700
274.5000,278.7000,273.1000,275.0000,274600
280.0000,280.0000,270.1000,273.8000,252100
274.1000,274.9000,268.7000,270.0000,543600
269.0000,271.7000,266.0000,268.3000,512200
270.0000,270.6000,254.0000,265.2000,511900
259.0000,261.0000,248.0000,250.0000,741300
246.4000,255.4000,241.1000,245.4000,1060400
244.9000,248.9080,244.9000,246.0000,386400
245.2000,246.1000,239.8000,241.5000,324300
242.0000,243.0000,240.1000,240.8000,342900
241.3000,241.9000,237.5000,237.9000,350600
238.9000,243.9000,235.9000,238.2000,519500
240.0000,242.2000,232.0000,232.6000,667200
233.7000,234.6000,229.1000,230.3000,407100
233.2000,241.5000,227.0000,233.2000,561900
228.0000,232.0000,227.1000,230.0000,315900
230.0000,234.2000,219.7000,220.0000,2668800
220.0000,226.9000,220.0000,223.4000,675000
226.7000,226.7000,221.0000,223.8000,698700
226.2000,227.2000,223.6000,226.3000,322100
227.5000,235.0000,226.0000,230.3000,503700
231.8000,235.2000,230.0000,233.6000,2254800
267.8000,267.8000,267.8000,267.8000,1006100
225.9000,225.9000,215.0000,222.6000,1020700
224.3000,224.6000,217.3000,217.9000,860400
216.8000,225.3000,216.8000,224.7000,1844000
225.6000,229.9000,225.6000,228.3000,1299500
231.6000,233.2000,227.0000,228.6000,515900
231.0000,232.0500,225.0000,230.0000,857000
229.1000,231.3000,227.9000,229.0000,187000
230.6000,232.7000,226.6000,231.5000,499800
236.5000,236.8500,228.3000,233.6000,820500
234.1000,236.5000,232.2000,235.0000,972300
234.6000,235.3500,233.2000,235.0000,476100
235.1000,237.4000,233.3000,234.5000,377500
236.5000,239.1000,228.4000,230.0000,574500
235.0000,235.0000,228.5000,230.4000,743400
230.7000,236.5300,228.2000,232.0000,1197500
232.0000,237.1000,232.0000,235.0000,1093100
237.8000,241.5000,235.0000,239.9000,1055100
240.0000,240.6000,237.6000,239.5000,1186300
240.7000,247.7000,238.1000,245.1000,1156000
246.7000,250.0000,245.9000,247.2000,731300
264.6000,264.6000,264.6000,264.6000,909000
255.0000,255.0000,250.1000,251.6000,438000
253.0000,253.0000,245.6000,246.8000,420200
245.5000,249.9000,245.4000,249.5000,338400
252.0000,252.0000,243.9000,244.9000,369000
244.9000,248.5000,244.1000,245.5000,435300
251.4000,251.4000,244.3000,247.3000,1482900
248.9000,254.9000,248.9000,253.6000,547700
255.0000,258.6000,254.9000,257.9000,942100
258.7000,260.6000,257.2000,258.6000,617200
260.5000,264.6000,258.2000,259.6000,1184000
261.7000,261.7000,253.7000,257.1000,490000
258.0000,265.0000,258.0000,262.8000,479500
261.1000,268.5000,260.4000,266.4000,567100
265.4000,270.0000,264.6000,269.6000,812500
269.8000,270.7000,265.9000,268.9000,453800
261.1000,268.4000,261.1000,266.2000,1310800
267.9000,267.9000,264.6000,266.1000,1144000
266.8000,268.8000,261.1000,263.7000,275200
265.5000,268.5000,265.0000,267.8000,307700
267.8000,267.8000,267.8000,267.8000,0
267.8000,267.8000,267.8000,267.8000,0
269.8000,277.7000,269.2000,276.5000,491500
277.9000,284.9000,277.9000,284.3000,727600
283.3000,284.8000,280.9010,283.8000,812700
283.5000,285.0000,276.4000,279.1000,769500
278.7000,284.3000,278.7000,280.5000,438700
278.7000,283.0000,278.5000,280.0000,366200
280.0000,295.9000,276.8600,286.5000,1092000
285.0000,287.0000,282.5000,284.0000,777800
284.0000,284.0000,276.9000,277.3000,1118700
270.9000,276.3000,267.8000,272.3000,788600
277.4000,279.3000,274.3000,278.5000,393800
277.4000,279.3000,271.4000,272.6000,383800
273.4000,278.9000,273.4000,276.5000,812600
277.8000,281.2000,277.8000,278.3000,858600
283.1000,283.2000,278.6000,280.0000,540000
278.6000,278.7000,268.2000,268.2000,647900
267.2000,271.8000,263.2000,267.6000,622600
267.1000,268.5000,263.4000,264.7000,922400
266.0000,270.9000,264.5000,264.6000,396400
264.6000,264.6000,264.6000,264.6000,0
267.8000,267.8000,267.8000,267.8000,598700
268.2000,268.2000,254.1000,256.4000,813900
251.1000,260.6000,249.5000,255.0000,737300
252.0000,254.6000,242.3000,248.0000,1241300
254.8000,269.6000,254.8000,262.5000,864400
262.1000,263.2000,256.8000,261.7000,602300
259.8000,272.3000,259.8000,265.3000,489300
269.4000,272.4000,264.0000,269.6000,335400
269.1000,269.1000,257.8000,259.7000,377700
257.6000,262.2000,255.4000,256.8000,227200
257.8000,264.9000,257.4000,263.0000,316900
255.5000,259.9000,249.9000,249.9000,772500
250.9000,254.3000,241.4000,245.0000,1539400
245.2000,246.3000,238.4000,245.0000,1786600
247.0000,249.8000,244.0000,246.7000,1114200
240.4000,245.3900,231.7000,235.0000,5121900
238.0000,247.6000,237.5000,245.9000,2171400
247.4000,250.5000,244.0000,249.4000,1291500
250.0000,257.5000,250.0000,251.4000,882800
251.4000,251.4000,251.4000,251.4000,0
252.4000,252.4000,244.2000,248.0000,868400
248.0000,248.7000,242.3000,247.0000,757300
254.9000,254.9000,248.3000,248.8000,489600
248.5000,251.5500,242.7000,243.3000,453700
238.7000,244.3000,238.7000,242.0000,1059200
242.0000,245.2000,239.2000,242.9000,499500
247.0000,249.0000,240.7000,245.6000,347200
240.0000,249.7000,239.4480,247.8000,308200
249.6000,251.3000,245.9000,248.5000,225200
248.1000,249.7000,245.6000,248.9000,350300
245.8000,250.8290,244.5000,246.5000,586100
248.8000,249.1000,243.5000,245.0000,333300
247.3000,250.0190,243.6000,244.1000,461100
246.7000,254.2000,244.6000,253.1000,1289400
258.1000,263.8000,257.1000,260.1000,503100
260.0000,260.0000,252.9000,257.1000,412200
256.5000,257.7000,250.0000,255.8000,649300
258.8000,260.1000,251.6000,253.0000,1002800
256.7000,256.9000,250.2000,251.0000,1333800
251.1000,254.4000,251.0000,253.0000,389200
248.3000,251.5000,241.9000,243.7000,631900
242.3000,248.7000,241.0000,243.3000,1333600
239.9000,243.7000,235.5000,236.5000,725900
236.3000,239.4000,235.3000,236.8000,427400
239.3000,242.9000,235.8000,240.2000,349800
239.0000,244.0000,239.0000,241.8000,369100
237.3000,244.7000,237.3000,243.8000,580000
247.0000,255.5990,245.7800,253.1000,285300
257.1000,257.1000,251.6000,252.2000,224200
255.8000,268.7000,255.0000,268.4000,637900
269.8000,269.8000,263.2000,263.6000,777800
269.5000,281.0000,267.2000,273.9000,1235700
267.1000,272.5000,262.1000,269.0000,609200
267.6000,273.7000,266.7000,268.1000,456800
269.4000,270.0000,265.3000,268.8000,319800
270.0000,270.0000,262.6000,265.4000,345700
269.4000,274.0000,267.3000,271.4000,207400
272.0000,282.8000,269.3000,282.8000,495600
281.7000,285.4000,278.3000,280.5000,256700
283.7000,289.9000,282.2000,286.6000,388200
287.2000,292.0000,284.0000,284.8000,373600
284.7000,291.8000,283.5000,290.5000,294800
288.8000,291.1210,285.4000,285.4000,567900
285.4000,285.5000,281.5000,282.3000,244600
285.0000,288.5000,285.0000,287.1000,464200
285.6000,286.4000,281.0000,283.9000,372400
286.5000,286.5000,280.8000,281.9000,165100
281.1000,285.0000,280.6000,281.8000,208100
284.9000,288.2000,281.4000,281.9000,319700
285.5000,286.5000,283.8000,286.0000,441000
283.3000,286.3000,282.3000,285.1000,274600
285.4000,286.0000,280.0000,282.0000,381500
284.6000,286.5000,282.6000,285.5000,432500
279.3000,286.1000,279.3000,284.2000,348500
285.5000,285.5000,280.4000,285.2000,102400
282.9000,292.0000,281.8000,289.6000,650700
289.8000,289.8000,284.4000,284.7000,386000
288.1000,288.1000,283.1000,285.9000,457300
286.4000,286.8000,278.6000,282.8000,266100
284.2000,291.0000,284.2000,289.6000,403300
289.1000,289.1000,280.6000,284.2000,228600
282.4000,287.0000,280.4000,283.1000,390600
285.5000,290.9000,285.2000,287.0000,373600
284.5000,291.0000,284.5000,289.6000,395700
289.6000,289.6000,289.6000,289.6000,0
286.6000,291.7000,285.1000,290.1000,541000
290.0000,302.9000,289.9000,300.0000,917100
300.1000,304.5000,298.5000,301.5000,895400
297.1000,303.6000,297.1000,302.5000,767500
303.0000,306.3000,299.9920,303.3000,580800
308.7000,308.7000,297.7000,301.4000,748900
301.4000,306.3000,297.5000,304.7000,340000
303.2000,312.6000,303.2000,312.3000,525700
309.2000,317.4000,309.2000,315.0000,321900
314.2000,325.0000,314.0000,318.9000,504300
332.0000,335.3000,305.0000,314.0000,2158500
307.1000,317.7000,306.0000,311.9000,1889500
310.9000,322.0000,310.9000,320.1000,827600
324.1000,325.0000,316.5000,318.8000,1676700
320.8000,321.4000,315.3000,321.0000,740200
321.0000,336.8000,320.7000,324.5000,1273800
332.5000,332.5000,323.1000,323.2000,938200
324.7000,326.2000,321.3000,323.6000,1007300
322.0000,330.4000,320.3000,330.1000,723200
332.9000,338.0000,332.9000,335.1000,564800
332.8000,337.3000,330.0000,334.0000,414300
335.7000,338.4000,329.6000,334.0000,1131900
333.8000,338.4000,331.9900,334.6000,510500
337.0000,338.6000,332.2000,337.3000,418400
336.9000,345.0000,336.9000,342.8000,713000
344.5000,352.5000,343.4000,348.6000,615500
348.0000,357.5000,348.0000,351.9000,635600
352.6000,357.1000,348.3000,352.2000,424000
352.3000,352.3000,347.0000,349.4000,329200
350.0000,361.1000,349.4340,360.6000,686200
359.4000,360.3000,354.1000,356.2000,524300
353.7000,366.9000,353.7000,361.7000,968500
372.4000,382.9000,365.0000,379.6000,1976900
382.0000,382.0000,372.9000,376.1000,1373100
395.0000,400.5000,379.8000,381.6000,890300
379.0000,382.1000,378.6000,380.0000,669500
378.6000,380.1850,376.2000,377.4000,759800
378.9000,384.6000,377.7000,379.5000,750200
376.8000,381.0000,376.8000,379.0000,617300
381.4000,383.4000,378.8000,380.0000,396900
381.0000,381.7000,376.8000,380.3000,237400
380.8000,381.3000,377.0000,377.0000,303400
380.4000,381.2000,374.6000,377.9000,356600
381.8000,385.0000,379.5000,382.7000,602100
385.0000,391.7000,381.1000,382.2000,612200
382.4000,385.0000,378.6000,383.7000,642300
377.4000,384.8000,370.0000,370.6000,753700
370.6000,380.2000,370.6000,379.0000,741200
379.6000,382.9000,377.2000,381.0000,410300
380.6000,386.4000,379.5000,379.8000,436500
383.0000,384.1000,381.4000,381.5000,399700
385.0000,385.0000,373.6000,377.0000,362700
384.8000,384.8000,365.7000,368.5000,556600
365.0000,365.5000,361.1000,364.5000,323100
362.2000,365.4000,361.3000,363.1000,340200
362.7000,362.7000,352.0000,352.0000,436300
350.3000,355.0000,347.6000,354.4000,659200
358.2000,366.6000,355.3000,361.6000,182600
360.6000,362.9000,359.5000,359.7000,359800
363.4000,363.4000,356.1000,359.6000,434000
353.4000,355.7000,348.3000,352.0000,522700
352.7000,357.9000,348.7000,353.8000,447300
355.7000,362.0000,353.4000,362.0000,459000
362.5000,362.5000,351.4000,358.6000,157000
359.9000,365.4000,357.6000,358.8000,1567500
359.5000,359.5000,338.9000,340.1000,1066900
342.8000,350.0000,337.9000,347.9000,829400
353.2000,366.9000,351.6000,364.3000,650600
363.0000,374.7000,363.0000,371.8000,1777200
373.5000,381.2000,366.6000,371.3000,542800
374.4000,381.5000,373.3000,378.0000,558900
377.1000,378.7000,368.3000,368.3000,602800
368.5000,368.5000,355.6000,362.1000,1179100
363.6000,364.9000,354.6000,362.0000,767500
361.1000,363.4000,358.1950,359.3000,390400
362.9000,362.9000,356.5000,357.0000,357600
359.3000,360.2000,351.7000,351.7000,707300
346.7000,346.7000,346.7000,346.7000,2225000
350.0000,350.5000,339.2000,342.7000,1276200
344.3000,347.4000,342.9000,345.1000,410300
347.1000,349.0000,344.8000,347.8000,275300
348.3000,348.5000,343.4000,345.0000,310300
344.7000,345.1000,343.7000,345.0000,588000
343.4000,343.4000,333.6000,342.0000,30200
342.0000,342.0000,342.0000,342.0000,0
343.4000,343.4000,339.3000,342.6000,210400
342.4000,342.4000,336.4000,339.4000,211000
341.0000,341.0000,335.1000,335.1000,195400
337.4000,346.1000,335.1000,345.0000,632000
344.0000,345.0000,342.3000,342.9000,532700
343.3000,343.8000,338.0000,342.0000,417800
343.1000,346.0000,342.5000,344.5000,518000
346.0000,347.2000,340.0000,340.0000,768400
345.0000,346.3000,339.7000,343.9000,897000
344.9000,345.3000,340.8000,342.5000,1066300
352.5000,361.3000,350.7000,358.5000,2036000
360.0000,366.2000,359.8000,361.7000,1318000
360.5000,360.5000,353.1000,356.0000,1149300
355.4000,361.3000,353.9000,359.9000,655000
360.0000,362.3000,354.8000,356.9000,921100
356.5000,356.5000,338.1000,348.3000,1137200
353.0000,353.0000,353.0000,353.0000,1010300
354.0000,354.0000,350.5000,351.3000,748000
352.6000,355.0000,349.8000,350.0000,1306600
352.5000,352.5000,347.7000,350.0000,895200
349.4000,360.9000,348.6000,356.9000,1113800
359.6000,360.6000,351.6000,354.8000,923800
353.4000,354.3000,345.5000,349.0000,935900
352.2000,353.5000,342.8000,352.0000,844800
353.9000,355.2000,349.8000,355.2000,1247700
354.6000,359.2000,352.6000,359.2000,462100
360.1000,364.8000,358.8000,362.8000,751200
363.9000,371.3000,362.2000,371.3000,545700
371.8000,374.3000,370.3000,373.1000,926700
370.3000,375.5000,370.2000,374.6000,708700
374.4000,374.4000,355.3000,361.6000,1398800
359.8000,362.4000,357.4000,360.0000,1137200
363.2000,365.0000,358.2000,358.2000,37800
358.0000,359.9000,353.9000,355.8000,532500
358.0000,358.0000,347.3040,350.9000,806500
350.6000,356.3000,349.5000,355.5000,1104700
354.9000,362.4000,353.4000,362.4000,897000
363.7000,368.4000,360.1000,360.5000,841000
361.2000,361.2000,349.3000,349.3000,769700
351.2000,351.2000,339.4000,343.0000,613400
343.0000,343.0000,331.6000,333.9000,1228700
340.0000,341.3000,330.8120,337.4000,546000
337.0000,340.4000,334.2000,335.3000,859000
338.0000,338.0000,329.7000,329.7000,1337300
338.3000,338.3000,329.5000,331.8000,899400
333.0000,336.3000,329.2000,330.2000,687300
334.1000,345.9000,331.3000,340.4000,1147600
338.5000,341.9000,337.8000,340.0000,604000
341.9000,342.4000,335.5000,341.0000,1296900
339.9000,339.9000,330.1000,334.5000,736700
335.1000,335.1000,317.1000,320.1000,2486600
319.3000,319.3000,312.2000,313.0000,1846300
318.0000,318.0000,310.8000,311.7000,1688200
303.9000,306.3000,300.3000,302.0000,1660300
301.3000,306.4000,300.4000,302.0000,743100
302.3000,308.0000,299.5000,305.2000,847200
305.1000,310.6000,305.1000,307.5000,1272200
310.0000,321.5000,308.0000,321.4000,2718800
322.3000,325.3000,319.1000,322.6000,1397400
319.7000,323.0000,314.8000,317.0000,785600
315.9000,324.3000,315.6000,324.3000,980700
325.8000,329.9000,324.3000,328.3000,522100
329.8000,329.8000,325.0000,326.8000,447100
328.8000,329.8000,324.7000,328.8000,786600
332.3000,332.4000,327.0000,328.1000,432400
330.1000,332.2000,325.9000,331.4000,938200
333.9000,333.9000,328.8000,332.2000,685400
330.7000,343.1000,330.7000,342.7000,1058500
342.6000,345.8350,341.5000,345.8000,1146900
345.9000,357.6000,343.5000,350.4000,1039500
350.0000,353.4000,348.5000,350.8000,1050400
352.1000,354.8000,350.2000,353.9000,686900
353.9000,357.6000,353.5000,356.8000,1264700
355.7000,355.7000,349.6000,351.1000,1556700
353.7120,355.6000,350.2000,352.6000,1032100
358.0000,361.0000,355.4000,360.0000,1743600
359.9000,365.0090,359.9000,365.0000,2024200
364.8000,365.5000,354.0000,355.0000,1259100
355.8000,357.3000,350.8000,354.3000,682000
356.3000,362.3000,356.3000,362.3000,997600
363.2000,367.0000,361.4000,366.5000,666000
363.7000,368.8000,360.9000,368.8000,502100
369.4000,369.4000,363.4000,366.5000,1118100
367.6000,373.4000,365.6000,373.1000,1021900
373.1000,376.7000,369.9000,374.7000,952700
375.5000,376.3000,370.6000,373.9000,817400
374.8000,375.4000,365.3000,367.7000,1930600
368.7000,371.7420,359.1000,363.4000,886200
361.7000,365.4000,359.5000,364.2000,806000
365.2000,373.0000,365.1000,370.4000,650700
371.1000,375.2000,366.6000,370.0000,709800
367.0000,368.8000,360.3000,363.2000,747900
364.9000,365.0000,358.0000,360.3000,430900
358.2000,360.9000,353.5000,359.9000,477700
359.4000,360.9000,354.8000,354.8000,376100
357.0000,357.3000,348.5000,353.8000,646600
354.9000,362.8000,354.9000,360.2000,566700
361.2000,363.1000,359.4000,360.0000,608700
363.4000,364.0000,353.1000,355.0000,750900
354.9000,362.1000,354.9000,359.0000,966700
357.7000,361.0000,356.1000,361.0000,1304100
363.2000,368.0000,361.6000,367.7000,1025700
369.4000,382.6000,368.5000,379.8000,836600
380.1000,382.9000,377.7000,379.4000,2044900
383.8000,383.8000,375.4000,377.1000,1233000
376.9000,383.0000,373.3000,379.4000,2207400
381.6000,383.0000,379.0000,380.9000,913800
379.4000,383.8000,377.0000,383.0000,1384000
383.1000,385.5000,380.7000,381.6000,849100
381.6000,381.6000,374.9000,376.5000,868700
375.3000,378.2000,374.5000,377.3000,508800
377.9000,385.4000,371.3000,384.4000,1054600
384.2000,384.3000,378.2000,381.3000,1089800
381.9000,394.5000,381.6000,393.0000,1123600
392.4000,397.8000,391.3000,393.9000,2468400
392.1000,393.0000,374.2000,381.2000,1357800
380.2000,391.7000,375.5000,388.0000,2724900
384.9000,384.9000,378.0000,379.5000,1170700
380.8000,385.0000,378.0000,383.9000,1219700
383.0000,386.9000,381.2000,383.8000,1321500
381.7000,386.5000,378.0000,379.0000,915800
383.1000,384.1000,376.0000,377.0000,976500
376.6000,380.4000,372.8000,375.9000,791100
376.9000,384.2000,376.9000,384.0000,1027500
385.0000,400.9000,384.6260,399.9000,1354800
400.0000,400.0000,395.0000,398.4000,1445800
399.5000,405.0000,397.0000,404.5000,1330500
405.1000,407.4000,403.0000,406.5000,552400
406.3000,407.0000,397.7000,406.5000,1116200
406.0000,406.8000,401.7000,404.7000,552700
405.0000,413.6000,404.4000,413.6000,1726000
411.8000,418.9000,410.9000,414.5000,3155500
413.1000,414.3000,397.3000,400.0000,784700
395.5000,396.0000,384.7000,394.2000,843900
391.1000,396.8000,391.0000,393.7000,807800
397.0000,412.6000,397.0000,408.0000,1902400
410.0000,410.8000,404.8000,408.5000,970700
404.4000,409.1000,401.1000,404.0000,752400
406.0000,407.9000,400.1000,404.1000,1067600
404.2000,410.4000,403.9000,407.4000,1247900
407.3000,412.8000,405.1000,408.1000,1207000
410.0000,415.5000,410.0000,412.0000,665000
409.3000,413.2000,406.7000,411.4000,283300
412.0000,414.3000,407.0000,411.0000,561500
409.2000,409.6000,403.5000,404.2000,631400
401.1000,406.3000,399.5000,405.3000,328300
403.1000,407.2000,397.7000,403.3000,731500
408.7000,411.9000,403.4820,405.5000,862400
402.8000,403.5000,391.4000,392.4000,783000
387.4000,396.6000,384.9000,388.9000,744100
393.9000,394.6000,370.0000,370.0000,937000
365.9000,368.3000,347.9000,356.4000,1204800
355.6000,363.9000,337.3000,342.5000,1253900
342.3000,360.2000,322.7000,360.2000,1433900
367.9000,392.9000,362.7000,362.7000,1707000
373.5000,378.1000,355.1000,365.4000,1429200
369.1000,384.9000,360.9000,378.6000,990600
389.0000,389.0000,379.2000,379.9000,522400
376.2000,379.4000,371.1000,377.3000,374500
374.4000,374.4000,364.1000,366.2000,3498800
363.1000,364.3490,349.3000,350.0000,866700
348.6000,354.5000,333.4000,347.1000,838900
341.8000,356.2000,341.8000,350.0000,977800
353.5000,357.8000,350.0000,353.8000,507600
355.1000,364.7000,351.6000,360.9000,338100
361.0000,364.2000,355.8000,361.8000,739600
358.5000,367.7000,353.6000,363.5000,711900
370.5000,384.5000,369.1000,384.5000,944600
387.0000,404.4000,384.2000,404.4000,2329100
409.0000,410.2000,397.2000,408.5000,1292800
400.9000,411.8000,396.9000,411.1000,1236400
405.3000,411.5000,400.9000,404.4000,919500
400.5000,412.1660,386.5000,398.2000,1719600
406.2000,406.2000,398.4000,400.9000,1715900
398.7000,429.9000,398.7000,420.0000,3025600
419.9000,420.0000,409.3000,410.3000,1010600
403.7810,403.7810,396.5000,399.9000,1409300
399.0000,399.0000,371.3000,385.0000,4114500
387.4000,393.0000,381.5000,389.9000,1979300
390.1000,412.2000,390.1000,404.0000,2727600
406.7000,412.0000,398.1000,402.2000,14642000
395.1000,400.0000,388.5000,388.5000,2340800
384.0000,410.0000,384.0000,410.0000,2477300
407.3000,407.3000,389.7000,391.6000,1860800
381.4000,381.5000,356.9000,357.4000,4305500
360.0000,360.3000,337.8000,351.0000,6443200
341.8000,351.2000,337.4000,341.1000,4647400
348.6000,356.1040,344.8000,352.0000,4170700
349.7000,363.4000,348.1000,350.0000,3185600
349.3000,354.2000,347.1000,350.0000,1702300
347.0000,348.1640,322.2000,324.5000,2852700
317.2000,324.0000,310.3000,322.9000,1690400
317.3000,321.0000,302.6000,306.4000,6400200
313.3000,313.3000,307.7000,312.5000,2604600
313.0000,325.8000,311.7000,325.8000,3499300
326.1000,328.8000,317.0000,325.0000,1547100
324.9000,330.2000,322.8000,327.2000,1271500
326.9000,326.9000,314.4000,320.8000,2411500
318.5000,332.0000,318.5000,331.4000,2160000
323.4000,328.3500,307.0000,318.0000,5086000
317.0000,332.4000,317.0000,327.8000,1889800
328.6000,334.0000,317.5000,320.6000,1789900
315.0000,320.7000,311.7000,318.5000,1380200
315.6000,323.8000,315.6000,317.8000,2130000
312.4000,320.1000,312.4000,318.1000,1236000
319.0000,326.5000,315.8000,326.0000,1416200
326.6000,329.9000,323.6000,326.7000,2285800
324.2000,330.2000,323.0000,328.8000,1897500
326.2000,328.8000,322.1000,325.4000,1936600
332.2000,356.9000,331.5000,353.8000,4505000
355.2000,359.8000,354.1000,358.0000,1907700
360.7000,360.7000,345.0000,345.0000,1479700
337.4000,337.4000,327.5000,331.4000,2333200
325.0000,332.1000,321.1000,325.9000,1737900
322.3000,333.9000,321.0000,329.4000,1609900
333.8000,336.7000,326.2000,335.6000,1674600
334.0000,348.0000,331.6000,338.0000,2260100
338.5000,347.1000,338.0000,345.4000,1097000
349.3000,349.3000,327.9000,332.2000,1640400
324.2000,336.2000,324.2000,333.1000,1937600
332.5000,346.3000,332.5000,346.2000,1578500
351.4000,351.4000,338.8100,340.9000,706200
339.2000,343.2000,332.4000,341.7000,735700
340.5000,343.5000,332.9000,337.0000,1054900
336.2000,338.0000,325.2300,328.7000,992500
322.5000,331.5000,322.5000,328.7000,719000
327.0000,328.0000,316.6000,318.2000,1126200
319.5000,322.7000,318.0000,321.0000,1101700
319.2000,314.0060,307.9600,309.6000,2427900
312.1000,315.1000,308.2000,312.6000,1078200
311.6000,312.9000,307.8000,310.7000,1489500
315.2000,325.4000,311.8000,324.1000,1119100
325.1000,329.3000,320.1000,323.7000,1409400
320.4000,340.5000,317.8000,337.1000,2201300
338.6000,343.1000,335.2000,338.3000,1790700
342.2000,352.1000,341.5240,346.9000,1220200
349.0000,353.0000,348.8000,349.0000,593500
345.5000,349.7000,344.2000,348.7000,1065200
350.2000,353.1000,341.8000,344.7000,1139000
347.7000,353.6000,337.8000,338.1000,657100
335.2000,343.1000,334.9000,340.0000,1138600
340.0000,341.4000,327.5000,327.5000,997900
330.0000,330.4130,323.2000,326.8000,1301900
322.0000,322.2000,309.1000,312.0000,2055900
313.4000,320.0000,310.7000,318.3000,1541800
323.2000,326.8000,316.2000,319.1000,2353200
317.1000,319.9000,99.3500,318.6000,1104300
319.7000,325.8330,318.1000,325.8000,753000
328.7000,331.0000,321.1000,322.1000,865300
323.6000,327.4000,321.2000,323.9000,601900
325.5000,326.8000,324.3000,324.9000,123100
324.9000,324.9000,324.9000,324.9000,0
324.9000,324.9000,324.9000,324.9000,0
325.3000,331.5000,322.7000,329.1000,557500
329.2000,332.3000,326.3000,332.2000,364000
332.6000,335.3000,330.0000,334.0000,134900
334.0000,334.0000,334.0000,334.0000,0
342.7000,343.9000,334.6000,338.4000,777000
338.8000,340.7000,333.2000,335.2000,504700
334.5000,336.8000,329.1000,330.9000,433300
327.8000,329.4280,317.2000,321.3000,1280000
321.1000,322.0000,313.5000,314.5000,953100
317.2000,321.3000,314.0000,320.4000,926300
321.0000,325.9000,321.0000,325.9000,876600
329.5000,346.6000,328.1000,340.8000,1028600
342.6000,357.7000,342.6000,347.0000,1438500
346.3000,348.0000,343.2000,346.6000,1016000
351.2000,351.5000,345.7000,346.1000,1006400
346.8000,351.1000,345.4000,348.7000,1252900
350.5000,357.6000,348.4000,356.9000,1192700
358.3000,361.7000,357.2000,359.1000,866600
360.0000,365.1000,357.3000,363.6000,529100
354.3000,359.0000,347.5000,355.0000,1183500
363.7000,382.1000,359.4000,370.0000,2527500
371.0000,376.2000,367.2000,372.0000,1642600
370.0000,374.8000,366.9000,367.5000,491200
366.1000,367.2000,362.7000,364.7000,1388000
366.9000,372.0000,365.6000,371.4000,1966000
372.3000,377.0000,372.3000,375.3000,1255300
376.0000,386.0000,375.1000,384.2000,1032400
382.4000,390.9000,381.0000,390.0000,769700
388.1000,390.5000,384.8000,388.6000,1202500
387.7000,388.5000,383.1000,383.3000,575700
385.3000,391.6000,377.7000,390.4000,1788300
390.3000,392.7000,385.6000,388.3000,1199100
387.8000,391.3000,382.9000,388.9000,1310100
392.1000,398.8650,388.9000,395.3000,675000
393.6000,397.6000,389.3000,391.7000,764100
394.9000,406.0000,393.2000,402.7000,1315100
399.3000,400.0000,392.1000,398.1000,1081900
392.3000,396.2000,384.9950,390.6000,1517600
396.0000,396.0000,390.9000,392.6000,651800
393.2000,393.6000,387.1000,389.3000,1224400
391.6000,393.1000,383.4000,386.5000,1212600
390.0000,401.9000,385.6000,401.2000,1237900
397.3000,400.0000,393.4000,395.5000,1231600
397.0000,399.7000,392.4000,396.1000,992500
398.1000,398.6000,392.1000,395.5000,766100
394.5000,396.9000,385.6610,385.8000,983300
386.6000,395.3000,383.5400,392.5000,867100
391.3000,395.0000,389.6000,392.3000,507700
388.2000,390.5000,384.3000,388.0000,969200
386.0000,386.8000,374.2000,375.9000,730400
372.6000,381.3000,372.6000,378.8000,700100
380.6000,386.4000,376.9000,383.5000,600800
382.3000,387.7000,380.9000,385.6000,622000
385.8000,385.8000,380.2000,381.8000,487900
382.4000,387.9000,379.5000,380.7000,1247500
381.4000,388.0000,377.7000,377.7000,2037700
378.5000,384.4000,370.6000,372.2000,1456100
373.4000,384.4000,372.4000,376.5000,1613800
377.0000,377.6000,372.4000,374.1000,1019500
372.1000,375.6000,367.6000,368.3000,837200
369.8000,373.2000,367.8000,370.0000,935900
369.0000,369.4000,363.0000,365.5000,1542400
365.8000,378.8000,365.8000,377.1000,1579800
378.6000,381.8000,377.0000,378.5000,893900
379.7000,383.0000,377.3000,380.0000,1132400
378.9000,381.5000,373.2000,374.7000,694900
373.0000,375.0000,365.2000,366.0000,853100
367.1000,370.8000,366.0000,367.5000,797400
367.4000,374.0000,364.2000,373.7000,1169900
373.6000,377.5000,372.5000,376.9000,1005500
376.4000,377.6000,362.6000,366.7000,1379600
371.8000,385.6000,369.6000,385.6000,1876100
385.6000,385.6000,385.6000,385.6000,0
385.6000,385.6000,385.6000,385.6000,0
380.2000,382.4000,375.0000,375.0000,1470600
373.1000,387.5000,372.8000,386.0000,1615500
386.0000,392.5000,386.0000,389.4000,1631500
387.9000,388.7000,382.0000,386.9000,1273200
384.9000,390.4000,382.1000,387.7000,1450500
386.4000,388.9000,383.3000,387.1000,1847300
385.9000,389.9000,384.9000,386.0000,787000
388.7000,392.7000,386.4000,389.5000,904000
390.1000,392.6000,384.6000,385.7000,1081100
384.1000,385.2000,371.8000,373.0000,1254800
374.1000,379.9000,374.0000,376.9000,863100
378.8000,382.4000,374.8000,377.1000,791800
378.3000,380.0000,374.6000,378.9000,504500
379.4000,386.8000,378.3640,385.7000,970100
387.7000,387.7000,382.3000,382.6000,811500
383.0000,383.7000,380.7000,382.4000,397700
380.5000,383.1000,378.4000,381.0000,705800
380.8000,383.2000,378.2000,380.0000,607700
378.3000,380.6000,366.8000,368.9000,867900
368.9000,368.9000,368.9000,368.9000,0
366.2000,370.8000,353.6000,354.4000,1640900
354.7000,360.5000,348.9000,351.4000,1384600
353.1000,360.5000,351.4000,360.3000,1178700
357.5000,357.7000,349.6000,356.1000,935400
352.1000,352.1000,348.0000,348.8000,858500
352.1000,353.1000,339.1000,340.3000,1006200
336.8000,345.8000,332.3000,343.9000,1228700
343.5000,343.5000,328.5000,331.8000,1207200
328.0000,330.8000,324.4000,324.4000,1236200
322.4000,327.5000,320.1000,324.5000,1005400
327.6000,334.2000,325.6000,332.6000,878700
327.9000,327.9000,320.9000,320.9000,1401000
325.0000,327.3000,321.8000,325.4000,1393900
326.8000,329.7000,323.2000,325.7000,650500
329.4000,333.9000,327.7000,329.6000,605400
330.5000,340.2000,330.5000,338.8000,1075800
336.4000,338.8000,328.9000,331.5000,986500
332.3000,339.3000,332.2000,339.3000,2213700
338.3000,340.6000,326.8000,327.2000,1048300
327.2000,327.2000,327.2000,327.2000,0
327.2000,327.2000,327.2000,327.2000,0
330.1000,342.9000,330.1000,341.3000,1367900
343.1000,350.0000,340.6000,345.6000,961000
344.2000,345.9000,340.1000,343.4000,618300
349.4000,350.5000,341.2000,343.1000,740500
342.1000,344.4000,339.3000,342.5000,981300
344.9000,346.6000,339.2200,342.0000,1153900
340.7000,345.3000,339.0000,345.0000,927800
347.2000,349.3000,330.8010,331.0000,3852500
337.0000,341.6000,327.0000,340.9000,1470700
342.5000,346.0000,336.8000,341.7000,1476300
342.8000,351.0000,341.1000,350.8000,882300
348.6000,351.0000,346.3000,346.6000,682500
345.0000,345.0000,338.6000,339.8000,462100
338.9000,340.0000,334.0000,334.0000,720700
335.2000,337.4000,331.2000,332.5000,723100
334.2000,335.7000,330.2000,334.4000,659600
335.4000,337.7000,332.9000,336.0000,696100
344.2000,350.3000,343.2000,348.5000,559100
350.3000,354.9000,349.6000,353.3000,896300
351.7000,355.5000,350.4000,350.4000,721400
349.4000,356.0000,349.3000,352.1000,454900
352.4000,353.5000,347.7000,352.3000,651300
351.2000,352.0000,343.5000,344.0000,937900
343.3000,345.4000,332.8000,333.8000,1627000
333.0000,336.4000,332.4000,334.1000,1616100
333.4000,335.6000,328.1060,330.0000,1252900
320.0000,320.0000,300.3000,307.8000,4710100
306.5000,319.1000,306.5000,318.6000,1370900
321.6000,322.2000,317.6000,322.1000,1199700
323.7000,323.7000,316.5000,322.0000,1422700
331.1000,337.7000,328.2000,330.3000,1835000
330.6000,332.5000,326.6000,329.9000,889000
329.3000,331.5000,323.3000,325.6000,1158300
322.8000,322.8000,313.0000,314.4000,828400
315.5000,316.9000,312.2000,313.2000,807100
313.3000,318.7000,312.0000,318.6000,400000
318.7000,325.2000,315.0000,323.7000,516200
327.1000,327.1000,319.1000,324.1000,556400
325.8000,332.1000,324.3000,331.0000,754600
330.6000,330.6000,323.7000,323.7000,1060600
324.0000,331.4000,324.0000,330.7000,564100
330.0000,335.4000,327.4000,330.0000,572900
330.2000,347.4000,330.2000,346.1000,701700
345.3000,353.1000,344.7000,350.0000,1088000
350.0000,353.0000,349.2000,351.0000,676600
349.3000,354.8000,349.3000,353.4000,823900
355.3000,357.0000,351.7000,356.2000,437100
355.6000,356.2000,352.0000,355.5000,550500
355.6000,358.3000,354.0000,355.6000,398100
357.6000,358.6030,354.5000,356.0000,818800
355.6000,359.9000,355.5000,357.6000,708800
359.4000,359.4000,355.1000,357.1000,376800
358.0000,359.6000,354.7000,357.1000,710800
357.0000,359.3000,354.1000,355.4000,452200
355.2000,355.3000,349.0000,352.0000,1062100
350.1000,350.6000,343.6000,344.1000,1078500
345.8000,348.4000,344.7000,346.5000,678600
343.2000,343.3000,326.1000,331.5000,1767200
331.5000,331.5000,331.5000,331.5000,0
331.6000,334.7000,326.0330,334.2000,1011000
334.2000,336.8000,329.1000,329.9000,1554000
329.7000,329.7000,324.0000,327.3000,861500
326.9000,329.9000,325.0000,329.0000,1732700
327.7000,330.8000,325.6000,327.0000,667000
326.3000,328.8000,322.5000,323.8000,756800
324.3000,327.6000,320.4000,321.6000,1093400
321.3000,330.6000,321.3000,329.8000,1369700
334.0000,337.9000,329.6000,337.0000,1364500
338.5000,341.2010,334.3000,339.7000,795200
340.7000,344.9000,331.0000,331.0000,1502500
334.9000,341.6000,327.0000,328.1000,2843000
329.0000,329.7000,321.3000,321.3000,1710400
327.6000,332.4000,323.3000,327.8000,6629400
326.2000,339.5000,326.2000,338.1000,2457500
335.7000,337.7000,332.0000,335.0000,2084600
339.1000,341.2000,337.5000,338.5000,1497200
335.7000,343.0000,335.7000,343.0000,1703300
345.5000,349.6000,340.6000,345.1000,14848200
343.4000,349.0000,341.0000,347.0000,1350200
346.7000,348.1000,344.6000,344.6000,852700
341.2000,342.4000,337.0000,339.5000,538200
341.0000,341.8000,337.7000,339.0000,906900
341.7000,349.2000,340.4000,340.5000,1314600
340.3000,353.4000,340.0000,352.8000,1242500
349.9000,353.2000,347.5000,348.0000,617100
346.9000,352.0000,346.6000,351.7000,854800
352.9000,355.5000,349.5000,354.6000,798000
354.9000,357.8000,352.6000,356.7000,1027200
354.2000,355.7820,352.0000,354.8000,724200
355.3000,356.0000,351.7000,352.6000,633700
352.0000,357.4000,352.0000,356.2000,1121900
355.0000,362.5000,355.0000,359.7000,1191900
359.8000,362.7000,357.7760,360.5000,654600
360.2000,364.4000,359.2000,361.7000,515000
362.5000,367.6000,362.0000,366.0000,2665200
367.6000,371.6000,366.4910,369.6000,990200
370.0000,375.8000,369.7000,375.3000,979200
373.6000,377.7800,373.3150,374.1000,915300
374.9000,380.2000,374.0000,379.9000,1384200
379.2000,379.2000,368.2000,369.2000,1071200
370.5000,370.9000,356.7260,367.6000,3892800
368.3000,369.5000,357.7290,367.2000,1786200
365.8000,368.0000,354.3540,365.4000,2052300
365.5000,366.4510,354.2500,364.8000,1122900
366.3000,367.6500,355.3750,365.6000,1496000
364.3000,367.6000,355.6210,363.7000,1519400
363.3000,371.4000,357.3620,370.9000,4759100
372.0000,377.7000,361.2500,374.2000,4805400
372.3000,373.2000,360.2660,369.0000,1022900
368.9000,370.4600,356.2500,369.7000,2821200
359.9000,365.3250,359.0000,359.0000,3528900
365.4000,366.5000,355.0000,357.2000,1001700
358.1000,358.5000,354.6000,358.2000,616700
359.2000,359.6000,354.1440,355.8000,3560200
354.5000,358.9000,352.4000,358.1000,586000
356.4000,357.8000,352.2000,352.9000,819500
351.3000,354.8000,349.5000,351.9000,580300
351.4000,352.5000,346.8000,348.4000,668400
350.4000,353.4000,350.0000,352.8000,572000
352.8000,357.8000,351.1000,357.1000,846200
355.9000,359.2000,355.9000,357.9000,533600
360.1000,360.2000,356.1000,359.4000,193000
359.4000,362.5000,358.6000,362.5000,122300
362.2000,363.0000,358.5000,359.0000,248700
360.3000,361.1000,355.0000,358.9000,424300
359.1000,360.3000,356.1000,360.0000,427300
362.6000,366.2000,359.6000,359.7000,840600
359.2000,364.3000,359.2000,360.2000,483500
360.8000,360.8000,355.0000,355.5000,576600
355.1000,358.9000,355.1000,357.9000,442100
359.7000,360.7000,356.8000,357.3000,250900
357.9000,361.3000,356.4000,356.5000,502500
357.6000,360.1000,354.8000,360.0000,485800
358.5000,359.2000,353.7000,355.4000,1349500
355.4000,356.2000,348.9300,350.0000,449100
349.4000,353.3350,349.4000,353.3000,440400
352.7000,356.5000,352.4000,354.9000,1258800
354.7000,357.2000,354.5000,356.3000,959800
355.2000,358.3000,355.2000,356.8000,778900
357.0000,358.1000,353.7000,354.7000,649900
356.2000,359.2000,354.5000,358.0000,511700
357.6000,362.9000,357.1000,361.9000,623900
361.7000,361.7000,355.2000,360.1000,754900
359.3000,361.9000,356.8000,360.2000,63400
360.2000,360.2000,360.2000,360.2000,0
360.2000,360.2000,360.2000,360.2000,0
358.9000,361.8000,355.1000,360.2000,196200
360.7000,361.7000,358.6000,358.8000,319900
358.7000,360.0000,354.9000,359.4000,203800
359.4000,359.4000,359.4000,359.4000,0
363.5000,372.4000,362.2000,371.1000,416200
371.0000,376.3000,369.7000,374.0000,722500
373.6000,376.8000,370.5000,375.7000,402600
376.3000,376.9000,373.9000,374.2000,345500
374.4000,375.6000,371.6000,372.2000,277700
373.9000,376.4000,369.4000,369.7000,616200
371.0000,378.5000,369.1000,376.5000,416900
372.9000,378.4000,372.9000,375.6000,1159800
377.3000,382.1000,374.5000,381.5000,1193200
379.1000,383.0000,365.5000,369.8000,1554900
369.0000,371.2000,364.0000,366.3000,994100
366.1000,366.1000,363.1000,364.5000,876700
358.5000,361.3000,351.9000,352.7000,1591800
353.7000,356.2000,350.9000,352.3000,1310000
352.9000,352.9000,348.1000,352.0000,1365100
351.7000,354.1000,346.5000,354.1000,991600
353.1000,362.4000,353.1000,361.3000,717100
360.4000,366.0000,360.4000,364.4000,651100
365.3000,369.4000,363.7000,363.7000,815500
363.8000,365.4000,360.7000,362.0000,660800
363.5000,363.5000,360.0000,360.7000,854800
360.6000,362.7000,357.0000,357.1000,375900
357.1000,359.9000,356.9000,357.7000,613700
357.8000,358.9000,351.2000,351.2000,484500
351.3000,353.7000,348.1000,349.5000,887100
348.0000,355.9000,346.5000,351.0000,1115000
351.8000,360.4360,350.5000,360.4000,1832300
364.4000,368.2000,364.0000,365.6000,1730600
365.8000,366.0000,359.0000,360.2000,717800
359.7000,363.2000,355.7000,363.2000,1548000
362.6000,370.0000,362.6000,367.3000,637100
367.2000,371.2000,366.7000,370.0000,1206300
369.6000,375.9000,368.2000,375.2000,1486100
370.0000,373.5000,359.9000,362.2000,814500
364.1000,367.0000,357.2000,365.7000,876400
365.4000,368.5000,363.7000,364.3000,427900
361.9000,362.1000,359.0850,359.8000,615000
365.0000,366.0000,359.9000,361.8000,1276300
363.7000,363.7000,359.8000,362.3000,1510900
356.3000,361.9000,353.2000,359.5000,1245200
361.3000,361.6000,352.8000,358.5000,943900
360.3000,360.3000,354.1000,358.3000,1213500
358.0000,361.0000,356.9000,361.0000,1348300
359.7000,364.1000,358.4000,362.3000,1012300
364.4000,373.1000,364.4000,368.5000,2069300
368.6000,371.5000,368.6000,370.7000,1191600
370.9000,375.6000,369.9000,374.2000,1534700
376.1000,377.6000,372.9300,374.1000,884100
373.0000,373.6000,367.6000,369.6000,904500
369.7000,370.8000,366.2000,366.8000,1253600
363.7000,375.8000,363.7000,365.3000,1419100
367.2000,367.4000,362.6000,364.1000,1360400
365.4000,365.8000,358.7000,359.0000,3763600
356.7000,358.8000,353.5000,358.6000,1661000
358.4000,360.3000,354.9500,358.4000,1226900
360.0000,362.0000,350.7000,351.6000,1786400
351.7000,352.9000,349.8000,350.8000,1605000
350.0000,350.9000,345.1000,348.7000,1288500
343.6000,352.6000,342.6000,344.5000,1098600
346.0000,355.9000,345.0000,354.3000,1450400
355.0000,355.0000,347.1000,349.5000,1226800
350.0000,352.2000,349.0000,350.0000,861600
350.0000,350.0000,350.0000,350.0000,0
350.0000,350.0000,350.0000,350.0000,0
350.6000,357.8000,350.6000,355.3000,651000
356.2000,356.2000,350.9000,351.8000,611400
352.4000,353.1000,347.7000,348.5000,699600
351.1000,351.1000,347.0000,347.7000,1043700
347.0000,353.4000,347.0000,351.6000,1206800
352.6000,357.2000,352.3000,355.6000,738800
357.2000,357.2000,354.0000,354.9000,1619000
380.0000,409.9000,375.9510,401.0000,5042400
400.1000,414.5000,400.0000,411.0000,2485000
412.0000,413.1000,405.0000,406.3000,1640700
404.3000,406.2000,401.2000,402.8000,943700
404.2000,406.6000,397.3000,398.3000,1445000
397.6000,401.6000,395.2000,398.3000,1291800
400.0000,400.0000,394.3000,399.6000,835700
403.0000,414.5000,402.8000,405.0000,1152600
403.8000,406.2000,399.0000,401.6000,1031600
401.5000,401.9000,397.6000,398.9000,946600
398.2000,401.7000,397.3000,399.8000,664100
399.4000,399.4000,394.5910,396.7000,1006100
397.7000,401.5400,396.2000,398.0000,429400
399.9000,403.4000,395.8000,399.2000,683700
400.1000,400.4000,390.4000,393.5000,455600
391.5000,392.4000,385.5000,388.0000,843000
388.1000,402.0000,386.3000,402.0000,830200
402.0000,402.0000,402.0000,402.0000,0
404.0000,407.5000,399.2000,400.2000,734600
400.2000,402.1000,398.4000,401.4000,302200
401.9000,413.7000,399.3000,410.4000,1271000
417.9000,427.9000,415.7000,417.6000,1083700
418.1000,421.3000,413.7000,418.0000,782900
418.7000,425.9000,417.1000,422.9000,747100
421.9000,428.8000,421.6000,428.8000,943000
427.8000,430.7000,427.0000,428.9000,749300
429.0000,434.9000,428.2000,433.0000,547100
432.4000,436.0000,426.7000,431.1000,406400
426.5000,432.0000,424.7000,428.7000,689500
428.8000,433.7000,426.9000,429.7000,575500
424.4000,424.8000,413.2000,415.6000,2447800
417.1000,418.6000,414.2000,415.9000,687300
415.9000,415.9000,415.9000,415.9000,0
420.1000,430.8000,420.1000,430.6000,668600
428.9000,430.2000,415.5000,415.7000,1096500
416.4000,416.4000,401.6000,404.4000,1046900
404.5000,406.6000,398.0850,398.2000,2356800
397.0000,397.9000,389.9000,393.9000,1195400
396.2000,399.2000,394.0000,395.5000,462200
394.1000,394.8000,380.0000,380.0000,1374400
380.0000,382.6680,374.9000,375.1000,1151200
376.8000,377.8000,359.9000,365.0000,1781100
366.8000,374.7000,363.9000,363.9000,818200
363.2000,363.6000,354.2000,356.0000,2191900
355.9000,361.7000,355.0000,357.2000,1035500
354.4000,355.8000,349.7000,352.9000,783500
356.4000,356.7000,351.2000,352.0000,667400
352.1000,360.4000,352.1000,360.0000,1048900
358.6000,366.0000,358.6000,360.6000,686100
360.1000,361.8000,355.4000,357.7000,656300
350.0000,351.9000,323.7000,325.0000,3319000
325.2000,333.9000,325.0000,326.0000,2143400
325.3000,326.1000,319.3000,324.7000,1757400
327.1000,329.8000,325.5000,327.8000,1124300
327.6000,336.5000,327.4000,333.5000,1304100
333.0000,343.1000,332.1000,340.5000,1280500
342.2000,345.3000,337.3000,343.7000,2048300
346.2000,347.4000,337.8000,340.8000,1723300
340.3000,340.6000,324.8000,330.9000,1403300
328.4000,328.4000,320.1000,326.4000,1070800
330.0000,334.5000,323.8000,333.8000,693200
334.3000,336.1000,323.9000,323.9000,2040400
324.6000,344.5000,320.4000,343.0000,1483600
344.7000,360.3000,341.3000,350.8000,2495600
350.6000,355.1000,348.0000,351.6000,1154400
372.0000,381.0300,370.7000,376.7000,4028100
378.4000,378.8000,370.1000,371.0000,1215600
372.9000,374.2000,363.0000,370.7000,1280100
371.8000,373.6000,366.6000,369.5000,749200
371.1000,372.9000,367.7000,368.5000,874400
368.7000,371.0000,360.3000,368.9000,670900
367.9000,370.6000,364.2000,368.2000,679000
369.7000,372.4000,363.6000,370.3000,505400
371.9000,372.8000,368.0000,368.7000,550700
368.5000,372.6000,368.1000,371.0000,452300
371.1000,371.3000,363.2000,366.7000,458700
368.3000,369.6000,363.8000,366.3000,375000
366.6000,370.4000,358.9800,370.4000,480000
371.3000,371.6000,367.1000,370.3000,644200
370.6000,373.3000,368.7000,370.7000,606700
371.0000,376.0000,368.8000,375.2000,363300
376.1000,379.6000,373.5000,378.5000,498300
378.6000,380.0000,375.1000,376.8000,428500
376.7000,379.3000,367.2000,369.5000,956600
369.4000,369.7000,363.3000,366.6000,566600
367.5000,371.7000,367.1000,369.3000,405100
371.9000,378.5000,366.6000,375.9000,524700
375.9000,377.5500,371.1000,372.6000,295800
372.3000,372.3000,363.8000,366.4000,495100
365.5000,371.7000,363.3000,365.0000,623900
365.2000,365.2000,335.6000,342.0000,1377700
342.1000,351.4000,341.3300,351.4000,852000
350.9000,357.0000,348.9000,352.7000,731100
350.0000,350.0000,331.2000,335.4000,1084200
335.4000,335.4000,325.7000,326.8000,965700
327.8000,341.2200,327.3000,340.0000,1258400
339.8000,346.0000,339.3000,342.1000,638700
342.1000,342.1000,342.1000,342.1000,0
339.6000,342.5000,338.3000,339.0000,778000
340.6000,340.9000,335.5000,336.8000,1458900
338.8000,338.8000,336.2000,338.6000,1150700
337.0000,338.0000,332.1000,333.7000,1225400
334.9000,340.7000,334.7000,340.5000,1184400
342.0000,349.8000,339.0000,348.0000,1284700
349.8000,354.2000,344.1000,353.7000,908200
355.5000,358.4000,353.7000,355.5000,980900
355.4000,357.6000,346.4000,356.5000,928500
357.0000,362.9000,357.0000,362.9000,545400
383.1000,393.5000,377.2500,382.2000,1714100
380.0000,389.7000,376.2000,387.0000,1450200
388.2000,388.9000,377.7000,378.9000,921300
379.4000,382.0110,376.2000,379.9000,643300
387.8000,392.9000,386.5000,389.0000,898000
388.0000,390.3000,384.7000,385.0000,1070500
386.7000,386.7000,380.2000,381.9000,713500
391.0000,423.5000,390.4000,402.2000,2728700
402.2000,402.2000,394.0000,398.8000,1567500
399.0000,399.8000,390.7000,395.2000,710300
396.0000,397.0000,391.0000,395.7000,521200
395.8000,396.0000,386.8000,387.9000,1053700
388.3000,392.8000,385.9000,390.4000,1008600
392.0000,392.4000,384.7000,386.9000,973900
381.8000,393.5000,381.8000,390.3000,1265000
390.5000,393.0000,387.5000,391.1000,520600
390.6000,390.6000,384.3000,385.9000,427500
385.4000,387.4000,384.3000,385.0000,443900
385.5000,387.7000,384.3000,385.0000,1120700
384.5000,387.5000,383.8000,386.2000,450400
386.4000,389.0000,385.0000,387.4000,544300
386.7000,392.7000,384.6000,392.2000,1058900
395.0000,404.5000,390.0000,402.5000,1115500
404.3000,404.3000,394.0000,396.7000,650700
398.0000,402.0000,397.2000,402.0000,409300
403.2000,404.3000,401.2000,401.7000,591500
398.9000,400.0000,392.9000,397.0000,1179100
395.2000,398.0000,391.5000,396.9000,630800
397.7000,399.5400,396.1000,397.8000,889100
399.8000,405.0000,397.6000,403.8000,848100
402.5000,424.5000,402.5000,419.8000,2164600
416.7000,417.7000,412.2000,415.7000,783400
416.8000,420.6100,414.6000,418.9000,932700
417.1000,417.4000,413.2000,415.5000,562700
416.7000,416.7000,408.7000,411.4000,641600
414.1000,417.7000,407.8000,416.8000,576600
416.3000,416.3000,407.8000,409.6000,654300
407.7000,408.3500,403.3000,404.5000,959800
405.1000,405.1000,396.7000,401.7000,738000
402.6000,411.1000,400.4000,404.3000,705300
405.0000,406.2000,399.3000,401.9000,960400
396.0000,407.9840,393.4500,395.2000,1604500
393.8000,406.0600,384.6000,385.9000,683200
383.9000,384.3000,377.0000,381.3000,746800
385.0000,388.7760,384.8000,385.3000,525100
385.1000,386.8000,383.0000,384.9000,710500
385.0000,386.3670,378.3000,378.8000,626600
385.0000,386.2000,383.2000,385.1000,734800
385.5000,388.8000,384.9000,387.1000,881900
385.1000,390.4000,385.1000,389.2000,687100
386.8000,388.9000,385.0000,388.0000,651300
385.0000,388.2000,373.6000,375.0000,822200
374.6000,384.6000,372.8000,384.2000,721800
383.5000,385.7000,373.7000,378.9000,629000
381.4000,388.0000,381.0000,387.8000,598000
386.0000,391.3000,384.3000,390.1000,1630800
391.3000,394.3000,387.4000,389.1000,1550500
389.3000,397.7000,387.8000,392.7000,484200
392.2000,397.5000,390.5000,394.0000,324100
394.7000,396.2000,388.3000,390.0000,412300
390.5000,393.6000,385.0000,385.0000,3298900
387.6000,387.6000,368.9000,371.0000,1379900
368.1000,374.4000,363.4000,374.0000,892500
376.4000,377.8000,371.7100,377.0000,765200
377.9000,381.2000,376.7000,380.0000,587700
381.7000,391.7000,381.6000,387.8000,1011700
386.4000,386.5000,382.7000,383.3000,1011200
382.6000,383.5000,377.7000,380.4000,469500
379.9000,382.5000,376.7700,380.0000,416700
377.0000,387.8000,377.0000,387.2000,494900
386.3000,393.3000,386.0000,387.8000,567200
390.0000,390.0000,384.0000,384.8000,1162500
390.1000,397.4000,387.9000,394.0000,2637300
401.9000,401.9000,392.0000,395.5000,1748200
396.0000,397.1000,393.8000,397.1000,797800
395.0000,400.1000,390.1000,398.9000,431100
398.9000,398.9000,398.9000,398.9000,0
398.9000,398.9000,398.9000,398.9000,0
403.7000,404.4000,398.5000,402.0000,463500
403.6000,405.4000,399.4000,401.6000,745900
403.8000,403.8000,399.2000,401.3000,163100
401.3000,401.3000,401.3000,401.3000,0
403.0000,403.0000,395.1000,399.8000,579800
400.7000,403.1000,398.4000,399.6000,922500
399.8000,401.9000,397.9000,399.0000,542000
402.6000,404.9000,394.6000,396.1000,795400
397.6000,401.6000,395.1000,401.6000,573800
403.9000,417.5000,403.9000,410.0000,2071400
410.0000,410.8000,407.3000,407.9000,795700
414.0000,414.0000,406.3000,408.8000,1571600
360.0000,370.8000,353.8000,358.0000,6958900
358.7000,358.7000,350.8000,356.8000,2499100
356.9000,358.3000,353.7000,356.5000,1457700
357.0000,357.5000,354.3000,356.6000,854500
354.0000,357.3000,352.4000,356.0000,954800
356.4000,358.1000,352.5000,353.2000,764700
354.3000,356.7000,349.1000,349.1000,486200
347.6000,350.4000,342.0000,344.0000,601200
335.4000,338.9000,325.8000,325.8000,2891100
325.0000,330.0000,320.0000,330.0000,2670400
331.8000,343.8000,331.2000,342.2000,2444600
350.5000,355.7000,334.1000,336.1000,3726200
337.6000,337.6000,325.5000,332.9000,1634500
327.5000,331.7300,317.5000,325.4000,2496800
326.3000,330.6600,321.9000,323.2000,1427900
321.4000,326.2000,314.0000,317.6000,3261900
324.9000,339.1000,320.2000,334.4000,3109700
338.0000,338.0000,331.1000,334.5000,1263200
335.8000,335.8000,330.2000,332.3000,1274600
332.5000,335.3000,330.4000,331.6000,911600
332.1000,338.6000,332.1000,337.4000,1029900
339.6000,344.7000,338.6000,344.5000,1321000
342.8000,344.0000,336.7000,338.7000,1554600
338.9000,345.7000,337.2000,343.9000,1260400
345.1000,348.6000,342.5000,348.3000,938200
348.9000,350.1000,344.1000,346.0000,1001000
344.9000,347.2000,341.4000,343.9000,1146500
339.3000,341.1000,336.0000,338.9000,2130300
339.1000,342.6000,338.5000,340.5000,669200
340.9000,342.5440,337.0000,340.0000,1232200
320.0000,322.0000,307.8000,317.8000,7865900
320.0000,323.5000,316.0000,319.2000,3031800
317.8000,320.3000,313.3000,316.7000,2693900
318.4000,319.0000,314.6000,316.6000,3453100
310.8000,311.2200,301.6000,306.5000,2711600
307.7000,316.4000,307.7000,315.6000,2018300
312.1000,312.9000,309.2000,310.0000,1202400
309.2000,313.0000,309.2000,312.5000,881600
310.1000,313.5000,310.1000,311.2000,1111600
310.8000,313.5000,309.0000,310.7000,1153000
312.2000,313.3000,308.9000,310.0000,2203400
308.9000,309.4000,302.9000,304.0000,1426200
303.5000,305.6900,299.8000,300.0000,1985300
297.5000,299.8000,294.9000,298.0000,1222900
299.1000,300.0000,297.0000,298.7000,1424500
299.3000,308.3000,298.2100,306.3000,2123400
308.0000,312.7000,307.6000,312.0000,1192300
311.1000,313.1000,311.0000,312.5000,1114600
313.2000,317.1100,311.9000,316.1000,2792200
314.6000,316.3000,312.0000,313.0000,1138100
313.2000,317.9000,311.9000,317.6000,1175900
319.8000,325.6000,319.1000,325.6000,1503900
325.3000,329.4000,323.6000,328.6000,1541600
329.0000,335.3000,329.0000,332.0000,1815600
332.7000,334.7000,330.1000,331.9000,832600
332.9000,341.1000,332.9000,337.7000,2284400
339.1000,340.1000,337.3770,338.1000,1047900
338.0000,341.1000,337.6000,340.0000,597500
342.8000,350.0300,339.3440,345.0000,2364600
343.1000,346.3000,340.2000,341.7000,981200
341.7000,354.6000,341.7000,348.0000,2866400
349.1000,351.5000,345.9000,350.0000,1244500
341.2000,365.0000,335.0000,353.5000,2866700
350.0000,350.2000,343.9000,343.9000,1088600
341.5000,342.1150,335.0000,337.9000,1153900
337.0000,340.6000,335.8000,338.1000,990600
340.5000,341.4000,336.5000,340.0000,629900
338.5000,345.5000,338.5000,344.2000,416100
344.2000,344.2000,344.2000,344.2000,0
344.2000,344.2000,344.2000,344.2000,0
344.7000,349.8000,344.7000,349.3000,591700
349.3000,349.3000,341.7000,342.0000,615400
342.8000,347.2000,341.3000,347.1000,756900
346.0000,353.2000,345.5000,351.8000,896500
351.8000,361.9000,350.2000,358.5000,1131500
360.3000,361.8000,354.7000,355.4000,865100
353.9000,355.7000,347.5000,350.4000,992700
348.3000,352.6240,348.0000,349.9000,219200
349.5000,354.5000,346.7000,352.4000,545600
352.4000,352.4000,352.4000,352.4000,0
353.4000,354.0720,343.3000,344.0000,655500
342.2000,344.0000,338.0000,340.4000,1088400
341.0000,349.8000,341.0000,349.8000,728700
347.0000,350.6000,344.2000,348.0000,727000
351.0000,358.7000,347.9000,358.7000,656200
358.5000,362.9000,357.5400,361.2000,795000
363.8000,364.3000,359.1000,360.9000,828500
360.0000,364.7000,350.5000,351.4000,615900
354.1000,354.1000,346.7000,348.8000,771800
348.6000,351.2000,343.7000,347.4000,568200
350.0000,350.8500,346.0000,347.3000,605700
345.1000,348.0000,342.8000,345.8000,462900
345.1000,349.0000,344.8000,345.8000,394600
347.8000,347.8000,342.9000,345.0000,289800
345.0000,345.0000,345.0000,345.0000,0
346.4000,354.0000,345.9000,354.0000,1182700
354.9000,357.4000,353.5000,356.3000,852100
355.3000,356.7000,351.6000,352.3000,408000
352.3000,354.3000,350.1000,353.3000,1075600
354.5000,355.5000,349.7000,353.2000,433000
354.3000,355.2000,353.0000,354.6000,421500
353.9000,356.7000,351.6000,355.8000,178700
354.4000,357.5000,350.3000,355.3000,440600
354.3000,368.2000,354.3000,367.0000,880000
367.0000,368.9000,363.1000,366.7000,339200
367.0000,367.0000,361.8000,362.4000,352600
362.0000,362.0000,358.7000,359.3000,309200
361.3000,361.3000,358.7000,360.0000,400200
360.8000,360.8000,352.7000,356.0000,487600
355.4000,356.2000,349.7000,355.6000,654800
358.3000,358.3000,350.9000,354.7000,554000
355.9000,358.9080,354.4000,358.8000,391700
363.2000,363.5000,355.3000,355.3000,651600
354.6000,364.3000,354.6000,363.0000,747300
360.9000,365.2000,360.5000,364.2000,363700
363.3000,364.7500,360.8000,362.2000,725700
361.5000,365.0000,359.3000,360.3000,569900
362.1000,363.9000,359.3000,362.3000,722500
362.7000,363.7000,359.9000,363.0000,594200
364.2000,374.0000,363.1500,370.0000,1223300
369.3000,370.1000,368.1000,369.2000,606500
371.7000,373.5000,364.0000,365.3000,894800
368.3000,376.9000,367.4000,373.3000,1071100
373.8000,373.8000,366.5000,366.5000,813400
365.0000,367.7000,358.6000,359.9000,652900
354.5000,356.5000,348.2000,351.5000,1192400
351.5000,356.8000,349.0000,354.6000,716100
364.0000,376.3000,357.2000,374.4000,2215400
378.0000,378.2000,370.7000,374.4000,1386600
373.5000,379.0000,373.5000,375.6000,668400
375.0000,378.3000,374.3000,377.0000,1236100
379.4000,379.4000,373.2000,373.6000,710700
367.6000,376.1000,363.8000,372.7000,1718500
372.8000,372.9000,368.1000,370.7000,513300
371.6000,371.6000,366.2800,367.0000,617900
368.5000,368.6000,362.2000,365.6000,1075900
365.0000,368.0000,364.3000,365.2000,848500
364.4000,367.1000,360.6000,364.0000,941400
363.8000,365.5000,360.0000,360.0000,512300
360.4000,364.5000,359.5210,362.7000,573200
364.0000,368.1000,362.1280,365.6000,389900
365.0000,365.1000,361.5000,362.6000,527300
363.8000,363.8000,354.1000,354.8000,1912400
353.1000,354.8000,323.8000,334.9000,3068100
336.2000,340.3000,333.9000,339.6000,801400
341.2000,342.5000,337.6140,340.1000,680300
338.1000,339.6000,333.0000,334.4000,562900
333.6000,336.7000,330.9000,335.6000,1020900
332.1000,336.9000,329.5880,334.9000,453800
337.1000,343.5000,335.6000,341.7000,420200
340.6000,342.9000,338.9000,340.9000,250000
341.6000,347.2000,338.8000,345.1000,413300
343.8000,347.4000,343.6000,347.2000,303300
347.2000,350.0000,343.6000,344.9000,427100
348.0000,350.0000,347.4000,347.8000,230500
349.0000,349.1000,347.1000,347.4000,346000
348.8000,349.0000,342.0000,345.4000,428600
346.5000,347.1000,343.2000,346.2000,293700
346.9000,349.8000,344.6000,348.7000,362300
348.7000,348.7000,348.7000,348.7000,0
350.0000,350.4000,346.1000,350.0000,844200
350.0000,351.2000,347.7000,350.3000,531200
351.0000,351.0000,346.4000,349.5000,403700
351.0000,353.2000,348.4000,352.0000,907700
352.0000,355.4000,350.4000,353.6000,334500
354.0000,355.1000,351.8000,355.0000,302700
355.3000,355.9000,353.0000,353.0000,592200
353.4000,355.5000,349.4000,355.0000,496800
352.7000,355.8000,352.5000,354.9000,424500
353.0000,353.3000,346.8920,349.3000,791600
349.2000,355.1000,346.5000,348.2000,757900
350.2000,352.0000,342.8000,344.9000,625700
336.7000,336.9000,320.0000,327.0000,3364000
331.4000,331.4000,323.7000,328.2000,1737600
328.8000,331.7000,323.9610,326.5000,1647800
324.8000,324.8000,319.1000,321.0000,1148100
329.0000,332.6000,323.0000,324.0000,1847600
325.8000,327.3000,322.7000,323.0000,1279100
329.0000,329.0000,323.2000,323.2000,2616300
322.5000,322.8000,319.1000,319.4000,685800
319.0000,320.8910,314.9000,315.7000,1085200
316.0000,317.5000,307.2000,312.0000,1492100
312.4000,315.0000,308.0000,308.6000,1512000
308.5000,309.9000,306.8000,308.5000,902500
310.5000,311.8000,305.4000,307.0000,1146800
308.2000,309.0000,305.1000,308.0000,1313100
307.6000,311.4560,307.4000,309.0000,1387800
309.0000,309.0000,303.6000,304.0000,1216700
307.6000,309.8000,304.2000,307.0000,1010300
310.9000,311.9870,306.9000,307.4000,735100
306.8000,309.5000,304.4000,307.6000,804500
307.1000,309.6000,305.5000,308.5000,1125900
312.3000,315.0000,305.1000,307.0000,1575900
305.0000,306.4000,301.0000,303.8000,1977300
301.0000,304.2000,299.0000,301.4000,1929100
298.3000,299.7000,290.6000,295.3000,2848400
296.4000,296.4000,291.8000,292.8000,2390900
294.0000,296.8000,288.0000,288.0000,3592200
287.8000,296.2000,287.8000,294.7000,2415300
294.8000,299.3000,293.7000,298.9000,1359100
298.7000,312.9000,298.1000,310.0000,1553500
309.3000,315.6000,309.3000,312.4000,1102600
312.1000,313.1000,308.6000,311.7000,925900
312.3000,314.0000,308.8000,310.7000,628300
312.2000,313.6000,306.6000,306.6000,702900
307.9000,309.6000,304.0000,304.9000,1170200
306.4000,308.7500,303.0000,303.2000,1426200
305.6000,305.7000,294.9000,301.9000,1093400
304.0000,318.6000,304.0000,318.6000,1266300
317.5000,319.9300,314.1000,317.1000,1093000
311.0000,318.0000,311.0000,313.3000,1784000
314.6000,318.7000,314.6000,315.9000,1234500
303.6000,311.8000,303.6000,309.0000,1474000
307.0000,310.3280,304.3000,305.3000,715700
306.0000,307.2000,303.4400,306.0000,630500
308.0000,309.0000,303.4000,304.2000,914300
300.2000,302.0000,296.6000,300.7000,2142500
302.6000,306.6000,300.6000,300.8000,1288900
303.7000,304.7000,296.9000,297.5000,3279700
296.0000,301.2000,296.0000,297.5000,1704600
298.7000,298.9000,294.3000,296.0000,1006200
297.2000,297.2000,292.2000,293.1000,1274200
294.2000,294.4000,289.9000,291.7000,1301500
292.0000,295.0000,291.8000,294.3000,1792100
296.1000,301.9000,294.0000,301.0000,1027200
301.4000,303.5000,294.7920,302.2000,744200
300.4000,304.8000,300.4000,303.1000,758400
302.6000,305.9000,301.7000,304.2000,348100
303.3000,314.9620,301.2000,307.7000,1376000
305.8000,307.4000,294.7000,295.0000,947200
295.0000,298.6000,294.7000,297.5000,852400
297.0000,298.6000,296.5000,296.5000,912900
298.1000,298.1000,295.3000,296.0000,629200
297.9000,299.2000,295.8000,297.0000,510100
298.3000,300.4600,295.4000,299.3000,482700
295.8000,299.8000,289.0000,289.3000,1623800
291.4000,292.1000,286.6000,287.7000,910900
286.7000,289.7000,282.9000,284.3000,1160400
281.8000,283.0100,278.7000,278.7000,1293100
277.4000,282.4920,276.6000,276.6000,1350200
276.0000,279.0000,263.2000,265.0000,2227000
263.6000,271.3000,261.5150,270.3000,2008100
272.2000,284.5000,272.2000,283.5000,1174500
285.0000,286.2600,275.6000,275.8000,1567100
277.0000,280.0000,275.1000,279.9000,636000
281.8000,283.1000,279.0000,281.4000,626200
276.1000,281.7000,276.1000,279.1000,85600
279.1000,279.1000,279.1000,279.1000,0
279.1000,279.1000,279.1000,279.1000,0
275.0000,279.6000,272.8000,278.9000,428000
279.2000,279.4000,274.6000,276.0000,394000
278.7000,280.2000,276.4000,280.0000,89800
280.0000,280.0000,280.0000,280.0000,0
279.9000,279.9000,272.1000,274.2000,550100
274.7000,278.7000,269.5000,271.0000,755300
271.2000,275.2000,268.5000,271.1000,1008200
273.2000,273.3000,261.3000,261.4000,2657200
264.9000,275.4000,261.9000,274.7000,1632500
269.1000,270.0000,258.9000,259.5000,1767900
259.6000,264.4000,258.1000,264.0000,1725000
257.0000,273.1000,257.0000,265.2000,5951600
263.1000,264.6000,255.9000,256.4000,1895600
259.5000,259.5000,249.0000,253.0000,2645700
252.6000,255.5000,250.0000,252.7000,1690900
254.5000,255.7500,252.8000,254.1000,802100
254.0000,261.8000,254.0000,260.4000,1248800
262.6000,267.8000,258.7000,267.0000,1679400
265.7000,285.6000,265.7000,284.1000,2605600
285.0000,286.8000,279.5000,284.5000,2205400
284.8000,288.9000,279.5000,281.7000,1308700
288.5000,291.1000,287.3000,290.0000,1533500
289.5000,292.1000,286.2000,288.9000,1000700
288.0000,289.0000,280.6000,283.6000,1170000
284.9000,285.3000,280.4000,280.6000,843200
282.3000,284.4000,280.0000,284.4000,640500
287.1000,299.9000,285.2000,298.5000,1727500
300.0000,300.1750,293.0000,294.0000,1034700
292.7000,294.4000,290.1000,294.0000,851900
295.4000,300.5000,292.3200,300.5000,1077800
299.7000,304.6000,299.1000,302.6000,1859700
301.4000,304.4000,300.5000,301.7000,1416100
303.9000,305.8000,298.8000,305.8000,1220600
306.2000,310.0000,304.0000,305.1000,1789400
307.3000,309.9000,305.5000,306.6000,772400
308.1000,311.8000,304.9000,309.4000,515900
313.5000,313.5000,304.7000,305.4000,736900
305.9000,311.9000,304.1000,311.9000,1409700
310.0000,314.6000,307.4000,308.2000,750100
308.7000,311.1000,306.7000,310.0000,687700
310.4000,312.9000,307.5000,309.0000,825600
309.2000,321.5000,308.0000,311.0000,1311000
310.0000,311.1000,306.0000,309.3000,2175500
311.2000,312.9000,308.6000,309.8000,829400
307.6000,310.5760,305.5000,306.2000,634800
306.2000,306.2000,293.1000,298.6000,2042500
300.1000,300.1000,291.8000,296.1000,2072200
295.8000,296.0000,289.5000,291.8000,1189500
287.5000,290.8000,286.0000,289.9000,997500
291.6000,291.6000,287.4000,288.0000,755600
285.1000,289.3000,282.5000,289.0000,1287300
286.6000,288.0160,278.3000,278.3000,1417800
278.0000,280.9000,272.6000,280.8000,1850700
282.7000,292.6000,282.1000,286.8000,1399200
288.3000,290.0000,284.5000,287.0000,1337300
288.3000,290.1000,285.2000,287.2000,1162100
288.0000,288.8000,282.4000,287.3000,1601600
288.1000,294.0000,287.3000,293.6000,1243000
296.0000,297.0000,293.8000,295.1000,852600
297.2000,303.5000,289.0000,291.5000,6728000
292.3000,300.2000,291.9000,299.7000,1373200
298.9000,303.5000,298.2000,302.5000,1891600
301.1000,304.7000,299.4000,300.6000,756900
300.4000,303.3000,293.5000,296.0000,1902400
297.5000,297.5000,291.2000,292.1000,770200
294.5000,294.6000,292.2000,293.8000,772000
292.6000,293.6000,282.9000,284.5000,1602600
285.0000,288.3000,281.4000,287.7000,1078900
288.6000,290.9000,285.9000,288.4000,771500
288.4000,288.4000,288.4000,288.4000,0
288.4000,288.4000,288.4000,288.4000,0
291.5000,295.6000,290.0000,293.7000,1345200
293.8000,300.1000,293.3200,300.1000,1766500
298.5000,314.5000,298.5000,311.8000,3302700
314.0000,317.8000,312.9000,314.5000,2547600
313.5000,316.2000,303.3000,306.8000,1678700
303.2000,318.2000,298.0000,315.2000,2326700
316.2000,322.2000,313.8000,318.4000,2312100
319.5000,319.5000,312.4000,313.4000,972000
311.2000,314.9000,306.5000,308.1000,726500
309.5000,310.4000,305.2000,309.4000,609400
310.3000,313.8000,308.1000,311.5000,476700
310.0000,312.3000,302.7000,303.5000,1234500
302.0000,306.7000,300.5000,303.8000,625100
305.4000,308.6000,304.2000,305.3000,672800
307.7000,315.5000,303.4000,312.3000,868600
312.3000,313.9000,306.0000,308.1000,1023900
307.8000,308.7000,304.0000,307.6000,1068800
306.9000,310.0000,306.8000,309.2000,913900
307.0000,313.9000,307.0000,311.2000,422300
311.2000,311.2000,311.2000,311.2000,0
307.0000,312.2000,306.1000,307.5000,2187000
307.5000,310.6000,305.8000,309.6000,1469500
308.0000,311.0000,306.4000,308.9000,1575300
314.5000,321.0000,313.2000,319.9000,1528800
319.9000,326.1000,318.9000,324.4000,1098800
321.9000,324.9000,318.4000,319.6000,1027200
321.5000,321.5000,316.6000,321.0000,1300100
318.4000,321.0000,317.6000,320.0000,971000
319.3000,325.6000,319.3000,325.0000,1846200
323.2000,325.6000,321.0000,322.3000,399800
325.0000,330.7000,322.5000,330.2000,1012100
331.7000,331.7000,326.0000,327.2000,744600
329.0000,333.0000,326.5000,330.4000,563600
330.4000,331.2000,327.4100,327.5000,746100
327.5000,327.5000,327.5000,327.5000,0
330.3000,332.5000,324.9000,325.9000,774300
325.7000,333.9000,325.7000,333.2000,715600
331.3000,333.5000,328.0000,331.8000,1078500
331.8000,334.0000,330.3000,331.3000,627400
330.5000,333.4000,329.6000,331.2000,391600
330.5000,334.7000,327.6580,333.9000,522700
332.3000,335.0000,327.8000,327.8000,2433300
325.6000,327.1000,320.6000,322.3000,2894900
321.8000,322.0000,315.0000,315.9000,3702000
317.5000,317.5000,314.2000,315.4000,603600
316.2000,316.2000,310.3000,312.0000,773400
310.9000,315.6000,310.6000,312.7000,4648100
311.7000,318.6000,311.7000,315.7000,624500
315.3000,317.7000,312.0000,316.3000,865800
315.7000,315.7000,301.6000,305.1000,1012400
305.4000,305.4000,297.8000,302.0000,926600
303.1000,303.1000,295.0000,295.0000,1226400
295.4000,295.7000,288.6000,292.0000,1652900
293.2000,297.3000,286.7000,297.0000,2541000
298.6000,301.1000,295.4000,299.9000,1300000
301.3000,304.6000,301.1000,303.4000,687200
305.0000,305.0000,300.0000,301.8000,849900
301.0000,303.9000,300.6000,302.2000,678700
300.5000,307.5000,298.9000,305.7000,944600
299.3000,304.1000,296.3000,296.7000,1227400
295.2000,295.2000,288.6000,289.2000,1347200
290.2000,295.7000,289.1000,294.1000,1292700
289.0000,290.9000,283.3000,285.1000,1024800
283.4000,286.5000,282.8000,284.6000,563100
281.4000,281.8320,278.0000,280.0000,1144000
280.1000,281.9000,273.9000,274.4000,1107000
274.0000,277.9000,273.6000,274.8000,941400
273.6000,281.5000,273.4000,280.3000,707200
285.0000,286.4000,278.6000,284.5000,1624700
286.9000,290.4000,284.6000,290.3000,1526100
289.4000,290.2000,285.6000,287.6000,543800
286.8000,290.3000,286.2000,287.6000,382600
288.9000,291.3000,286.5260,288.9000,1177900
288.3000,291.7000,288.2000,290.9000,356000
290.8000,295.2000,290.7000,294.7000,464500
294.2000,294.7000,289.8000,291.9000,897400
290.7000,291.0000,286.3000,287.3000,450800
288.0000,290.9000,277.6000,278.8000,853400
279.2000,279.7000,276.0000,277.1000,571900
277.4000,279.0000,267.2000,267.7000,1498100
268.6000,268.7000,262.9000,265.5000,1308600
267.8000,270.3000,262.3000,265.0000,1060600
267.2000,268.2000,262.3000,263.4000,1129800
265.5000,266.8000,261.1000,266.3000,500800
266.1000,267.5600,261.0000,261.9000,559600
262.4000,264.5000,259.4000,261.9000,1067500
262.7000,263.1000,260.1000,263.1000,1286800
261.7000,264.4000,258.6000,262.0000,1270000
262.1000,264.4000,259.9000,261.3000,852300
264.8000,264.8000,259.9000,260.0000,2139300
260.2000,261.5000,257.8000,259.5000,1065700
258.9000,259.6000,250.8000,253.2000,1103000
259.7000,266.7000,259.7000,260.5000,1312700
261.9000,264.0000,260.5000,263.1000,1326500
265.0000,265.9000,259.7000,260.3000,599600
261.4000,262.0000,257.9000,259.1000,711300
258.4000,259.0000,253.7000,256.5000,1665400
254.8000,257.7000,254.3000,256.0000,1262600
253.7000,256.1000,252.3000,255.5000,1353300
250.4000,252.3000,249.2000,250.3000,1991000
252.3000,256.2000,251.0000,255.7000,1820700
252.3000,258.5000,250.8000,254.0000,754300
259.6000,260.9000,257.7000,259.7000,928100
260.6000,262.7000,257.0000,262.7000,931000
262.7000,262.7000,262.7000,262.7000,0
258.7000,260.4000,250.2000,250.9000,2624600
251.4000,251.8000,243.1000,243.7000,2071900
247.5000,250.1000,240.9000,249.7000,1663900
251.8000,252.5600,245.1000,247.0000,1124900
247.0000,249.2960,243.0000,244.8000,796300
250.0000,263.1720,250.0000,257.1000,3310800
261.5000,261.5000,250.0000,256.8000,1898132
254.2000,254.5000,247.9000,250.9900,4348234
251.4000,260.1000,248.7000,258.0100,1771884
254.3000,260.9000,254.2000,254.2000,756593
254.2000,262.1000,249.9000,261.1000,1064729
263.4000,269.8000,262.4600,268.4000,878646
271.6000,271.9000,268.5000,269.4000,952526
269.8000,271.9000,262.2000,264.1000,1282744
261.7000,264.9000,252.8000,254.5000,1845561
256.1000,256.1000,251.3000,252.0000,879272
251.6000,255.0000,249.1000,249.1000,553925
249.2000,249.5000,244.0000,246.4100,768086
249.4000,251.5000,247.8000,247.9000,457560
