1750.0000,1750.0000,1685.0000,1750.0000,479600
1775.0000,1829.0000,1550.0000,1690.0000,1755200
1724.0000,1724.0000,1602.0000,1630.0000,377200
1557.0000,1632.0000,1557.0000,1615.0000,1296500
1630.0000,1630.0000,1600.0000,1610.0000,341800
1610.0000,1610.0000,1610.0000,1610.0000,0
1626.0000,1664.0000,1601.0000,1635.0000,312400
1696.0000,1725.0000,1636.3400,1718.0000,687900
1717.0000,1770.0000,1705.0000,1740.0000,246900
1740.0000,1775.0000,1734.0000,1751.0000,431800
1705.0000,1761.0000,1700.0000,1736.0000,176500
1721.0000,1748.0000,1706.0000,1740.0000,282700
1800.0000,1800.0000,1711.0000,1770.0000,503800
1780.0000,1875.0000,1733.0000,1875.0000,332700
1800.0000,1801.0000,1750.0000,1775.0000,7514900
1781.0000,1849.0000,1781.0000,1824.0000,131800
1829.0000,1829.0000,1788.0000,1799.0000,116900
1840.0000,1840.0000,1762.0000,1797.0000,281200
1751.0000,1810.0000,1736.0000,1772.0000,170600
1810.0000,1810.0000,1764.0000,1791.0000,172800
1791.0000,1791.0000,1791.0000,1791.0000,0
1751.0000,1810.0000,1751.0000,1810.0000,211500
1756.0000,1800.0000,1756.0000,1772.0000,87400
1758.0000,1800.0000,1756.0000,1768.0000,79200
1735.0000,1848.5400,1735.0000,1848.0000,1224700
1788.0000,1801.0000,1752.0000,1795.0000,393600
1794.0000,1802.0000,1736.0000,1747.0000,215500
1730.0000,1793.0000,1730.0000,1753.0000,141700
1744.0000,1774.0000,1738.0000,1740.0000,89100
1735.0000,1750.0000,1700.0000,1725.0000,115700
1763.0000,1775.0000,1670.0000,1710.0000,193800
1710.0000,1710.0000,1610.0000,1625.0000,207800
1602.0000,1641.0000,1541.0000,1630.0000,189600
1612.0000,1612.0000,1487.0000,1529.0000,374600
1531.0000,1610.0000,1531.0000,1590.0000,227300
1575.0000,1639.0000,1555.0000,1615.0000,171700
1593.0000,1689.0000,1575.0000,1638.0000,167600
1618.0000,1671.0000,1592.0000,1626.0000,152500
1605.0000,1615.0000,1538.0000,1575.0000,221300
1599.0000,1599.0000,1500.0000,1500.0000,335300
1515.0000,1516.0000,1401.0000,1490.0000,127400
1549.0000,1549.0000,1467.0000,1514.0000,126400
1490.0000,1534.0000,1444.0000,1465.0000,159400
1450.0000,1509.0000,1448.0000,1481.0000,286300
1482.0000,1564.0000,1482.0000,1539.0000,336100
1542.0000,1600.0000,1541.0000,1582.0000,94200
1578.0000,1632.0000,1574.0000,1624.0000,149500
1640.0000,1640.0000,1585.0000,1605.0000,150700
1630.0000,1668.0000,1616.0000,1650.0000,100700
1670.0000,1702.0000,1640.0000,1662.0000,168200
1674.0000,1728.0000,1648.0000,1694.0000,169200
1740.0000,1740.0000,1678.0000,1702.0000,73000
1712.0000,1712.0000,1644.0000,1679.0000,231100
1698.0000,1713.0000,1678.0000,1700.0000,205900
1719.0000,1719.0000,1641.0000,1679.0000,151100
1660.0000,1703.0000,1660.0000,1675.0000,170600
1670.0000,1696.0000,1620.0000,1630.0000,162800
1613.0000,1690.0000,1613.0000,1673.0000,100200
1648.0000,1669.0000,1614.0000,1640.0000,137100
1657.0000,1657.0000,1594.0000,1616.0000,92400
1600.0000,1625.0000,1600.0000,1615.0000,90900
1610.0000,1635.0000,1591.0000,1624.0000,54700
1601.0000,1651.0000,1601.0000,1627.0000,85500
1600.0000,1662.0000,1600.0000,1654.0000,108100
1626.0000,1680.9399,1626.0000,1645.0000,104200
1633.0000,1700.0000,1611.0000,1681.0000,139000
1691.0000,1714.0000,1656.0000,1690.0000,112100
1690.0000,1738.0000,1690.0000,1712.0000,240100
1720.0000,1811.0000,1715.0000,1800.0000,266400
1750.0000,1822.0000,1750.0000,1800.0000,164100
1825.0000,1868.0000,1786.0000,1820.0000,220100
1820.0000,1820.0000,1789.0000,1820.0000,300300
1810.0000,1843.0000,1801.0000,1836.0000,202800
1820.0000,1921.0000,1802.0000,1900.0000,191500
1894.0000,1947.0000,1855.0000,1910.0000,284900
1900.0000,1900.0000,1855.0000,1870.0000,353400
1870.0000,1890.0000,1834.0000,1844.0000,267600
1825.0000,1892.0000,1807.0000,1843.0000,374000
1825.0000,1829.0000,1768.0000,1774.0000,218900
1787.0000,1791.0000,1725.0000,1773.0000,357000
1760.0000,1786.0000,1730.0000,1747.0000,302400
1750.0000,1793.0000,1675.0000,1769.0000,1007900
1765.0000,1792.0000,1750.0000,1771.0000,221700
1754.0000,1807.0000,1754.0000,1774.0000,322700
1801.0000,1845.0000,1779.0000,1809.0000,346200
1809.0000,1809.0000,1809.0000,1809.0000,0
1789.0000,1790.0000,1740.0000,1750.0000,330600
1761.0000,1763.0000,1725.0000,1740.0000,248100
1734.0000,1777.0000,1718.0000,1754.0000,359000
1766.0000,1789.1300,1741.0000,1782.0000,880500
1755.0000,1826.0000,1755.0000,1803.0000,265300
1849.0000,1849.0000,1781.0000,1800.0000,171200
1795.0000,1865.0000,1790.0000,1857.0000,475000
1842.0000,1865.0000,1838.0000,1856.0000,167300
1847.0000,1874.0000,1831.0000,1874.0000,261600
1872.0000,1904.0000,1872.0000,1885.0000,344800
1875.0000,1914.0000,1874.0000,1892.0000,357400
1895.0000,1914.0000,1890.0000,1913.0000,343600
1915.0000,1932.0000,1847.0000,1932.0000,696800
1912.0000,1944.0000,1912.0000,1938.0000,373400
1945.0000,1979.0000,1939.0000,1958.0000,356500
1960.0000,1974.0000,1944.0000,1965.0000,557300
1952.0000,1970.0000,1945.0000,1970.0000,735800
1970.0000,1973.0000,1920.0000,1921.0000,926900
1885.0000,1900.0000,1827.0000,1870.0000,15879100
1843.0000,1854.0000,1811.0000,1825.0000,866900
1824.0000,1873.0000,1820.0000,1864.0000,406800
1856.0000,1859.0000,1830.0000,1843.0000,169400
1840.0000,1848.0000,1822.0000,1844.0000,289700
1840.0000,1854.0000,1824.5000,1854.0000,342200
1830.0000,1861.0000,1830.0000,1850.0000,437500
1847.0000,1852.0000,1806.0000,1825.0000,394200
1818.0000,1823.0000,1765.0000,1771.0000,578600
1762.0000,1776.0000,1756.0000,1758.0000,212100
1751.0000,1763.0000,1747.0000,1763.0000,224000
1751.0000,1763.0000,1740.0000,1747.0000,153400
1740.0000,1749.0000,1724.0000,1727.0000,187600
1720.0000,1730.0000,1707.0000,1722.0000,212700
1722.0000,1754.0000,1722.0000,1735.0000,270000
1738.0000,1740.0000,1715.0000,1728.0000,184400
1717.0000,1755.0000,1717.0000,1729.0000,467100
1749.0000,1760.0000,1706.0000,1730.0000,477300
1750.0000,1755.0000,1725.0000,1753.0000,352000
1742.0000,1764.0000,1739.0000,1749.0000,228600
1765.0000,1776.0000,1728.0000,1761.0000,471100
1749.0000,1783.0000,1747.0000,1764.0000,225000
1761.0000,1784.0000,1715.0000,1768.0000,250200
1764.0000,1788.0000,1745.0000,1787.0000,260700
1782.0000,1826.0000,1770.0000,1815.0000,191200
1813.0000,1830.0000,1813.0000,1813.0000,237800
1823.0000,1840.0000,1815.0000,1823.0000,304400
1807.0000,1815.0000,1783.0000,1798.0000,298800
1785.0000,1816.5000,1784.0000,1792.0000,145800
1812.0000,1822.0000,1793.0000,1802.0000,367500
1807.0000,1807.0000,1782.0000,1786.0000,161700
1789.0000,1800.0000,1767.0000,1768.0000,149300
1771.0000,1773.0000,1711.0000,1762.0000,406000
1764.0000,1781.5000,1750.0000,1756.0000,262400
1750.0000,1818.0000,1715.0000,1800.0000,370200
1782.0000,1807.0000,1772.8000,1792.0000,392500
1802.0000,1802.0000,1759.0000,1767.0000,338400
1770.0000,1770.0000,1728.0000,1755.0000,404000
1754.0000,1757.1600,1728.0000,1742.0000,348800
1746.0000,1760.0000,1744.0000,1760.0000,248500
1755.0000,1781.0000,1735.0000,1760.0000,254700
1730.0000,1788.0000,1730.0000,1782.0000,164600
1778.0000,1787.0000,1757.0000,1784.0000,222400
1778.0000,1790.0000,1758.0000,1784.0000,199200
1776.0000,1784.0000,1765.0000,1778.0000,185000
1786.0000,1799.0000,1766.0000,1787.0000,272000
1766.0000,1805.0000,1766.0000,1795.0000,248500
1790.0000,1796.0000,1738.0000,1738.0000,1022900
1738.0000,1753.0000,1723.0000,1743.0000,317100
1738.0000,1742.0000,1721.0000,1722.0000,167500
1728.0000,1730.0000,1714.0000,1717.0000,196000
1726.0000,1729.0000,1696.0000,1721.0000,215300
1723.0000,1743.0000,1704.0000,1704.0000,415300
1701.0000,1709.0000,1681.0000,1690.0000,168800
1682.0000,1706.0000,1672.0000,1677.0000,199100
1670.0000,1709.0000,1670.0000,1695.0000,205200
1699.0000,1703.0000,1671.0000,1689.0000,188700
1685.0000,1706.0000,1677.0000,1699.0000,267600
1694.0000,1705.0000,1681.0000,1687.0000,191200
1687.0000,1687.0000,1630.0000,1634.0000,383400
1624.0000,1647.0000,1603.0000,1610.0000,316600
1601.0000,1661.0000,1601.0000,1645.0000,244300
1639.0000,1647.0000,1621.0000,1632.0000,271300
1625.0000,1660.0000,1624.0000,1658.0000,238600
1667.0000,1698.0000,1667.0000,1679.0000,419900
1693.0000,1731.0000,1664.0000,1728.0000,728600
1725.0000,1732.0000,1703.0000,1730.0000,378000
1648.0000,1744.0000,1648.0000,1736.0000,73300
1736.0000,1736.0000,1736.0000,1736.0000,0
1736.0000,1736.0000,1736.0000,1736.0000,0
1747.0000,1762.0000,1731.0000,1753.0000,233200
1747.0000,1769.0000,1740.0000,1747.0000,208300
1748.0000,1765.0000,1720.0000,1762.0000,98400
1762.0000,1762.0000,1762.0000,1762.0000,0
1753.0000,1780.0000,1748.0000,1761.0000,159800
1752.0000,1771.0000,1723.0000,1725.0000,287600
1722.0000,1763.0000,1721.0000,1754.0000,234600
1759.0000,1800.0000,1750.0000,1800.0000,301000
1792.0000,1813.0000,1780.0000,1780.0000,485200
1783.0000,1804.0000,1764.0000,1769.0000,149200
1785.0000,1808.0000,1779.0000,1796.0000,290000
1802.0000,1810.0000,1784.0000,1798.0000,165500
1786.0000,1793.0000,1764.0000,1777.0000,239800
1781.0000,1797.1000,1739.0000,1747.0000,244300
1757.0000,1759.0000,1720.0000,1720.0000,182100
1721.0000,1739.0000,1708.0000,1709.0000,436400
1713.0000,1733.0000,1706.0000,1730.0000,308300
1718.0000,1771.0000,1718.0000,1768.0000,592100
1765.0000,1786.0000,1763.0000,1775.0000,263400
1772.0000,1780.0000,1734.0000,1752.0000,250100
1744.0000,1757.0000,1690.0000,1696.0000,299400
1702.0000,1774.0000,1639.0000,1671.0000,411000
1666.0000,1683.0000,1655.0000,1683.0000,237300
1678.0000,1695.0000,1615.0000,1652.0000,278300
1639.0000,1679.0000,1614.0000,1667.0000,279600
1658.0000,1667.0000,1576.0000,1613.0000,591900
1604.0000,1624.0000,1583.0000,1585.0000,442100
1586.0000,1594.0000,1570.0000,1582.0000,335100
1585.0000,1617.0000,1568.0000,1599.0000,325500
1600.0000,1615.0000,1585.0000,1611.0000,380500
1612.0000,1617.0000,1594.0000,1605.0000,323000
1614.0000,1614.0000,1593.0000,1601.0000,370000
1584.0000,1593.8500,1566.0000,1578.0000,662900
1594.0000,1599.0000,1582.0000,1592.0000,283500
1600.0000,1603.0000,1575.0000,1589.0000,194100
1589.0000,1596.0000,1536.0000,1553.0000,448100
1520.0000,1587.0000,1520.0000,1584.0000,311100
1591.0000,1591.0000,1572.0000,1585.0000,282900
1592.0000,1602.0000,1580.0000,1593.0000,261100
1590.0000,1601.0000,1586.0000,1595.0000,174800
1600.0000,1600.0000,1550.0000,1550.0000,415600
1545.0000,1572.8600,1507.0000,1516.0000,315400
1521.0000,1532.0000,1506.0000,1524.0000,681200
1520.0000,1530.0000,1512.0000,1524.0000,199900
1517.0000,1541.0000,1498.0000,1499.0000,256300
1503.0000,1515.0000,1479.0000,1485.0000,319300
1452.0000,1470.0000,1428.0000,1442.0000,252400
1458.0000,1522.0000,1458.0000,1519.0000,368200
1512.0000,1526.0000,1488.0000,1510.0000,185300
1511.0000,1539.0000,1501.0000,1512.0000,324600
1524.0000,1533.0000,1480.0000,1480.0000,200800
1474.0000,1504.0000,1469.0000,1471.0000,185500
1466.0000,1494.0000,1440.0000,1491.0000,379600
1480.0000,1509.0000,1465.0000,1471.0000,281700
1478.0000,1504.0000,1466.0000,1469.0000,267900
1466.0000,1478.0000,1426.0000,1433.0000,269500
1434.0000,1488.0000,1434.0000,1485.0000,340400
1475.0000,1525.0000,1471.0000,1516.0000,400700
1514.0000,1528.0000,1512.0000,1518.0000,608700
1508.0000,1519.0000,1488.0000,1488.0000,320900
1489.0000,1500.0000,1455.0000,1476.0000,955800
1469.0000,1484.0000,1455.0000,1477.0000,404100
1478.0000,1500.0000,1478.0000,1485.0000,321200
1492.0000,1500.0000,1486.0000,1495.0000,547500
1488.0000,1500.0000,1480.0000,1500.0000,243900
1502.0000,1515.0000,1498.0000,1505.0000,333500
1507.0000,1513.0000,1488.0000,1494.0000,329300
1495.0000,1502.0000,1483.0000,1500.0000,226900
1498.0000,1508.0000,1494.0000,1495.0000,579400
1491.0000,1498.0000,1474.0000,1484.0000,399300
1486.0000,1500.0000,1484.0000,1496.0000,609800
1487.0000,1503.0000,1487.0000,1499.0000,318800
1493.0000,1500.0000,1483.0000,1497.0000,274400
1500.0000,1516.0000,1497.0000,1499.0000,419900
1500.0000,1505.0000,1490.0000,1497.0000,263400
1485.0000,1495.0000,1481.0000,1492.0000,275100
1487.0000,1504.0000,1481.0000,1502.0000,389300
1501.0000,1504.8500,1494.0000,1495.0000,768100
1500.0000,1505.0000,1492.0000,1500.0000,430000
1500.0000,1520.0000,1489.0000,1519.0000,313900
1519.0000,1519.0000,1519.0000,1519.0000,0
1519.0000,1519.0000,1519.0000,1519.0000,0
1521.0000,1530.0000,1514.0000,1518.0000,393900
1519.0000,1523.0000,1452.0000,1466.0000,399200
1473.0000,1478.0000,1448.0000,1472.0000,271600
1469.0000,1499.0000,1464.0000,1481.0000,315600
1489.0000,1501.0000,1484.0000,1494.0000,225000
1500.0000,1509.0000,1487.0000,1501.0000,292600
1494.0000,1500.0000,1488.0000,1498.0000,395000
1490.0000,1502.0000,1486.0000,1497.0000,80500
1492.0000,1498.0000,1476.0000,1480.0000,207300
1480.0000,1480.0000,1480.0000,1480.0000,0
1481.0000,1488.0000,1430.0000,1445.0000,272400
1449.0000,1472.0000,1436.0000,1467.0000,342800
1475.0000,1480.0000,1447.0000,1460.0000,229800
1462.0000,1462.0000,1434.0000,1450.0000,178200
1451.0000,1454.7000,1419.0000,1434.0000,254900
1440.0000,1440.0000,1409.6400,1433.0000,326200
1433.0000,1441.0000,1426.0000,1436.0000,141100
1432.0000,1455.0000,1418.0000,1447.0000,512000
1447.0000,1455.0000,1368.0000,1381.0000,603800
1395.0000,1399.0000,1343.0000,1346.0000,369800
1351.0000,1382.0000,1339.0000,1375.0000,367700
1375.0000,1390.0000,1372.0000,1382.0000,249700
1381.0000,1396.0000,1368.0000,1379.0000,279100
1380.0000,1383.0000,1361.0000,1369.0000,250600
1369.0000,1369.0000,1369.0000,1369.0000,0
1375.0000,1390.0000,1363.0000,1373.0000,215900
1372.0000,1376.0000,1355.0000,1368.0000,294500
1372.0000,1373.0000,1343.0000,1365.0000,277800
1360.0000,1400.0000,1360.0000,1372.0000,450900
1378.0000,1432.0000,1369.0000,1418.0000,371800
1416.0000,1425.0000,1379.0000,1380.0000,315000
1378.0000,1402.0000,1363.0000,1367.0000,306700
1369.0000,1381.0000,1359.0000,1364.0000,355900
1365.0000,1400.0000,1361.0000,1380.0000,276900
1387.0000,1396.0000,1362.0000,1386.0000,285600
1376.0000,1400.0000,1366.0000,1389.0000,314200
1393.0000,1409.0000,1375.0000,1406.0000,399100
1409.0000,1409.0000,1393.0000,1400.0000,273100
1398.0000,1410.0000,1395.0000,1409.0000,364000
1411.0000,1411.0000,1379.0000,1384.0000,391500
1382.0000,1391.0000,1363.0000,1383.0000,334800
1380.0000,1387.0000,1363.0000,1369.0000,168500
1376.0000,1401.0000,1376.0000,1383.0000,359900
1387.0000,1401.0000,1382.0000,1391.0000,354200
1387.0000,1387.0000,1358.0000,1368.0000,222100
1370.0000,1376.0000,1348.1899,1368.0000,281500
1366.0000,1368.0000,1326.0000,1332.0000,353200
1337.0000,1361.0000,1328.0000,1352.0000,250400
1355.0000,1362.0000,1344.0000,1352.0000,212900
1355.0000,1366.0000,1342.0000,1342.0000,218500
1347.0000,1357.0000,1334.0000,1338.0000,401900
1339.0000,1378.0000,1334.0000,1353.0000,254400
1353.0000,1360.0000,1333.0000,1336.0000,230800
1338.0000,1340.0000,1310.0000,1326.0000,290700
1330.0000,1330.0000,1309.8900,1319.0000,246600
1322.0000,1344.0000,1316.0000,1330.0000,305600
1301.0000,1318.0000,1291.0000,1312.0000,414900
1317.0000,1324.0000,1298.0000,1312.0000,657300
1338.0000,1355.0000,1338.0000,1351.0000,768300
1349.0000,1380.5699,1347.0000,1371.0000,341400
1373.0000,1395.0000,1372.0000,1391.0000,384000
1388.0000,1402.0000,1380.0000,1399.0000,443000
1394.0000,1401.9200,1386.0000,1394.0000,315100
1391.0000,1404.0000,1379.0000,1401.0000,431900
1401.0000,1406.0000,1374.0000,1378.0000,299500
1383.0000,1406.0000,1379.0000,1393.0000,241300
1388.0000,1398.0000,1378.0000,1388.0000,332800
1389.0000,1403.0000,1379.0000,1381.0000,261600
1375.0000,1404.0000,1375.0000,1381.0000,211700
1383.0000,1394.0000,1379.0000,1382.0000,224600
1388.0000,1418.0000,1382.0000,1414.0000,229600
1413.0000,1413.0000,1387.0000,1391.0000,211400
1384.0000,1393.0000,1374.0000,1391.0000,330000
1386.0000,1397.0000,1355.0000,1368.0000,354100
1368.0000,1374.0000,1360.0000,1366.0000,195600
1367.0000,1382.0000,1362.0000,1374.0000,248100
1371.0000,1403.0000,1363.0000,1375.0000,395900
1362.0000,1387.0000,1295.0000,1302.0000,844100
1306.0000,1314.0000,1284.0000,1289.0000,562200
1294.0000,1319.0000,1285.0000,1287.0000,451000
1284.0000,1298.0000,1281.0000,1288.0000,421300
1280.0000,1332.0000,1277.0000,1328.0000,400100
1326.0000,1347.0000,1324.0000,1327.0000,335900
1326.0000,1349.0000,1323.0000,1327.0000,275400
1329.0000,1345.0000,1326.0000,1340.0000,308200
1341.0000,1360.0000,1341.0000,1353.0000,225300
1349.0000,1368.0000,1349.0000,1365.0000,354400
1363.0000,1378.0000,1361.0000,1372.0000,201700
1372.0000,1395.0000,1364.0000,1376.0000,317800
1376.0000,1376.0000,1376.0000,1376.0000,0
1380.0000,1405.0000,1377.0000,1396.0000,243500
1390.0000,1403.0000,1383.0000,1399.0000,235600
1396.0000,1401.0000,1384.0000,1401.0000,754400
1403.0000,1416.0000,1401.0000,1414.0000,351000
1386.0000,1404.0000,1376.0000,1404.0000,179100
1403.0000,1410.0000,1395.0000,1404.0000,237900
1406.0000,1453.0000,1406.0000,1431.0000,637000
1431.0000,1470.0000,1424.0000,1469.0000,347900
1458.0000,1458.0000,1404.0000,1416.0000,447300
1410.0000,1430.0000,1402.0000,1429.0000,338900
1425.0000,1427.0000,1395.0000,1395.0000,348300
1390.0000,1404.0000,1378.0000,1401.0000,205700
1404.0000,1404.0000,1369.0000,1380.0000,573000
1385.0000,1387.0000,1372.0000,1373.0000,260000
1371.0000,1374.0000,1354.0000,1368.0000,319900
1362.0000,1362.0000,1350.0000,1356.0000,402700
1351.0000,1362.0000,1347.0000,1350.0000,362800
1346.0000,1359.0000,1346.0000,1353.0000,1487700
1363.0000,1375.0000,1356.0000,1367.0000,858100
1363.0000,1375.0000,1357.0000,1373.0000,457700
1374.0000,1374.0000,1338.0000,1339.0000,467800
1337.0000,1342.0000,1328.0000,1340.0000,2075100
1340.0000,1350.4800,1327.0000,1328.0000,371100
1327.0000,1328.0000,1307.0000,1325.0000,318100
1323.0000,1344.0000,1318.8300,1342.0000,311800
1335.0000,1342.0000,1323.0000,1333.0000,490900
1340.0000,1342.0000,1318.0000,1327.0000,314800
1322.0000,1343.0000,1320.0000,1323.0000,433900
1325.0000,1333.0000,1316.0000,1323.0000,372800
1322.0000,1332.0000,1314.9600,1327.0000,463300
1327.0000,1337.0000,1319.0000,1330.0000,332200
1320.0000,1336.0000,1314.0000,1328.0000,436000
1335.0000,1344.0000,1317.0000,1319.0000,425500
1312.0000,1326.0000,1301.0000,1308.0000,382100
1300.0000,1303.0000,1282.0000,1300.0000,541800
1292.0000,1326.0000,1284.0000,1322.0000,638400
1322.0000,1323.0000,1267.0000,1267.0000,776900
1275.0000,1283.0000,1249.6400,1272.0000,1280100
1266.0000,1293.0000,1263.0000,1291.0000,547000
1286.0000,1298.0000,1273.0000,1279.0000,845500
1275.0000,1314.0000,1269.0000,1313.0000,465100
1309.0000,1331.0000,1300.0000,1329.0000,530000
1321.0000,1333.0000,1304.0000,1331.0000,257800
1326.0000,1329.0000,1314.0000,1320.0000,2021300
1333.0000,1333.0000,1316.0000,1326.0000,328800
1333.0000,1359.0000,1331.0000,1336.0000,383700
1343.0000,1364.0000,1343.0000,1345.0000,440400
1345.0000,1350.0000,1331.0000,1349.0000,283000
1360.0000,1373.0000,1348.0000,1359.0000,563200
1358.0000,1370.0000,1352.0000,1359.0000,359400
1355.0000,1368.0000,1344.0000,1344.0000,438200
1348.0000,1388.0000,1348.0000,1379.0000,666600
1360.0000,1399.0000,1328.0000,1393.0000,652700
1397.0000,1405.0000,1358.0000,1360.0000,487700
1365.0000,1374.0000,1344.0000,1365.0000,318100
1361.0000,1369.0000,1355.0000,1367.0000,189700
1364.0000,1379.0000,1362.0000,1367.0000,309700
1364.0000,1382.0000,1364.0000,1376.0000,528000
1375.0000,1378.0000,1362.0000,1374.0000,266200
1368.0000,1382.0000,1362.0000,1375.0000,283000
1384.0000,1397.0000,1379.0000,1389.0000,284800
1389.0000,1416.0000,1385.0000,1398.0000,443900
1396.0000,1430.0000,1390.4000,1423.0000,567000
1430.0000,1471.0000,1420.0000,1456.0000,655800
1460.0000,1461.0000,1435.0000,1439.0000,308400
1440.0000,1461.0000,1439.0000,1446.0000,514300
1442.0000,1449.0000,1426.0000,1428.0000,552200
1433.0000,1453.0000,1430.2500,1447.0000,305400
1447.0000,1458.0000,1447.0000,1452.0000,575600
1445.0000,1456.0000,1412.0000,1413.0000,538600
1413.0000,1449.0000,1413.0000,1427.0000,749600
1420.0000,1421.0000,1400.0000,1401.0000,519900
1409.0000,1416.0000,1390.0000,1409.0000,891600
1417.0000,1443.0000,1417.0000,1431.0000,312100
1432.0000,1435.0000,1403.0000,1403.0000,308000
1401.0000,1407.0000,1300.0000,1329.0000,774000
1329.0000,1346.0000,1329.0000,1333.0000,734200
1326.0000,1339.0000,1295.0000,1328.0000,653900
1321.0000,1321.0000,1252.0000,1256.0000,747500
1250.0000,1270.0000,1227.0000,1232.0000,698200
1231.0000,1234.9500,1175.0000,1221.0000,1540300
1206.0000,1251.1899,1201.0000,1242.0000,792900
1254.0000,1258.0000,1190.0000,1222.0000,997600
1224.0000,1243.0000,1200.0000,1234.0000,1016400
1236.0000,1254.0000,1225.0000,1245.0000,502500
1250.0000,1268.0000,1245.6400,1256.0000,346900
1268.0000,1274.0000,1242.0000,1246.0000,83600
1246.0000,1246.0000,1246.0000,1246.0000,0
1246.0000,1246.0000,1246.0000,1246.0000,0
1249.0000,1258.0000,1220.0000,1236.0000,376900
1225.0000,1236.0000,1203.0000,1214.0000,414600
1214.0000,1237.0000,1214.0000,1228.0000,59300
1228.0000,1228.0000,1228.0000,1228.0000,0
1231.0000,1235.0000,1185.6400,1188.0000,485800
1182.0000,1195.0000,1134.0000,1150.0000,572000
1144.0000,1167.0000,1134.0000,1144.0000,607500
1145.0000,1147.0000,1132.0000,1135.0000,518500
1145.0000,1158.0000,1138.0000,1156.0000,734300
1153.0000,1161.0000,1122.0000,1128.0000,420300
1132.0000,1135.0000,1114.0000,1125.0000,509300
1120.0000,1163.0000,1120.0000,1138.0000,529900
1120.0000,1120.0000,1069.0000,1069.0000,873700
1074.0000,1103.0000,1052.0000,1081.0000,916200
1075.0000,1083.0000,1059.0000,1077.0000,540200
1080.0000,1134.0000,1080.0000,1122.0000,513200
1099.0000,1104.0000,1051.0000,1057.0000,994200
1054.0000,1081.0000,1051.0000,1081.0000,597900
1082.0000,1104.0000,1077.0000,1094.0000,618300
1095.0000,1120.0000,1095.0000,1112.0000,775000
1112.0000,1117.0000,1070.0000,1076.0000,1060000
1078.0000,1087.0000,1064.0000,1074.0000,534900
1079.0000,1090.0000,1061.0000,1072.0000,453900
1065.0000,1096.0000,1062.0000,1089.0000,713900
1085.0000,1097.0000,1063.0000,1071.0000,847100
1073.0000,1094.0000,1062.0000,1072.0000,594400
1080.0000,1124.0000,1077.4700,1101.0000,1084700
1096.0000,1108.0000,1090.0000,1100.0000,719000
1092.0000,1108.0000,1065.0000,1098.0000,907200
1090.0000,1111.0000,1085.0000,1102.0000,625200
1101.0000,1104.5900,1069.0000,1079.0000,842600
1075.0000,1112.0000,1075.0000,1102.0000,724300
1099.0000,1105.0000,1086.0000,1091.0000,491200
1080.0000,1204.0000,1080.0000,1159.0000,1735600
1158.0000,1187.0000,1155.0000,1164.0000,831100
1158.0000,1199.0000,1150.0000,1192.0000,523000
1189.0000,1191.0000,1156.0000,1179.0000,1089600
1150.0000,1190.0000,1121.0000,1143.0000,1129600
1129.0000,1146.0000,1111.0000,1125.0000,876900
1118.0000,1149.0000,1107.0000,1132.0000,764100
1142.0000,1142.0000,1109.0000,1127.0000,561200
1129.0000,1147.0000,1115.6000,1126.0000,770800
1125.0000,1142.0000,1125.0000,1131.0000,612500
1129.0000,1157.0000,1129.0000,1150.0000,526600
1154.0000,1171.0000,1150.0000,1162.0000,876200
1165.0000,1168.0000,1146.0000,1159.0000,680500
1159.0000,1180.0000,1159.0000,1164.0000,986900
1169.0000,1188.0000,1154.0000,1160.0000,843300
1163.0000,1186.0000,1159.0000,1181.0000,643800
1173.0000,1181.0000,1153.0000,1155.0000,611900
1146.0000,1159.0000,1143.0000,1145.0000,608100
1140.0000,1149.0000,1115.0000,1115.0000,776100
1112.0000,1120.0000,1086.0000,1089.0000,774100
1093.0000,1116.0000,1093.0000,1109.0000,565500
1108.0000,1136.0000,1104.0000,1120.0000,755100
1120.0000,1123.2000,1102.0000,1121.0000,521400
1126.0000,1146.0000,1120.0000,1146.0000,933800
1140.0000,1174.0000,1140.0000,1173.0000,546600
1181.0000,1190.0000,1166.0000,1176.0000,588700
1176.0000,1208.0000,1170.0000,1201.0000,863300
1196.0000,1199.0000,1185.0000,1194.0000,504700
1195.0000,1233.0000,1192.5000,1221.0000,653700
1222.0000,1224.0000,1203.0000,1220.0000,422700
1211.0000,1226.0000,1203.0000,1211.0000,497700
1213.0000,1222.0000,1190.5000,1196.0000,481200
1211.0000,1233.0000,1193.8400,1220.0000,610100
1220.0000,1258.0000,1213.0000,1215.0000,778500
1212.0000,1234.0000,1208.0000,1222.0000,567400
1222.0000,1282.0000,1222.0000,1279.0000,746700
1279.0000,1279.0000,1279.0000,1279.0000,0
1279.0000,1279.0000,1279.0000,1279.0000,0
1277.0000,1348.0000,1273.0000,1329.0000,1006100
1321.0000,1334.0000,1317.0000,1329.0000,629400
1331.0000,1368.0000,1326.0000,1354.0000,640500
1361.0000,1366.0000,1348.0000,1360.0000,357800
1353.0000,1365.0000,1347.0000,1355.0000,345500
1353.0000,1370.0000,1345.0000,1363.0000,607000
1363.0000,1381.0000,1362.0000,1377.0000,375300
1384.0000,1386.0000,1365.0000,1382.0000,535200
1386.0000,1391.0000,1356.0000,1358.0000,505600
1360.0000,1364.0000,1337.0000,1345.0000,721900
1344.0000,1354.0000,1327.0000,1347.0000,608600
1347.0000,1357.0000,1334.0000,1341.0000,427500
1349.0000,1368.0000,1344.0000,1368.0000,433300
1372.0000,1379.0000,1350.0000,1363.0000,481200
1370.0000,1395.0000,1347.0000,1380.0000,427300
1382.0000,1413.0000,1368.0000,1388.0000,755400
1400.0000,1431.0000,1386.0000,1391.0000,645000
1388.0000,1396.0000,1374.0000,1379.0000,673800
1384.0000,1393.0000,1367.0000,1376.0000,209700
1376.0000,1376.0000,1376.0000,1376.0000,0
1386.0000,1432.0000,1374.0000,1417.0000,724100
1410.0000,1414.0000,1376.0000,1405.0000,679100
1404.0000,1404.0000,1362.0000,1390.0000,702500
1415.0000,1429.0000,1404.0000,1415.0000,502300
1414.0000,1444.0000,1407.0000,1414.0000,329500
1411.0000,1425.0000,1375.0000,1398.0000,436000
1400.0000,1415.0000,1390.0000,1401.0000,448100
1402.0000,1417.0000,1393.0000,1416.0000,402100
1457.0000,1472.0000,1388.0000,1391.0000,862200
1378.0000,1431.0000,1342.0000,1419.0000,612100
1419.0000,1497.0000,1414.0000,1480.0000,984500
1473.0000,1491.0000,1469.0000,1471.0000,471200
1468.0000,1479.0000,1458.6600,1470.0000,319200
1473.0000,1489.0000,1462.0000,1466.0000,322600
1466.0000,1466.0000,1466.0000,1466.0000,0
1455.0000,1473.0000,1447.0000,1454.0000,365700
1456.0000,1474.0000,1442.0000,1467.0000,360800
1473.0000,1486.0000,1451.0000,1462.0000,332700
1461.0000,1465.0000,1424.0000,1433.0000,741000
1434.0000,1446.0000,1414.0000,1426.0000,445900
1425.0000,1434.0000,1396.0000,1415.0000,543100
1416.0000,1428.0000,1396.0000,1422.0000,851700
1420.0000,1428.0000,1407.0000,1415.0000,530900
1417.0000,1417.0000,1399.0000,1399.0000,500200
1397.0000,1408.0000,1396.0000,1400.0000,308700
1402.0000,1413.0000,1399.0000,1403.0000,546200
1405.0000,1432.0000,1399.0000,1428.0000,429000
1425.0000,1441.0000,1422.0000,1428.0000,266500
1425.0000,1426.0000,1409.0000,1410.0000,262300
1400.0000,1409.0000,1397.0000,1403.0000,321300
1393.0000,1414.0000,1393.0000,1411.0000,374800
1413.0000,1421.0000,1404.0000,1409.0000,333900
1402.0000,1413.0000,1394.0000,1407.0000,452400
1411.0000,1412.0000,1395.0000,1401.0000,810100
1421.0000,1446.0000,1411.0000,1446.0000,855100
1450.0000,1459.0000,1439.0000,1440.0000,575700
1440.0000,1450.0000,1433.0000,1436.0000,428600
1429.0000,1443.0000,1426.0000,1429.0000,355400
1423.0000,1455.0000,1419.0000,1429.0000,270300
1390.0000,1397.0000,1380.0000,1381.0000,846300
1375.0000,1382.0000,1368.0000,1368.0000,709900
1375.0000,1390.0000,1369.0000,1380.0000,528100
1351.0000,1368.2800,1349.0000,1360.0000,321300
1359.0000,1359.0000,1338.0000,1343.0000,183200
1328.0000,1342.0000,1321.0000,1327.0000,395900
1325.0000,1337.0000,1306.0000,1307.0000,573900
1312.0000,1326.0000,1306.0000,1316.0000,236300
1320.0000,1347.0000,1319.0000,1340.0000,240200
1360.0000,1364.3500,1347.0000,1353.0000,205400
1376.0000,1384.0000,1337.0000,1345.0000,632200
1346.0000,1346.0000,1330.0000,1334.0000,445600
1333.0000,1341.0000,1327.0000,1336.0000,324100
1343.0000,1346.0000,1337.0000,1341.0000,238200
1344.0000,1344.0000,1328.0000,1333.0000,302500
1311.0000,1334.0000,1309.0000,1323.0000,213000
1322.0000,1333.0000,1321.9200,1332.0000,269700
1318.0000,1341.0000,1318.0000,1337.0000,299200
1353.0000,1353.0000,1324.0000,1331.0000,237900
1328.0000,1339.0000,1310.0000,1312.0000,220300
1310.0000,1317.0000,1283.0000,1284.0000,274400
1291.0000,1300.0000,1284.0000,1298.0000,318100
1301.0000,1311.0000,1301.0000,1305.0000,259800
1304.0000,1313.0000,1302.0000,1307.0000,327400
1314.0000,1339.0000,1308.0000,1338.0000,375700
1331.0000,1352.0000,1331.0000,1344.0000,294600
1330.0000,1331.0000,1267.0000,1268.0000,605600
1267.0000,1287.0000,1255.0000,1287.0000,490000
1282.0000,1304.0000,1278.0000,1296.0000,337800
1292.0000,1320.0000,1291.0000,1314.0000,317000
1327.0000,1327.0000,1306.0000,1324.0000,219400
1322.0000,1361.0000,1316.9000,1344.0000,447800
1337.0000,1344.1000,1310.0000,1323.0000,575200
1399.0000,1473.0000,1379.0000,1420.0000,627800
1400.0000,1420.0000,1395.0000,1402.0000,424800
1410.0000,1428.0000,1402.0000,1409.0000,671000
1413.0000,1425.0000,1408.0000,1418.0000,812700
1413.0000,1428.0000,1406.0000,1411.0000,701300
1400.0000,1412.0000,1400.0000,1403.0000,396000
1390.0000,1400.0000,1354.0000,1354.0000,347400
1310.0000,1314.0000,1236.0000,1255.0000,938300
1270.0000,1306.0000,1263.0000,1299.0000,687900
1286.0000,1321.0000,1268.5000,1291.0000,622100
1318.0000,1334.0000,1296.0000,1329.0000,459800
1329.0000,1337.0000,1306.0000,1337.0000,513700
1337.0000,1337.0000,1337.0000,1337.0000,0
1311.0000,1323.0000,1274.0000,1281.0000,475300
1284.0000,1330.0000,1277.0000,1314.0000,503700
1324.0000,1335.0000,1317.0000,1326.0000,430300
1310.0000,1314.0000,1294.0000,1304.0000,390600
1314.0000,1318.0000,1282.0000,1287.0000,220400
1292.0000,1324.0000,1292.0000,1301.0000,317600
1330.0000,1368.0000,1321.0000,1341.0000,481164
1320.0000,1335.0000,1313.0000,1328.0000,333001
1330.0000,1348.0000,1306.0000,1344.0000,530873
1348.0000,1377.0000,1340.0000,1342.0000,405818
1344.0000,1382.0000,1330.0000,1378.0000,400305
1383.0000,1405.0000,1382.0000,1400.0000,643121
1401.0000,1404.0000,1386.0000,1391.0000,449714
1394.0000,1394.0000,1356.0000,1374.0000,510533
1369.0000,1400.0000,1369.0000,1388.0000,383490
1394.0000,1394.0000,1337.0000,1339.0000,389032
1345.0000,1411.0000,1341.0000,1401.0000,763812
1395.0000,1404.0000,1382.0000,1387.0000,298301
1415.0000,1419.0000,1401.0000,1404.0000,446051
