190.0000,194.0000,189.0970,191.7000,1844800
191.2000,192.3000,184.2000,189.3000,1615300
189.3000,189.3000,189.3000,189.3000,0
189.3000,189.3000,189.3000,189.3000,0
199.1000,207.2000,199.1000,205.0000,4004300
208.1000,216.1000,202.1000,206.5000,3447200
206.5000,206.5000,206.5000,206.5000,0
210.0000,211.8000,207.1000,210.3000,1438500
210.3000,210.3000,210.3000,210.3000,0
210.3000,210.3000,210.3000,210.3000,0
210.3000,210.3000,210.3000,210.3000,0
207.3000,209.6000,205.5000,205.7000,963500
205.5000,208.6000,205.5000,207.3000,1016300
207.3000,207.3000,207.3000,207.3000,0
207.3000,207.3000,207.3000,207.3000,0
207.3000,207.3000,207.3000,207.3000,0
207.3000,207.3000,207.3000,207.3000,0
196.1000,196.4000,190.3000,190.6000,1089900
190.6000,190.6000,190.6000,190.6000,0
190.6000,190.6000,190.6000,190.6000,0
185.2000,188.2000,178.3750,188.2000,1439600
188.2000,188.2000,188.2000,188.2000,0
188.2000,188.2000,188.2000,188.2000,0
181.1000,184.3000,180.9000,182.1000,851900
182.1000,182.1000,182.1000,182.1000,0
186.5000,190.5000,185.1000,189.5000,1351700
189.5000,189.5000,189.5000,189.5000,0
189.5000,189.5000,189.5000,189.5000,0
193.2000,196.6000,192.5000,193.8000,798300
196.2000,210.0000,191.9000,192.4000,1522700
192.8000,201.8000,192.7000,200.5000,1864000
200.5000,200.5000,200.5000,200.5000,0
204.6000,205.3000,201.6650,204.4000,773900
204.4000,204.4000,204.4000,204.4000,0
203.8000,206.1000,200.3850,202.0000,1976900
202.0000,202.0000,202.0000,202.0000,0
199.7000,201.4000,196.4000,198.6000,1366000
198.6000,198.6000,198.6000,198.6000,0
197.1000,200.1980,191.8910,198.0000,1635100
198.0000,198.0000,198.0000,198.0000,0
193.7000,207.4000,190.7000,192.3000,1125400
192.3000,192.3000,192.3000,192.3000,0
192.3000,192.3000,192.3000,192.3000,0
192.3000,192.3000,192.3000,192.3000,0
192.3000,192.3000,192.3000,192.3000,0
192.3000,192.3000,192.3000,192.3000,0
192.0000,193.1000,187.0000,190.0000,4544700
182.9000,199.5000,182.9000,192.1000,5182200
192.1000,192.1000,192.1000,192.1000,0
185.7000,188.8000,185.1000,186.0000,3585300
184.7000,186.5000,184.0000,185.9000,3961300
183.8000,189.0000,183.8000,188.0000,1943400
191.5000,193.9000,185.4110,188.1000,1470700
188.1000,188.1000,188.1000,188.1000,0
188.0000,189.9000,186.5000,188.9000,1783500
188.9000,188.9000,188.9000,188.9000,0
185.2000,186.0000,182.0000,183.2000,2121500
185.6000,192.7000,181.9000,185.7000,753700
185.7000,185.7000,185.7000,185.7000,0
183.1000,185.4000,182.4000,183.2000,578800
182.9000,193.9000,182.2000,185.7000,141100
185.7000,185.7000,185.7000,185.7000,0
185.7000,185.7000,185.7000,185.7000,0
185.7000,185.7000,185.7000,185.7000,0
185.4000,186.2000,183.7000,185.6000,957900
187.0000,187.8000,186.5000,187.8000,215600
187.8000,187.8000,187.8000,187.8000,0
185.3000,190.6000,185.2330,190.4000,1028700
190.4000,190.4000,190.4000,190.4000,0
190.4000,190.4000,190.4000,190.4000,0
188.9000,197.1000,187.1000,195.7000,3121600
195.7000,195.7000,195.7000,195.7000,0
195.7000,195.7000,195.7000,195.7000,0
192.9000,194.6000,190.2000,193.0000,2694000
192.9000,199.6000,192.0000,195.2000,3479300
195.2000,195.2000,195.2000,195.2000,0
195.2000,195.2000,195.2000,195.2000,0
193.3000,197.6000,193.3000,197.0000,3275000
197.0000,197.0000,197.0000,197.0000,0
197.0000,197.0000,197.0000,197.0000,0
199.0000,200.0000,197.3000,198.4000,2700400
198.4000,198.4000,198.4000,198.4000,0
198.4000,198.4000,198.4000,198.4000,0
189.8000,194.0000,189.0000,193.1000,1266000
192.2000,195.0000,190.1000,192.8000,1123500
194.5000,195.5000,190.1000,190.4000,1882400
190.4000,190.4000,190.4000,190.4000,0
190.4000,190.4000,190.4000,190.4000,0
193.2000,199.7000,192.2000,199.5000,2418400
200.5000,204.2000,198.2000,200.0000,2904700
200.0000,200.0000,200.0000,200.0000,0
194.0000,194.0600,189.8000,191.1000,4788000
191.1000,191.1000,191.1000,191.1000,0
191.1000,191.1000,191.1000,191.1000,0
181.6000,186.0000,180.6000,184.0000,5744900
184.5000,184.6000,177.7000,181.1000,2469100
182.8000,184.6000,179.6000,181.7000,2795500
182.3000,182.5000,180.1000,180.3000,490400
182.0000,183.0000,178.7000,181.4000,760700
181.6000,185.1000,181.6000,184.2000,2249900
185.7000,186.0000,183.4000,185.4000,921900
183.7000,186.0000,182.5000,186.0000,861800
185.0000,191.5000,184.8000,185.3000,1221700
185.7000,186.9700,180.8000,181.8000,878900
178.0000,188.4000,178.0000,187.1000,2670400
186.2000,187.7340,180.3000,185.6000,1965000
186.4000,187.4000,183.8000,185.4000,2054200
187.3000,188.7000,185.1000,188.0000,2426600
188.5000,190.4000,186.8000,190.2000,1290400
187.7000,190.1000,186.9800,189.6000,2017000
189.3000,189.9000,185.6000,188.1000,2168000
189.2000,194.9000,188.0000,191.1000,1192400
191.8000,192.5800,191.2000,191.8000,881500
191.5000,192.5000,190.4000,191.7000,1637500
192.0000,195.9000,192.0000,194.6000,2260500
194.4000,200.1000,194.2000,199.3000,1697400
199.0000,200.0000,194.7920,198.6000,1660200
198.8000,199.8000,195.1000,196.1000,1329500
195.9000,197.8000,194.0000,195.5000,2936300
197.4000,197.4000,194.3000,194.5000,5141100
194.5000,195.1000,191.7000,195.0000,7225400
194.5000,196.1000,193.0000,194.9000,4330200
194.0000,195.0000,188.7000,190.4000,3974600
189.0000,192.4000,189.0000,190.5000,3690900
141.0000,141.0000,140.0000,140.0000,400000
140.7500,144.5000,137.0000,137.0000,100000
137.0000,144.5000,137.0000,144.5000,6600
100.0000,100.0000,100.0000,100.0000,25732700
161.9000,161.9000,161.9000,161.9000,12212100
159.7000,159.7000,159.7000,159.7000,8443400
155.0000,166.0000,155.0000,165.5000,3436900
165.5000,165.5000,165.5000,165.5000,0
165.5000,165.5000,165.5000,165.5000,0
167.7500,167.7500,167.7500,167.7500,3575200
175.7500,175.7500,175.7500,175.7500,5030300
179.5000,179.5000,179.5000,179.5000,3452500
184.0000,184.0000,184.0000,184.0000,1570800
183.5000,192.2500,182.5000,191.0000,2199300
190.5000,190.5000,190.5000,190.5000,1412000
184.0000,184.0000,184.0000,184.0000,2255300
182.5000,184.7500,179.7500,184.7500,700000
183.0000,186.2500,181.0000,181.2500,788700
182.2500,184.5260,178.0000,182.2500,1633900
182.2500,182.2500,179.5000,180.0000,1039100
186.0000,186.0000,186.0000,186.0000,1577100
188.0000,191.5000,186.7500,190.7500,1466500
194.5000,195.2500,190.2630,194.7500,896900
204.0000,204.5000,194.0000,197.7500,1864900
196.5000,196.5000,188.9030,190.0000,1549000
187.5000,194.5200,185.7500,191.7500,1233800
190.0000,193.6770,185.0000,192.7500,781900
192.0000,195.1650,191.6500,193.2500,686500
193.2500,193.2500,193.2500,193.2500,0
194.0000,197.5000,193.2500,195.5000,709000
187.7500,193.7500,187.5000,189.0000,2348400
186.7500,191.2500,186.7500,189.7500,2157800
185.0000,186.7500,176.5000,182.2500,1886900
187.7500,194.2500,187.5000,190.5000,931700
188.2500,192.7500,187.7500,191.5000,344800
190.2500,198.3400,188.0000,191.2500,565200
195.0000,199.5000,191.7500,197.0000,577600
193.2500,193.2500,187.2500,190.2500,407700
190.2500,194.7500,186.7500,193.5000,351800
192.0000,201.2500,191.5000,193.0000,554300
191.2500,192.5000,186.7500,187.0000,243200
187.0000,192.0000,174.2500,179.5000,6982400
180.0000,183.5000,171.0000,175.2500,1387300
175.5000,187.5000,175.5000,187.0000,1526800
180.2500,190.0000,178.0000,181.7500,1257500
183.0000,188.2500,180.5000,184.2500,729000
189.7500,191.2500,185.2500,188.7500,317400
189.0000,193.0000,188.5000,189.5000,289700
189.5000,189.5000,189.5000,189.5000,0
196.5000,196.5000,187.0000,192.2500,627800
192.7500,194.0000,191.2500,193.0000,266900
195.0000,196.0000,190.5000,191.7500,288600
193.0000,193.5000,178.2500,182.5000,504400
178.7500,188.0000,178.7500,182.7500,343500
185.2500,185.5000,175.4400,179.7500,287700
177.2500,187.2500,177.2500,187.0000,207800
184.5000,188.2500,180.1500,186.2500,499400
187.5000,190.0000,187.0000,189.0000,139800
197.0000,197.0000,186.0000,190.5000,327500
191.0000,191.0000,186.2500,190.7500,235900
192.5000,195.0000,181.0000,190.0000,565500
192.0000,198.0000,183.0000,194.0000,1067900
194.0000,195.7500,190.7500,194.0000,1813100
193.0000,197.5000,190.5000,195.0000,1285500
191.7500,195.0000,190.5000,191.7500,408000
191.0000,193.0000,190.7500,191.7500,303600
189.5000,194.0000,189.5000,192.0000,185400
190.7500,193.0000,190.2500,191.7500,75500
189.0000,193.0000,189.0000,192.0000,256000
190.2500,194.7500,187.5000,189.7500,461200
190.0000,190.7500,188.2500,189.0000,311100
188.5000,190.0000,184.7500,188.0000,415200
186.2500,188.0000,183.2500,184.0000,475300
189.5000,189.5000,184.0000,187.0000,189300
187.2500,189.0000,183.5000,186.5000,471700
184.5000,187.5000,183.2000,187.5000,235400
184.7500,190.7500,184.2500,190.7500,289000
188.5000,192.8000,188.0000,192.0000,101400
190.0000,194.7500,188.5000,193.7500,153400
191.0000,195.5000,190.5000,195.5000,346900
199.7500,199.7500,191.2500,194.5000,267500
194.0000,197.0000,191.7500,195.7500,196500
195.5000,199.0000,195.2000,197.5000,210700
196.0000,198.5000,196.0000,198.0000,328800
198.0000,198.5260,197.0000,197.2500,93000
198.0000,199.1250,196.5500,197.2500,88800
199.0000,203.5000,196.2500,201.0000,564700
197.0000,205.0000,197.0000,205.0000,413800
200.0000,210.0000,200.0000,204.0000,366800
206.0000,225.0000,204.7500,216.0000,900100
213.0000,233.0000,203.0500,230.7500,1403400
232.0000,232.7500,225.0000,232.0000,409300
233.0000,233.0000,226.0000,230.0000,711900
230.0000,232.7500,219.0000,230.5000,445500
229.2500,231.7500,220.0000,228.5000,452300
230.5000,233.0000,220.5000,225.5000,508800
227.7500,228.7500,220.0000,227.0000,241300
217.2500,228.7500,217.2500,226.7500,246200
226.7500,229.7500,220.0000,225.0000,675600
226.5000,228.2500,209.0000,223.7500,255400
215.5000,224.0000,215.5000,220.0000,222400
229.0000,229.0000,216.0000,220.0000,521000
222.7500,223.2500,210.1380,222.0000,144200
221.0000,223.0000,221.0000,222.7500,58000
221.0000,224.2500,217.5000,223.2500,349000
220.7500,228.0000,220.5000,224.0000,413500
218.2500,221.2500,218.2500,220.0000,125400
219.5000,222.5000,218.2500,218.7500,86800
217.0000,231.0000,215.2500,220.2500,87900
227.5000,227.5000,215.0000,217.0000,167000
227.7500,227.7500,212.5000,215.7500,136000
216.0000,223.0000,216.0000,218.7500,331000
220.5000,221.5000,213.1250,215.5000,403900
215.5000,215.5000,215.5000,215.5000,0
220.0000,223.2500,211.4630,217.5000,340700
224.7500,224.7500,216.7500,222.7500,565900
229.7500,232.0000,222.3250,231.0000,242300
229.7500,230.0000,218.5000,229.7500,110800
220.2500,233.0000,220.2500,228.0000,89600
230.0000,230.0000,218.5000,228.0000,309500
220.2500,233.0000,220.2500,230.0000,439800
225.0000,232.0000,216.0000,230.7500,510500
230.0000,232.0000,227.7500,231.7500,198500
221.0000,234.0000,221.0000,232.0000,390400
229.5000,237.2500,223.7500,234.0000,779000
234.0000,243.2500,229.0000,243.0000,640700
240.2500,243.7500,232.0000,242.2500,452000
242.5000,248.3000,232.0000,239.2500,1287100
230.0000,246.0000,230.0000,241.0000,526400
238.5000,245.0000,238.2500,239.5000,330700
238.0000,240.0000,238.0000,238.5000,401200
238.5000,241.2500,237.0000,239.2500,1051900
238.0000,245.0000,238.0000,244.0000,330600
244.0000,262.2500,244.0000,257.5000,1823800
253.0000,265.0000,248.2500,262.7500,1182400
261.5000,274.7500,261.5000,269.2500,1251000
266.0000,272.7500,263.8630,272.7500,1108500
267.7500,273.2500,262.7500,265.0000,449600
262.2500,264.5000,261.0000,262.7500,477400
262.7500,269.0000,261.0000,266.0000,373600
264.2500,270.2500,262.5000,263.5000,156500
263.0000,267.2500,261.2250,265.7500,270400
265.5000,265.7500,255.2500,258.5000,418800
259.5000,260.2500,256.5000,260.0000,318600
260.0000,264.0000,250.3500,262.7500,513600
266.7500,289.2500,262.2500,280.7500,568300
272.2500,285.0000,272.2500,278.0000,294900
276.5000,291.5000,275.0000,286.7500,332000
284.2500,297.2500,283.5000,293.5000,773500
289.7500,292.7500,281.1000,290.0000,600300
278.7500,291.2500,278.7500,288.5000,394300
285.5000,293.0000,285.5000,290.0000,257300
287.2500,291.7500,284.2000,290.0000,449100
288.2500,292.5000,287.2500,289.5000,268100
286.0000,304.5000,286.0000,298.5000,979200
295.7500,298.7500,290.0000,298.0000,243400
295.7500,301.9430,293.0380,301.5000,501400
297.5000,304.5000,297.5000,304.5000,403000
305.7500,309.0000,305.5000,306.0000,361900
304.7500,308.5000,303.8630,308.0000,788200
310.0000,313.7500,307.8380,309.0000,3332000
314.0000,314.0000,306.0000,308.0000,1746300
313.0000,344.2500,313.0000,341.7500,2588100
338.2500,360.0000,329.4900,357.5000,1488700
345.0000,361.2000,345.0000,352.0000,699900
352.0000,352.0000,346.7500,349.0000,396600
341.2500,349.7500,341.2500,348.2500,1020800
341.7500,350.0000,341.7500,347.0000,137400
349.0000,359.5000,346.4130,352.0000,241000
356.7500,358.0000,347.9010,352.0000,266700
357.0000,357.0000,344.1400,350.5000,330700
355.2500,366.5000,352.5000,362.2500,400900
365.0000,365.0000,357.2500,362.2500,141900
361.5000,368.0000,355.0000,364.5000,191700
366.5000,366.5000,347.9650,360.2500,173900
356.5000,377.7500,356.5000,376.5000,778000
380.2500,393.7500,379.6740,384.5000,410300
378.2500,380.2500,370.2500,376.2500,664300
381.2500,381.2500,372.7500,377.0000,448600
364.5000,390.5000,361.2500,383.5000,551900
382.5000,398.5000,382.1640,398.2500,481700
403.0000,404.0000,393.2500,403.5000,240400
404.0000,404.0000,391.2500,398.0000,665100
375.0000,400.7500,375.0000,400.2500,322600
397.7500,420.0000,379.1910,416.5000,632700
419.7500,420.8730,403.5000,416.0000,750500
416.0000,421.2500,412.7500,420.7500,687100
414.7500,420.0000,410.0000,416.2500,522200
415.2500,415.5000,405.0000,405.0000,324900
409.2500,409.2500,377.0000,397.0000,2187900
392.7500,400.2500,391.2500,397.0000,579100
411.8380,418.5000,398.0000,408.0000,988800
413.0000,423.7500,398.6260,402.0000,508700
404.2500,409.7500,400.0000,403.0000,228900
408.2500,408.2500,395.7500,399.5000,757200
399.5000,401.0000,393.2500,395.5000,232000
412.2500,412.2500,391.2500,395.0000,341900
400.0000,400.0000,392.0000,397.5000,29700
395.0000,395.0000,395.0000,395.0000,0
395.0000,395.0000,395.0000,395.0000,0
400.0000,400.0000,391.6760,395.2500,710600
395.2500,400.0000,394.0000,396.0000,82200
407.0000,407.0000,395.0000,395.2500,20800
398.0000,418.7500,397.2500,410.0000,640500
410.0000,410.2500,403.0000,407.0000,770200
407.0000,419.5000,405.5000,418.7500,462100
403.0000,432.5000,403.0000,430.0000,655000
424.0000,434.5000,415.0000,418.0000,402300
405.2500,423.5000,405.2500,410.0000,433700
411.2500,415.0000,407.5000,407.5000,626800
406.2500,414.7500,388.3330,400.0000,953800
396.5000,401.2500,383.2500,391.7500,410000
390.7500,403.2500,385.0000,385.0000,410300
399.7500,399.7500,385.0000,389.2500,698300
395.2500,404.0000,383.5000,392.0000,560200
394.7500,395.0000,385.0000,391.0000,941400
394.2500,394.2500,393.2500,393.2500,151600
375.0000,403.7500,360.5000,396.5000,1286900
395.0000,415.0000,392.0000,393.5000,329400
397.0000,409.5000,393.5000,407.5000,488000
403.5000,408.6490,400.0000,400.0000,333300
390.2500,414.2500,385.0000,405.0000,262600
400.7500,412.5460,400.0000,403.0000,289700
407.7500,412.7500,398.7500,401.7500,384100
399.0000,410.0000,399.0000,402.0000,268100
400.0000,402.7500,395.0000,400.0000,395400
400.0000,410.0000,400.0000,402.0000,638900
400.5000,409.2500,394.0000,400.2500,307500
399.0000,412.0000,395.0000,408.2500,226300
406.5000,416.7500,406.5000,415.0000,304900
410.2500,413.0000,403.5000,408.2500,225900
418.7500,418.7500,405.0000,412.2500,239700
415.0000,425.0000,399.0650,420.5000,241800
419.0000,419.0000,401.5000,408.0000,217000
405.5000,413.0000,400.2500,404.0000,178000
413.0000,415.0000,399.5000,403.5000,109700
401.0000,410.5000,391.5000,407.0000,206300
404.2500,408.5000,386.7500,403.2500,224200
400.7500,410.0000,381.5000,396.7500,379600
397.0000,400.0000,390.5000,397.0000,430200
393.5000,401.7500,393.5000,397.0000,387800
396.0000,410.5000,396.0000,401.0000,138200
398.7500,409.2500,398.2500,407.0000,126500
407.7500,410.0970,400.0000,405.2500,164600
402.5000,404.5000,394.0000,400.0000,1004300
405.7500,405.7500,390.5000,395.0000,286800
412.2500,412.5000,392.0000,398.5000,111400
394.7500,401.0000,381.7500,384.0000,342500
383.0000,389.7500,363.0000,366.0000,646600
375.0000,375.0000,360.7500,370.0000,991500
367.0000,383.2500,367.0000,375.7500,1041800
371.2500,377.5000,367.7500,374.7500,672500
384.5000,384.5000,370.2500,371.0000,290700
367.2500,376.0000,366.7500,374.0000,546600
372.2500,378.2500,368.0000,370.0000,210100
370.2500,374.5000,367.0000,370.0000,239800
368.7500,377.0000,368.7500,370.2500,515900
371.5000,378.0000,364.0000,367.2500,442700
368.0000,372.5000,367.0000,370.5000,263500
380.5000,380.5000,367.0000,369.2500,395400
365.0000,394.0000,363.2500,383.0000,970300
387.2500,389.7500,374.0000,379.0000,228700
382.2500,384.5000,360.2500,372.0000,148500
370.7500,373.0000,360.5000,365.0000,430300
370.0000,383.0000,358.2500,363.0000,472100
371.0000,371.0000,359.0000,364.0000,619500
374.7500,374.7500,361.0000,366.2500,346600
364.0000,394.7500,364.0000,393.0000,378500
395.0000,405.0000,375.0000,378.0000,286900
390.0000,390.0000,368.0000,371.0000,716700
374.7500,374.7500,368.5000,370.0000,240200
370.5000,372.7500,368.2500,370.0000,324400
368.0000,373.7500,368.0000,372.0000,280600
370.0000,375.0000,370.0000,374.0000,260800
375.0000,388.5000,373.7500,383.7500,306800
377.7500,386.7500,370.0000,370.7500,259200
386.0000,400.0000,378.3500,400.0000,574000
396.2500,409.5000,393.7500,398.2500,436800
400.0000,404.0000,396.0000,400.0000,307700
403.7500,410.0000,396.2500,400.0000,605200
400.0000,410.7500,398.2500,399.5000,644900
400.0000,401.0000,395.5000,400.0000,169700
400.7500,400.7500,387.0000,393.5000,239100
393.2500,399.7500,393.0000,397.7500,190400
405.7500,406.0000,391.7500,397.0000,322900
398.0000,405.0000,393.7500,402.5000,611200
410.2500,415.2500,402.7500,404.0000,542600
403.0000,404.7500,393.5000,395.7500,224300
399.0000,400.0000,389.7500,393.0000,421300
393.7500,403.7500,390.0000,394.2500,508100
392.5000,394.7500,386.0000,391.0000,479600
388.7500,392.5000,384.0000,390.0000,185600
393.2500,394.7500,386.0000,389.7500,84300
403.0000,403.0000,385.0000,390.0000,154400
391.2500,392.7500,382.0000,383.0000,234700
382.0000,388.7500,381.7500,382.0000,135500
386.7500,388.5000,380.5000,382.2500,282000
383.0000,388.7130,358.0000,369.7500,727400
369.7500,370.0000,352.0000,355.0000,256700
356.0000,371.5000,355.8800,370.2500,376400
370.2500,379.0000,365.7500,376.5000,165300
380.7500,380.7500,370.0000,378.0000,312600
383.2500,399.5000,381.2500,386.2500,176100
386.0000,393.2500,386.0000,390.2500,156000
392.0000,399.0000,391.0000,394.2500,129200
390.2500,392.0000,385.2500,390.0000,72100
387.2500,395.0000,387.2500,393.0000,104000
390.7500,398.5000,390.0000,394.5000,213800
391.0000,404.2500,391.0000,400.2500,261700
397.5000,403.2500,395.0000,399.0000,345100
397.7500,402.2500,389.5000,397.0000,294300
396.0000,396.0000,382.0000,386.7500,157400
395.0000,401.0000,380.0000,398.5000,229500
392.2500,409.2500,386.5000,388.2500,786700
392.0000,394.2500,387.2500,389.7500,283000
392.0000,392.0000,384.5000,389.5000,123900
386.7500,387.7500,385.0000,386.0000,204800
385.0000,395.0000,380.7500,386.0000,221100
404.7500,404.7500,386.7500,393.0000,475800
409.7500,409.7500,388.5000,400.0000,462100
396.0000,404.7500,391.2500,397.2500,496300
403.0000,406.5000,399.2500,405.2500,117500
387.0000,414.7500,387.0000,412.0000,335100
410.7500,420.2500,407.5000,416.0000,226900
410.0000,428.0000,410.0000,418.0000,216600
420.5000,425.2500,416.5000,423.0000,277800
432.5000,435.0000,410.0000,431.5000,259100
430.0000,433.4380,428.5000,428.5000,101400
427.0000,432.0000,427.0000,430.5000,61800
430.5000,438.7500,421.3100,437.7500,540400
434.2500,446.5000,434.2500,440.2500,455100
442.7500,448.0000,433.0000,438.0000,427700
434.0000,442.5000,432.7500,434.0000,229300
429.7500,434.7500,427.5000,429.5000,234200
428.7500,450.2380,424.0000,430.0000,93900
421.9000,431.0000,407.5000,412.0000,544100
413.0000,417.5000,399.7500,417.0000,500200
411.7500,417.0000,407.2500,409.2500,276200
414.2500,415.0000,406.2500,410.2500,129000
408.2500,413.5000,400.0000,408.0000,262300
411.2500,411.2500,397.7500,406.0000,127800
406.0000,408.5000,397.7500,404.5000,179400
405.0000,407.5000,397.0000,404.0000,224200
408.2500,408.2500,400.0000,405.0000,258300
398.2500,438.2500,395.0000,435.0000,934700
434.0000,434.0000,411.0000,411.0000,328100
409.7500,422.0000,402.5000,412.7500,344600
416.5000,425.0000,412.0000,414.0000,148900
413.5000,428.7500,404.0000,410.0000,111800
401.0000,410.5000,400.5000,405.2500,436000
388.0000,417.0000,385.2500,400.0000,1025900
384.2500,393.7500,375.2500,379.2500,412700
371.7500,386.0000,346.5000,350.0000,307500
344.0000,362.9000,320.5000,354.5000,675700
365.0000,379.7500,352.0000,370.2500,382900
370.7500,392.0000,370.7500,384.0000,364700
383.7500,398.7500,383.7500,394.0000,155000
374.5000,393.7500,374.5000,389.0000,125400
390.0000,415.0000,373.0000,385.0000,122400
386.2500,386.2500,375.0000,376.0000,320300
377.0000,377.0000,342.2500,350.0000,308300
346.7500,347.5000,326.2500,344.0000,404600
337.0000,360.0000,335.0000,346.2500,120100
346.0000,359.0000,340.7500,343.5000,183300
343.5000,366.7500,337.2500,341.0000,356900
345.7500,345.7500,321.7500,333.2500,296900
334.0000,353.5000,323.7500,324.7500,116900
353.5000,353.5000,320.0000,348.7500,239700
345.7500,365.0000,332.0000,355.0000,352000
367.7500,375.0000,354.0000,370.0000,252800
361.0000,361.0000,335.0000,350.2500,275600
339.7500,357.5000,332.5000,338.0000,116000
343.0000,349.5000,337.0000,337.2500,219400
337.2500,354.5000,337.2500,344.0000,146400
345.7500,362.5000,330.5000,348.0000,172400
350.0000,355.2500,332.2500,336.7500,136300
325.2500,331.0000,313.2500,320.0000,210900
333.7500,333.7500,310.2500,332.7500,800300
328.7500,346.7500,328.7500,345.0000,606900
348.2500,369.5000,345.7500,361.5000,437000
366.2500,386.0000,350.0000,375.7500,691500
375.7500,376.0000,358.5000,360.0000,225200
352.2500,370.0000,351.1750,360.0000,128000
360.2500,369.7500,346.0830,359.7500,77900
347.7500,355.0000,347.7500,350.0000,303600
348.7500,357.2500,331.5150,350.0000,198600
341.5000,359.0000,341.5000,351.2500,167900
348.5000,355.0000,348.5000,348.7500,362100
346.5000,351.0000,340.0000,341.0000,220100
340.0000,346.5000,316.0000,330.7500,534300
328.0000,344.7500,328.0000,340.0000,240600
331.2500,361.2500,325.0000,340.0000,614200
336.5000,344.7500,333.2500,334.0000,308600
336.2500,341.7500,335.4380,339.2500,201100
337.7500,340.5000,335.0000,340.5000,420900
340.0000,348.0000,335.2500,345.5000,401700
344.0000,366.0000,335.0000,355.2500,249500
352.0000,361.5000,342.0000,343.2500,473500
346.7500,351.1480,336.0000,339.5000,193400
342.0000,352.0000,339.2500,344.2500,191000
342.5000,365.0000,333.0000,347.0000,442000
343.0000,351.5000,335.5000,339.0000,494500
328.7500,352.5000,328.7500,335.7500,212400
336.7500,340.2890,328.5000,330.0000,108600
320.7500,328.5000,308.0000,317.5000,684000
312.7500,315.0000,300.2500,310.0000,1412500
310.0000,335.0000,310.0000,326.5000,616400
330.0000,337.2500,323.2530,331.0000,689600
325.2500,339.5000,325.2500,331.7500,374600
338.5000,352.0000,322.5920,348.5000,279300
348.5000,355.2500,345.6600,354.5000,266400
355.5000,364.5500,344.7500,351.0000,441700
346.5000,354.2500,330.0000,339.5000,481900
335.5000,350.0000,335.5000,348.0000,291800
342.2500,350.1750,340.5000,345.5000,407100
325.0000,347.7500,325.0000,345.0000,325200
350.0000,383.2500,345.7500,348.0000,2479600
340.5000,343.0000,318.7500,323.0000,750300
329.0000,329.0000,314.2500,318.0000,1048300
310.0000,319.3220,309.7500,313.7500,1961500
312.0000,327.2500,312.0000,323.0000,843500
325.0000,331.0000,305.2500,309.2500,712800
305.0000,314.2500,303.7500,310.2500,961300
308.2500,312.5000,308.2500,309.2500,702100
308.2500,312.0000,308.2500,312.0000,652500
310.0000,314.2500,310.0000,310.0000,485000
310.0000,317.7500,310.0000,313.2500,570800
312.2500,320.5000,310.0000,311.0000,569400
310.2500,310.2500,292.5000,300.0000,1016200
299.5000,312.2500,297.0000,299.7500,425300
296.7500,305.0000,296.7500,303.0000,1104600
304.2500,315.7500,304.0000,311.7500,339800
313.0000,321.7500,305.2500,319.5000,1465400
316.0000,331.7500,314.2500,331.0000,1629100
330.0000,339.5000,327.0000,330.0000,760600
330.5000,343.0000,330.2500,334.5000,996600
332.2500,337.7500,325.2500,329.0000,805500
324.0000,331.7500,320.2500,327.0000,706600
327.0000,328.2500,311.7500,319.7500,516900
317.2500,322.2500,309.2500,314.2500,523000
310.0000,319.7500,310.0000,315.0000,302200
312.0000,321.0000,309.7500,311.0000,242100
309.0000,312.5000,304.5000,306.5000,901900
303.7500,308.2500,297.7500,299.5000,603900
297.7500,301.5000,285.2500,300.0000,724800
297.0000,308.5000,297.0000,303.0000,314800
300.0000,309.0000,300.0000,300.0000,336600
300.0000,324.2500,299.2500,314.0000,568600
315.5000,315.5000,307.5000,310.0000,269300
307.2500,312.0000,304.0000,310.0000,499000
309.0000,313.1900,305.0000,310.0000,149400
310.0000,310.0000,310.0000,310.0000,0
310.0000,310.0000,310.0000,310.0000,0
307.5000,314.0450,305.7500,308.5000,219400
307.0000,311.0000,306.0000,310.0000,157100
309.0000,310.0000,301.1900,309.0000,333000
309.0000,309.0000,309.0000,309.0000,0
317.0000,317.0000,310.0000,314.0000,723000
311.0000,318.2200,310.0000,312.0000,889200
313.7500,319.5000,312.7850,314.5000,374500
313.2500,319.7500,310.2500,319.7500,335800
321.0000,329.0000,317.5000,326.0000,1844800
326.7500,336.0000,321.0000,322.5000,3171800
325.0000,329.7500,319.0000,320.7500,367700
315.2500,325.2500,315.2500,319.5000,468700
318.2500,325.2500,315.7630,318.5000,190000
321.0000,323.7500,319.0000,321.0000,266900
328.5000,329.7500,322.5000,326.0000,748700
324.7500,327.0000,322.0630,325.0000,393100
323.2500,333.0000,321.4400,332.0000,615100
331.0000,332.8700,322.5000,324.7500,347500
326.7500,326.8010,313.7500,313.7500,368600
315.2500,338.7500,315.2500,338.0000,869600
332.5000,340.7800,332.5000,336.2500,361000
331.0000,342.4600,331.0000,337.2500,447900
354.0000,354.0000,330.0000,330.0000,1157600
159.0000,172.9700,153.7500,167.2500,1567200
165.0000,172.1500,165.0000,166.0000,834700
160.0000,170.0000,160.0000,168.0000,570100
167.5000,173.0000,167.5000,171.0000,646000
175.0000,175.0000,169.0000,173.5000,559200
170.2500,176.9500,170.2500,173.0000,850800
172.7500,174.5000,170.2500,172.0000,395000
169.0000,174.0000,169.0000,171.2500,807900
169.5000,175.6550,169.5000,173.0000,325500
173.0000,174.3100,169.2500,172.0000,732500
169.0000,180.6600,169.0000,172.5000,478000
169.0000,176.5700,169.0000,170.0000,318200
170.0000,177.0000,168.0000,168.0000,467800
171.0000,178.1650,168.0000,169.0000,163500
168.0000,171.0000,167.2500,169.0000,1793700
176.7500,176.7500,169.5000,171.0000,218800
169.5000,171.0000,169.5000,170.0000,991500
169.5000,171.8750,169.0000,169.0000,945600
168.0000,170.4400,168.0000,169.0000,317200
171.2500,171.2500,168.0000,170.0000,837600
168.5000,171.2500,168.2500,170.0000,546900
170.5000,171.7500,169.5000,170.0000,443300
172.5000,174.3300,169.9000,170.5000,464500
169.0000,175.5000,169.0000,170.7500,371600
171.5000,179.7500,170.9400,174.5000,776300
174.2500,177.7500,170.0000,174.0000,469000
170.2500,176.2500,170.0000,170.0000,585600
170.0000,176.2500,169.0000,170.0000,1425200
170.0000,176.2800,168.0000,168.0000,2400000
168.0000,171.0000,168.0000,170.2500,1689900
170.2500,178.1200,169.2500,169.7500,401500
169.2500,172.7500,165.7500,169.2500,623700
168.2500,169.7800,167.0000,167.0000,631600
168.0000,170.0000,167.0000,167.2500,971600
167.5000,172.0000,167.2500,171.5000,369700
171.5000,176.0000,169.5000,172.0000,312300
171.5000,176.0000,171.2500,171.2500,455400
165.0000,172.2500,165.0000,170.2500,334800
169.7500,171.2500,167.2500,168.2500,339000
167.2500,170.4400,164.5000,165.0000,768400
166.2500,168.9000,165.2500,165.2500,1534500
166.0000,166.0000,163.2500,164.2500,289200
160.2500,162.1170,153.0000,154.7500,1053200
156.2500,156.2500,149.2500,152.0000,1019300
152.7500,154.0000,150.0000,150.0000,1481200
150.2500,151.7500,149.2500,150.0000,876700
151.0000,153.7500,147.2500,150.0000,908700
142.5000,145.1280,132.5000,133.0000,1571900
133.0000,136.8700,125.7500,130.0000,1576300
130.0000,130.0000,130.0000,130.0000,0
130.0000,130.0000,130.0000,130.0000,0
128.5000,131.5000,128.0000,128.2500,1920800
128.5000,132.2500,127.5000,128.0000,1013400
128.5000,132.5000,122.2500,130.0000,644700
130.7500,132.0000,123.0000,127.2500,676400
128.0000,130.5000,123.0000,123.5000,1003300
124.5000,128.7500,124.5000,127.7500,934100
128.5000,129.5000,124.0000,128.2500,1221900
128.5000,128.5000,124.2500,125.7500,794600
125.0000,128.0000,123.0000,125.0000,663600
125.0000,131.5000,120.2500,120.2500,746200
120.2500,127.0000,120.2500,124.0000,1149800
123.7500,129.2500,121.2500,126.0000,621900
127.2500,134.0000,127.0000,127.7500,1635000
126.2500,130.5000,126.2500,130.2500,693900
131.2500,133.5000,127.7500,131.0000,919300
129.7500,134.5700,129.7500,132.5000,371800
133.7500,135.0900,132.5000,133.2500,580200
134.7500,135.7500,127.7500,132.7500,624000
132.2500,135.2500,132.2500,133.0000,686000
133.0000,133.0000,133.0000,133.0000,0
132.7500,134.2500,132.0000,132.0000,565400
131.0000,139.0000,131.0000,136.0000,889000
135.2500,138.5000,135.0000,136.2500,553600
137.0000,137.7500,135.7500,136.5000,278800
136.7500,137.0000,133.2500,133.2500,630800
133.0000,136.0000,133.0000,133.7500,362900
132.0000,134.5000,132.0000,134.0000,469800
133.2500,133.5000,132.5000,133.0000,544600
132.5000,133.0000,130.5000,131.0000,675400
130.2500,133.0000,130.2500,131.0000,244400
131.5000,135.0000,131.0000,133.0000,510800
132.7500,132.7500,130.5000,130.7500,473100
131.0000,131.5000,126.8800,130.0000,379500
130.0000,132.5000,129.5000,129.7500,231200
131.5000,131.5000,129.2500,129.7500,218200
130.0000,131.2500,129.5000,130.0000,577000
129.7500,131.0000,129.2500,130.0000,277900
129.5000,131.5000,129.5000,130.2500,363100
129.7500,131.2500,129.5000,130.5000,483000
130.5000,130.5000,130.5000,130.5000,0
130.5000,130.5000,130.5000,130.5000,0
130.2500,134.5000,129.0000,129.2500,696300
130.0000,134.7500,129.5000,132.0000,583000
132.0000,133.7500,131.5000,132.5000,253300
133.2500,137.2500,132.5000,133.5000,557500
132.7500,135.5000,131.0000,132.2500,343700
126.2500,133.7500,126.2500,130.0000,491700
130.0000,141.7500,130.0000,140.0000,808400
139.5000,145.0000,138.5000,141.7500,748500
141.7500,143.2500,135.0000,139.5000,1944200
139.5000,139.7500,137.2500,139.0000,868300
139.0000,140.0000,138.5000,138.7500,755000
138.7500,144.5000,138.7500,140.7500,1425600
141.2500,145.7500,139.3500,145.0000,851900
145.0000,145.0000,142.0000,142.0000,348900
141.5000,142.7500,141.2500,142.0000,199700
143.2500,145.0000,142.5000,143.2500,378100
144.0000,144.0000,141.2500,142.0000,160600
145.0000,145.0000,140.0000,144.0000,354800
140.0000,144.0000,138.9200,142.0000,584000
143.0000,145.0000,141.7500,144.2500,620800
144.0000,144.0000,138.5000,138.5000,203900
140.0000,140.0000,137.0000,138.0000,499900
139.7500,139.7500,135.7500,137.7500,444800
138.7500,139.3200,136.2500,136.2500,185600
137.0000,137.2500,136.5000,136.5000,283700
136.7500,136.7500,130.6000,133.5000,713700
134.2500,135.5000,133.0000,133.7500,340000
133.2500,135.0000,131.0000,133.5000,182600
134.0000,135.0000,131.5000,131.5000,237900
132.5000,134.2500,132.2500,132.5000,78700
134.0000,134.0000,130.7500,130.7500,164000
131.7500,131.7500,129.0000,131.0000,96800
132.0000,132.0000,128.7500,129.5000,223600
129.5000,129.5000,125.2500,126.0000,318300
127.0000,128.0000,123.7500,126.0000,263800
126.5000,128.7500,122.5000,124.5000,488800
125.2500,125.2500,121.7300,124.0000,387200
130.0000,133.0000,127.7500,131.0000,719900
131.0000,131.0000,125.0000,129.0000,435900
130.0000,130.0000,125.7500,126.7500,247000
126.7500,131.0000,126.7500,129.0000,378400
131.0000,131.0000,125.0000,127.0000,349000
127.7500,134.5000,126.2100,132.0000,319100
131.5000,139.2500,131.5000,138.0000,675900
137.0000,141.7500,137.0000,141.0000,199500
141.0000,143.1640,140.0000,140.5000,182700
142.7500,145.0000,141.0000,141.5000,290100
143.0000,143.0000,141.2500,141.7500,66000
142.7500,146.7540,141.5000,144.2500,277900
146.0000,150.5000,144.0000,150.0000,266700
150.7500,152.7500,144.0000,150.5000,699400
149.7500,159.7500,149.0000,157.0000,561700
158.7500,161.3800,155.0000,155.7500,409700
156.7500,158.7500,151.7500,152.5000,276800
153.7500,155.7500,143.0000,149.2500,618700
149.5000,152.5000,148.7500,151.5000,316900
153.0000,155.0000,147.5010,152.0000,623500
145.0000,151.7500,145.0000,149.5000,87300
149.5000,149.5000,149.5000,149.5000,0
148.5000,150.5500,147.7500,150.0000,209400
148.7500,150.0000,147.0000,147.7500,133700
146.7500,150.6000,145.0000,146.2500,67900
148.5000,148.5000,144.2500,145.0000,199200
147.2500,148.0000,144.9100,146.5000,115800
147.0000,149.0000,145.5000,147.0000,193600
146.2500,149.0000,145.0000,146.7500,236800
147.0000,152.5000,147.0000,150.7500,186800
154.0000,158.2500,152.0000,157.7500,170600
158.5000,162.1900,157.0000,158.7500,202200
160.0000,160.0000,151.5000,152.0000,277600
154.2500,160.7500,151.5200,159.5000,1498500
163.5000,163.5000,153.2500,153.2500,489700
155.7500,162.7500,154.5000,161.5000,655800
164.5000,169.0000,155.0000,166.5000,520000
167.0000,170.2500,163.0000,163.7500,311300
163.5000,169.2500,162.0000,167.0000,268600
167.7500,167.7500,162.6830,165.7500,75700
168.0000,168.0000,159.2040,164.2500,288800
163.5000,166.4250,160.7430,164.7500,39100
166.7500,166.7500,162.3570,166.5000,94100
163.5000,167.5000,161.3870,165.0000,138500
166.7500,166.7500,162.0000,165.0000,103800
167.2500,167.7500,158.2500,163.5000,321300
161.7500,166.2500,161.7500,164.0000,120800
161.0000,168.7500,160.7500,165.5000,171300
167.2500,175.5000,165.0000,167.0000,413600
169.0000,171.5000,169.0000,171.0000,303300
170.7500,171.0000,168.2500,169.0000,238700
168.7500,168.7500,163.2500,165.5000,127800
165.2500,171.0000,162.5000,166.5000,177300
167.7500,171.0000,165.0000,168.5000,266500
169.0000,170.0000,165.0000,168.0000,83300
168.5000,172.0000,161.1600,169.2500,192100
170.0000,173.3050,166.0000,167.0000,163500
166.0000,170.0000,166.0000,167.0000,64200
165.0000,169.0000,164.5000,165.5000,626500
167.0000,167.5600,165.0000,166.0000,140700
169.7500,169.7500,164.0000,164.2500,201000
164.2500,166.2500,163.0000,163.7500,247400
164.7500,164.9900,155.3400,162.5000,142200
164.5000,164.5000,161.0000,162.0000,178600
163.2500,166.7500,163.0000,165.0000,292600
160.0000,167.0000,160.0000,167.0000,333400
167.2500,172.0250,166.0000,170.5000,253100
167.2500,172.2500,166.3980,169.2500,31000
171.0000,172.1880,164.7500,169.7500,367500
172.2500,174.0000,168.5000,172.2500,160800
172.2500,174.0000,168.0000,169.7500,225600
173.0000,177.7500,165.0550,175.0000,296200
177.0000,178.1730,171.2500,173.7500,209300
174.0000,176.2500,171.5000,172.0000,94800
175.0000,175.6480,173.0000,174.2500,242100
176.0000,177.7500,172.2500,175.0000,319200
175.5000,178.0000,174.0720,176.5000,309000
176.5000,178.0000,175.2500,175.5000,216500
180.0000,190.0000,180.0000,184.0000,1188500
184.2500,190.0000,183.7500,188.0000,286000
189.7500,200.5000,188.6260,194.0000,485800
195.0000,200.7500,192.0000,192.0000,409500
192.0000,196.0000,186.0000,191.2500,360100
192.5000,198.0000,190.5500,194.0000,201200
196.5000,198.7500,192.0000,194.5000,127000
192.7500,195.0000,187.7500,193.5000,146500
192.0000,199.0000,190.0000,192.0000,205600
196.0000,197.2490,192.0000,196.0000,255400
197.5000,200.0000,196.5000,196.5000,317200
199.5000,199.5000,190.0000,194.2500,185700
198.0000,205.6130,197.2500,198.5000,890600
201.5000,202.5000,184.6090,195.0000,345600
194.5000,195.7500,194.0000,194.2500,153700
195.0000,196.2500,193.5000,194.5000,163500
195.0000,196.8630,191.7420,195.0000,276100
199.0000,203.7500,197.0110,201.0000,320300
203.5000,203.7500,190.0000,198.5000,179000
200.0000,209.0000,199.2500,202.7500,769200
203.0000,210.0000,199.5000,199.5000,301900
201.0000,203.0000,195.2500,198.0000,534200
199.0000,203.5000,199.0000,201.0000,302200
194.5000,204.3880,189.1200,198.5000,138600
198.0000,201.2500,190.5000,197.5000,182400
200.0000,205.8000,195.2500,200.0000,79000
201.5000,209.0000,201.0000,204.0000,187800
204.7500,207.5000,201.2970,204.0000,366200
204.2500,207.3250,202.6940,205.7500,9300
205.7500,205.7500,205.7500,205.7500,0
205.0000,205.0000,201.2500,204.0000,109800
202.5000,205.5000,200.7500,203.5000,82700
211.2500,211.2500,202.7610,206.5000,106100
206.5000,206.5000,206.5000,206.5000,0
211.2500,211.2500,204.8260,209.0000,314900
209.7500,210.0000,206.5000,208.5000,164500
206.7500,213.7500,206.5130,212.0000,136700
210.0000,215.0400,210.0000,210.5000,248600
209.7500,211.5070,207.2500,209.7500,517100
205.2500,227.6880,205.2500,224.7500,498500
226.7500,226.7500,216.0930,219.5000,388000
220.2500,223.7500,217.5000,219.7500,117600
221.5000,223.0000,217.4810,220.0000,161800
218.2500,222.5500,218.2500,219.7500,87800
219.0000,220.5000,217.5000,217.7500,125700
216.0000,220.1560,216.0000,219.0000,72900
219.0000,220.5000,216.4360,217.0000,96600
218.0000,219.1180,214.2500,215.7500,109300
220.5000,225.6270,212.0000,217.5000,270800
217.2500,222.2500,217.0000,219.0000,322600
215.0000,230.7500,215.0000,230.0000,832000
231.5000,235.5000,229.8500,234.0000,518100
224.0000,232.0000,224.0000,227.0000,4663200
224.7500,229.9350,220.2500,222.0000,3010500
222.0000,228.7500,221.7500,225.0000,385800
225.0000,227.0700,217.0000,220.2500,238600
217.0000,220.7500,214.7900,220.0000,135400
217.5000,219.8900,213.7500,214.5000,594800
213.2500,214.8780,211.2500,212.5000,213500
211.0000,218.5000,211.0000,215.5000,375500
216.5000,218.7500,210.2500,211.0000,249700
212.2500,216.0000,211.7650,213.2500,309200
212.5000,214.7500,206.0300,211.0000,189000
209.5000,211.5000,205.2500,208.0000,257100
208.0000,211.7500,205.6000,210.7500,551300
209.2500,209.5000,201.0000,202.2500,314400
203.0000,204.7500,198.0000,200.0000,248100
209.2500,209.2500,200.0000,203.2500,255900
204.2500,216.2500,203.1250,208.7500,381000
210.0000,211.5000,204.3540,208.5000,383700
208.7500,208.7500,202.5000,202.5000,272600
204.7500,214.7500,204.5000,213.5000,415600
215.0000,216.0000,211.0000,213.0000,290700
208.2500,213.7500,207.2500,209.5000,243400
208.2500,212.0000,205.7500,205.7500,165100
205.0000,213.0000,205.0000,210.0000,434200
210.0000,210.0000,205.7500,206.0000,234900
208.2500,208.2500,204.9460,206.5000,279300
206.0000,208.2500,204.7500,204.7500,330000
205.5000,206.0000,204.2500,204.7500,87600
204.5000,206.0000,203.5000,204.0000,169200
204.7500,206.0000,203.0000,204.0000,134200
203.2500,205.7500,201.5000,202.5000,168400
204.0000,204.0000,195.0800,199.2500,304500
199.0000,200.0000,192.5000,192.5000,645500
194.7500,200.2500,194.7500,199.0000,529600
200.7500,202.0000,198.0000,199.5000,634000
196.0000,207.0000,194.6100,203.5000,445100
205.0000,205.0000,199.7500,200.5000,245900
202.7500,210.0000,201.0000,204.0000,383200
204.5000,205.2670,199.7500,200.0000,245400
198.7500,203.0000,198.7500,200.5000,137800
201.0000,203.0000,198.5000,199.5000,198800
198.5000,203.0000,198.5000,201.7500,580800
202.0000,202.0000,198.0000,199.7500,339300
201.0000,203.0000,199.2500,201.5000,247100
201.5000,201.5000,201.5000,201.5000,0
201.5000,201.5000,201.5000,201.5000,0
201.0000,204.0000,199.2500,199.5000,200500
199.7500,200.5000,197.0000,197.0000,209200
197.5000,198.2500,191.8480,195.5000,161100
195.7500,197.7500,187.5000,190.0000,228400
191.5000,193.0000,188.0000,188.5000,229900
192.5000,194.7500,189.2500,190.5000,231400
192.5000,200.5000,192.2610,199.2500,168100
202.0000,204.2500,198.2500,198.2500,209100
199.0000,204.0000,198.0000,201.0000,140400
202.0000,202.2500,195.0000,197.7500,159600
198.0000,202.2500,198.0000,201.0000,101700
202.0000,202.2500,200.0000,201.2500,85200
201.0000,201.7500,198.2500,198.7500,162200
198.5000,201.5000,196.7500,197.5000,212100
197.5000,199.2500,193.2500,194.5000,76500
192.7500,196.0000,192.7500,194.5000,195800
194.5000,197.0000,194.5000,197.0000,111000
195.2500,198.2500,193.0000,196.0000,193500
197.5000,197.5000,188.5000,191.5000,399800
191.7500,203.7500,191.7500,203.7500,354300
230.0000,250.7570,224.2500,235.0000,3446500
235.2500,243.5000,230.5000,243.0000,641700
243.7500,249.0000,242.0000,247.5000,762900
250.0000,250.0000,246.2680,248.5000,261700
248.5000,248.5000,248.5000,248.5000,0
249.0000,249.8950,237.7500,239.5000,636600
243.0000,249.0000,240.0000,245.7500,435000
245.0000,246.7500,237.6730,244.0000,184700
243.5000,247.0000,239.7500,244.0000,168000
248.2500,249.7500,244.2500,248.2500,470800
250.0000,250.0000,246.5000,246.5000,177800
249.0000,249.0000,243.0000,244.5000,299500
242.7500,246.0000,240.7500,240.7500,304200
241.5000,245.7500,240.5000,243.0000,186700
242.5000,245.7920,241.2630,244.5000,44800
245.0000,246.2800,240.5000,244.0000,105200
245.7500,245.7500,239.7500,243.2500,117700
239.5000,243.6800,236.2500,237.0000,273900
235.0000,239.2500,235.0000,235.5000,179100
235.5000,235.5000,235.5000,235.5000,0
238.2500,247.7500,234.2030,244.2500,177800
241.7500,244.2500,240.0000,241.0000,108600
239.5000,248.7500,239.5000,248.0000,137100
246.2500,250.0000,245.2500,248.0000,264200
249.7500,249.7500,240.0000,241.0000,377300
240.5000,250.0000,240.5000,241.2500,420100
241.5000,241.5000,237.2750,239.5000,108200
242.0000,248.5000,242.0000,243.7500,304600
245.2500,245.5000,239.5000,243.0000,72600
239.5000,246.0000,239.5000,242.5000,366700
239.5000,243.2500,238.0000,238.2500,159300
240.5000,248.7500,239.2200,244.5000,211700
237.2500,243.9170,233.6650,240.0000,297400
237.5000,245.2500,237.5000,241.0000,136100
243.2500,245.2500,241.5000,242.7500,87400
244.7500,245.0000,240.7500,241.0000,252200
241.0000,244.7500,234.2500,241.0000,201800
239.2500,239.2500,234.3750,236.5000,117700
237.7500,242.3090,226.5000,234.0000,654000
234.2500,241.7500,229.0000,230.0000,331200
233.0000,243.2500,232.5000,238.5000,260300
239.5000,250.0000,229.7500,250.0000,658600
250.0000,250.0000,240.2500,244.0000,505000
250.0000,250.0000,244.0000,249.0000,340500
248.5000,250.0080,246.0000,249.7500,81500
246.5000,251.6900,246.5000,251.0000,123500
245.0000,250.0000,240.0000,243.0000,6452200
244.5000,253.7500,243.0000,250.0000,1604900
252.5000,254.2500,245.7500,247.0000,863700
248.7500,248.7500,245.0000,247.5000,206100
257.5000,257.5000,248.2500,250.0000,588200
248.2500,250.0000,246.0500,248.0000,337600
245.5000,250.0000,245.5000,248.0000,215200
248.7500,248.7500,244.0000,244.0000,367100
241.7500,246.7500,241.7500,243.2500,163000
237.5000,244.2500,237.5000,241.0000,159000
240.5000,246.7500,240.0000,245.0000,509900
246.7500,250.0000,245.5000,247.2500,645300
246.0000,247.7500,243.0000,244.0000,205300
244.0000,245.0000,242.7500,242.7500,130200
244.0000,247.5750,243.5000,244.0000,327100
248.0000,249.0000,243.5450,244.0000,300900
244.5000,246.7500,243.5000,246.5000,228700
246.7500,248.5000,246.0000,247.7500,306100
247.0000,248.7500,244.5000,245.5000,283800
243.5000,246.0000,241.2300,242.7500,296700
242.0000,247.0000,239.7500,243.0000,557600
243.5000,248.0000,241.5000,248.0000,227600
243.0000,250.0000,243.0000,247.0000,522300
247.0000,248.5000,246.7500,247.5000,219600
246.7500,247.5000,240.9200,244.0000,223800
244.0000,245.5270,241.2500,241.2500,138900
241.2500,245.2500,240.7500,242.5000,405300
242.7500,248.0000,242.0000,243.7500,192200
243.7500,245.0000,243.0000,243.5000,147900
243.5000,244.6750,238.7500,240.0000,225100
240.0000,240.7500,238.5000,240.0000,142800
239.0000,239.3500,233.2500,237.2500,370000
235.2500,236.5000,233.7500,234.5000,62600
233.5000,238.0130,230.5000,231.0000,45200
229.2500,229.2500,226.7500,227.0000,411600
227.0000,227.5000,223.5000,224.0000,206700
224.7500,230.5000,223.5100,229.2500,92000
230.2500,235.2500,228.3310,235.0000,151100
235.0000,235.0000,235.0000,235.0000,0
241.5000,243.7500,236.7500,238.0000,369000
237.0000,237.5700,233.7500,237.0000,142800
237.0000,239.2500,235.2500,235.7500,106500
234.5000,237.7500,234.5000,236.2500,88800
235.7500,243.7500,235.7500,239.7500,291800
241.0000,244.2500,239.2500,239.5000,140800
239.2500,243.5000,238.0000,239.5000,102900
245.0000,245.0000,236.5000,236.5000,41200
235.7500,237.0000,232.5000,235.5000,210500
233.2500,236.0000,232.0280,234.7500,80400
235.5000,238.7500,234.0000,234.0000,159300
233.7500,236.7500,229.9010,230.0000,224500
230.5000,234.1250,228.5000,228.5000,247600
227.7500,231.0000,227.2610,229.0000,55400
231.5000,237.0000,229.2500,234.0000,330100
233.5000,234.5000,231.2500,232.0000,59000
232.5000,236.7500,231.2500,232.0000,220800
234.0000,235.2500,230.0000,230.0000,277200
230.5000,230.5000,225.2500,228.0000,85500
229.0000,229.5000,226.0000,226.0000,96000
225.5000,226.3870,221.7500,221.7500,236400
221.2500,226.5000,221.2500,224.5000,364200
225.7500,230.5000,225.7500,228.0000,275100
229.0000,246.0000,229.0000,233.2500,1071200
232.0000,238.2500,232.0000,236.2500,332200
237.0000,245.7500,235.2500,236.2500,493300
236.7500,247.5000,234.8710,240.0000,687800
241.0000,249.2500,240.2500,241.5000,434200
242.0000,246.7500,239.4800,240.2500,230100
240.2500,245.2500,233.7500,244.5000,218600
244.5000,249.7500,244.5000,247.0000,324300
247.2500,247.2500,242.7500,244.2500,158300
245.5000,250.5000,244.1600,246.7500,234900
248.0000,255.0000,246.7500,253.0000,333300
253.5000,260.5000,253.5000,255.7500,408200
256.5000,264.7500,256.2500,261.0000,391100
260.2500,264.7500,257.7880,259.0000,264400
258.0000,261.7500,254.8630,258.7500,225600
260.0000,264.6450,258.2500,259.0000,151900
259.7500,259.7500,255.4300,256.2500,198900
256.0000,258.5000,253.4150,257.0000,255100
255.2500,259.1500,253.8400,258.0000,143000
257.5000,258.0000,255.2500,257.0000,117500
257.7500,259.0500,255.0000,258.0000,182700
260.5000,261.9600,259.0000,260.0000,63100
259.7500,261.2500,257.5000,260.0000,109900
260.0000,261.7500,257.5000,261.0000,110200
261.5000,261.7500,258.5110,260.7500,84400
261.7500,261.7500,255.5000,258.7500,129000
265.5000,265.5200,254.4500,256.0000,312000
254.0000,259.8900,251.5000,251.7500,251400
251.2500,257.7500,251.2500,257.0000,256000
257.0000,262.9100,253.5000,261.0000,701300
260.0000,265.0000,258.7500,264.5000,310600
264.5000,268.0700,263.8050,266.0000,4123500
266.5000,266.5000,263.5000,264.0000,159900
263.0000,263.7500,256.0000,256.0000,291700
265.0000,280.0000,258.4890,272.5000,6120000
275.0000,280.7500,271.0450,275.2500,302900
274.2500,276.7250,273.2500,274.7500,457500
274.5000,280.2500,274.5000,278.7500,609000
275.5000,282.7500,275.5000,281.5000,205600
282.0000,283.7500,272.7300,280.5000,235900
280.5000,281.0000,279.0000,279.0000,288800
280.5000,280.5000,277.7500,278.2500,82800
279.0000,282.0000,277.2500,280.5000,181300
281.7500,282.5000,280.0000,280.5000,264400
282.0000,283.2500,281.5000,282.5000,87400
284.2500,287.2500,265.8900,282.0000,110200
282.2500,285.2500,279.7500,283.5000,173600
282.7500,284.7500,279.5000,280.0000,255600
281.2500,281.2500,275.0000,276.5000,267000
277.0000,279.0000,274.7500,275.0000,180300
274.2500,278.7500,274.2500,277.0000,490200
276.5000,278.0000,275.0000,276.7500,160300
277.0000,277.5000,275.5000,276.0000,321800
276.7500,277.7500,275.0000,275.7500,192800
276.0000,281.0000,274.7500,280.0000,550600
279.0000,289.0000,278.0000,280.0000,711800
280.7500,282.0000,278.5000,278.5000,296600
278.0000,283.2500,277.7500,279.0000,540400
276.5000,281.5000,276.5000,278.5000,486700
278.7500,286.2500,277.3000,280.0000,1635500
281.5000,286.5000,277.0000,278.0000,16952100
279.0000,279.0000,260.3000,271.6000,999800
270.0000,274.3000,267.1000,273.0000,106500
273.0000,273.0000,273.0000,273.0000,0
273.0000,273.0000,273.0000,273.0000,0
274.4000,274.4000,270.6000,273.1000,160400
270.2000,271.5000,267.6000,269.7000,144400
271.0000,279.9000,269.0000,271.0000,844800
271.0000,271.0000,271.0000,271.0000,0
272.2000,272.2000,269.2000,270.0000,183100
270.8000,276.8000,270.3160,275.0000,300200
275.7000,279.4380,273.9100,276.5000,168900
277.6000,278.5000,273.7000,277.0000,452300
276.1000,277.5000,273.1000,274.0000,218400
275.0000,275.9000,267.8000,268.1000,148700
268.0000,276.2000,268.0000,276.0000,250200
277.0000,277.0000,272.0000,272.4000,101200
272.4000,272.4000,265.3030,268.8000,325600
269.9000,279.3000,269.9000,276.5000,533100
277.6000,278.8000,273.0000,273.0000,360800
272.1000,275.7800,268.0000,271.2000,226100
271.2000,279.8000,269.6530,279.8000,362400
281.5000,284.0000,276.9000,281.5000,740400
280.0000,287.9000,278.9000,278.9000,241700
278.5000,282.5000,276.0000,278.9000,187800
279.5000,282.7360,274.9000,277.3000,197200
275.6000,277.0000,270.4000,271.8000,280400
270.2000,274.5000,269.0000,269.2000,398900
270.6000,292.0000,270.6000,287.2000,1604000
288.8000,302.4000,288.8000,297.3000,430500
295.6000,298.8000,291.5000,298.8000,319500
292.1000,300.0370,289.2000,293.5000,628900
286.2000,288.9000,284.0000,287.2000,258200
284.7000,288.8000,282.0000,286.0000,307300
287.8000,295.8000,285.0000,295.0000,290400
293.3000,295.5000,289.9000,292.0000,234300
290.2000,297.9000,290.2000,295.5000,345800
293.4000,297.2590,291.7000,292.3000,116200
291.5000,293.3000,288.0000,293.3000,138800
292.0000,296.4000,292.0000,296.4000,84500
299.1000,301.6000,294.5000,299.9000,156800
300.0000,304.5000,298.7750,303.0000,132000
300.9000,302.2400,299.0000,300.0000,362100
298.7000,303.0000,298.5000,300.7000,100000
296.9000,302.1000,295.0000,300.0000,117000
300.3000,307.4000,300.3000,306.0000,456700
307.0000,333.4000,303.6750,333.0000,1280900
333.0000,337.7800,325.9350,326.0000,1932000
324.9000,331.9750,321.8000,331.4000,349300
328.6000,348.2000,328.5400,346.6000,340300
344.7000,355.0000,343.5000,351.5000,726200
343.7000,352.0000,336.1000,352.0000,797900
348.5000,357.7000,347.1080,348.6000,316100
347.3000,349.2160,328.1230,336.7000,448000
339.4000,340.0000,336.3000,337.9000,251900
346.1000,346.1000,333.9000,334.9000,191800
335.7000,342.1000,323.7980,328.5000,359600
331.4000,340.2000,330.1000,337.1000,289400
333.2000,341.9000,333.2000,338.0000,267600
344.2000,344.2000,337.0000,337.6000,120800
333.3000,334.4000,327.8730,329.3000,272200
332.7000,344.7530,330.6000,340.3000,167100
334.9000,339.9000,333.8000,336.7000,133500
332.4000,337.0000,323.6000,323.6000,302600
319.2000,332.0000,318.5920,330.9000,209800
327.8000,345.3000,326.0000,339.3000,616000
342.8000,346.8000,317.6000,322.9000,468900
326.1000,330.4000,321.2000,326.6000,118200
332.4000,336.7000,321.1500,324.5000,160300
325.8000,332.5000,320.4500,331.3000,194800
331.1000,333.6580,322.0000,331.0000,295800
334.0000,334.0000,321.8000,324.9000,282000
329.5000,340.0500,323.9000,332.0000,484400
334.3000,340.7000,328.0000,338.2000,279700
335.5000,338.6000,328.8000,328.9000,220700
328.1000,337.3500,320.4000,321.4000,326300
322.6000,326.9000,314.9600,324.1000,406000
326.9000,328.2000,308.0000,312.4000,525100
315.5000,329.7070,315.5000,328.8000,259800
326.3000,334.0000,314.1000,328.3000,723100
317.1000,319.0960,312.0000,316.9000,324800
314.2000,319.5400,297.0180,304.0000,359300
307.7000,310.6000,296.3000,299.5000,349000
299.5000,313.8000,299.1840,305.0000,468200
308.3000,308.7750,302.1000,303.1000,212100
303.1000,303.1000,303.1000,303.1000,0
303.1000,303.1000,303.1000,303.1000,0
305.6000,309.6000,300.5000,307.0000,264600
308.3000,311.4530,305.9000,307.4000,178800
309.3000,314.9000,304.4000,311.0000,259200
308.4000,311.3000,306.7000,309.3000,166000
308.2000,315.1910,303.0000,306.7000,189300
301.3000,312.9000,301.3000,310.5000,449100
310.7000,315.8000,302.3000,307.8000,366500
306.8000,324.6000,306.8000,317.9000,210300
326.1000,330.0000,318.1000,324.4000,297300
324.4000,324.4000,324.4000,324.4000,0
326.5000,340.0000,317.4000,335.5000,722800
337.8000,341.6400,320.9000,322.8000,608400
321.8000,323.4000,315.4340,321.3000,446500
323.4000,323.4000,319.2000,320.0000,174100
323.1000,330.1280,320.6000,325.0000,490400
331.1000,331.6000,324.7000,325.0000,212000
326.5000,330.2380,321.5000,327.8000,366500
331.2000,344.7300,300.7000,301.3000,3140100
302.0000,313.0000,288.3000,290.0000,1306500
288.9000,299.7000,287.1100,290.5000,400700
293.7000,297.7000,285.7000,292.4000,719000
291.1000,304.2000,290.8000,304.0000,512100
302.1000,309.8000,301.8000,307.3000,339100
308.6000,308.6000,302.4000,303.9910,282800
303.9910,303.9910,303.9910,303.9910,0
308.2000,314.0000,305.7450,313.8000,321700
311.1000,320.8000,311.1000,319.9000,183400
317.1000,321.0000,314.4570,317.0000,510500
314.4000,321.5000,314.4000,320.0000,766900
319.1000,320.8000,317.8240,320.1000,508600
319.0000,322.0000,319.0000,320.5000,506600
320.0000,324.8000,320.0000,324.7000,191400
324.9000,327.5000,320.8000,325.0000,310800
326.0000,326.2000,323.5000,325.5000,221300
324.6000,324.6000,317.4000,322.5000,921200
325.1000,327.9000,322.5700,327.9000,206400
330.5000,330.5000,325.3000,328.0000,159200
327.3000,328.7000,325.0000,327.4000,190000
324.0000,325.0000,312.1000,321.0000,938600
322.8000,322.8000,310.3000,312.5000,419600
312.0000,315.8000,309.7000,311.0000,709700
313.4000,316.2000,311.8000,313.4000,187800
317.5000,319.4000,313.6000,313.6000,274800
310.6000,318.5000,310.6000,313.8000,715200
311.5000,316.7000,307.6000,309.0000,751700
312.6000,312.9960,306.5000,310.0000,477700
315.2000,315.2000,308.8000,313.5000,191700
315.0000,320.0000,313.6400,317.6000,574200
317.0000,326.9000,317.0000,321.9000,589200
323.1000,325.9000,320.5000,322.6000,598600
322.2000,325.2000,320.8000,322.0000,274600
320.0000,324.1000,318.4000,321.4000,695800
322.4000,324.3000,318.9000,322.0000,1330400
324.6000,324.9000,321.2000,324.4000,144100
321.2000,325.1690,319.4000,321.6000,226100
322.7000,322.7000,313.7000,316.0000,344600
310.2000,314.5000,307.1000,308.0000,339300
304.3000,308.2000,298.7000,307.0000,742100
306.7000,312.4000,304.2000,305.0000,451700
303.2000,308.4000,303.2000,306.5000,365900
304.1000,308.6000,302.0000,302.4000,392900
301.6000,306.6000,301.6000,302.5000,498100
300.3000,305.3000,300.3000,303.0000,347500
300.2000,322.6000,298.7000,318.0000,1639900
319.6000,323.1000,316.9900,320.0000,341200
318.9000,323.5230,318.9000,322.3000,818500
323.0000,333.9000,323.0000,332.9000,1589900
334.1000,337.5000,330.9000,336.6000,705300
339.5000,341.2000,333.5550,339.0000,786300
338.8000,341.7000,334.6000,338.1000,801800
338.0000,340.3000,333.8000,335.0000,608300
337.1000,337.1000,328.9000,329.2000,724600
330.5000,338.0000,325.5070,334.7000,664700
333.7000,337.1000,333.5000,334.9000,931900
338.7000,341.6000,334.5000,336.9000,2005100
338.0000,345.4000,336.1100,341.7000,4014900
341.1000,346.5000,341.1000,343.2000,3242400
347.9000,354.3000,337.0000,337.0000,58243200
337.0000,337.0000,319.2000,320.4000,8019000
325.1000,335.6000,322.8000,330.0000,4504400
332.0000,334.0000,321.5000,322.3000,2681600
321.6000,331.7000,321.6000,328.8000,3415700
326.3000,337.0000,326.0000,329.7000,3078200
330.7000,337.4000,330.3400,336.6000,2979900
339.8000,340.0000,336.1000,338.3000,1805600
338.6000,340.0000,335.8000,340.0000,2212200
344.0000,344.8000,336.8000,338.5000,2340200
339.5000,342.4000,338.1000,341.3000,1523300
341.0000,342.0000,337.8000,341.5000,1856700
341.5000,341.5000,341.5000,341.5000,0
342.0000,342.5000,339.6000,341.4000,1430100
341.8000,342.2000,340.1000,341.8000,1554300
342.0000,342.5000,339.5000,341.5000,1371200
341.2000,344.6000,339.5000,344.6000,4459900
342.5000,371.0000,341.7600,368.4000,8025200
369.0000,374.0000,364.3000,370.4000,5072700
372.0000,376.2000,363.4000,364.0000,4667600
364.4000,376.3000,361.5000,375.0000,2855100
374.6000,380.6630,371.1000,374.9000,2674900
373.1000,374.6900,367.5000,369.3000,3202600
368.7000,375.7000,361.7300,371.4000,3460700
369.2000,375.6000,367.4820,372.1000,2032200
373.1000,374.7100,365.5000,369.0000,2465000
368.6000,375.1000,368.1000,372.2000,2443500
381.3000,388.0000,375.8750,379.9000,5821600
380.8000,380.8000,367.9000,368.0000,4280800
370.3000,372.5000,363.3000,369.0000,2993800
369.2000,375.0000,366.9600,370.6000,4130500
374.1000,375.9000,368.2000,372.0000,25109400
371.9000,374.6000,366.8000,374.5000,2642400
375.0000,375.7000,366.0000,368.7000,3199400
368.3000,369.8400,363.3000,364.0000,3399000
363.1000,368.8000,362.8000,363.2000,2562400
363.0000,366.0000,360.5880,365.4000,2238200
364.8000,367.4000,363.8120,366.0000,2197000
366.0000,368.5900,364.8000,366.3000,3715800
365.9000,368.2000,363.7600,365.1000,4402400
365.3000,368.4000,360.1000,360.2000,3476300
360.8000,369.7000,359.0680,369.0000,2438700
368.2000,375.4000,368.1000,372.3000,4886200
372.1000,372.3000,365.1000,368.5000,6041400
367.8000,370.5000,364.1000,366.1000,3981100
367.6000,373.7000,367.0000,367.0000,8664900
363.1000,368.0000,359.2540,362.4000,4211700
359.7000,361.4000,355.4290,357.1000,4197200
355.1000,361.8000,352.5460,361.0000,4097800
363.0000,363.0000,355.3000,356.7000,5918300
359.2000,362.2000,354.0000,355.7000,6448100
355.3000,359.3000,352.0000,355.8000,4811000
354.6000,357.3000,352.9000,353.1000,2412300
353.9000,366.8000,351.2000,366.6000,6684000
368.6000,374.7500,365.1000,374.3000,5018500
372.4000,380.2000,370.4000,379.0000,3062600
379.0000,382.5000,376.9000,377.5000,2624000
377.8000,382.0000,376.4000,379.1000,2686600
382.0000,393.0000,380.7000,392.1000,4208800
393.0000,393.8000,388.9000,390.4000,3317300
389.8000,394.0000,385.9000,393.1000,2825600
397.0000,398.9000,393.8000,395.2000,2968800
395.6000,398.1000,387.8000,388.9000,3898100
389.5000,398.3000,387.8000,395.3000,3033700
397.0000,399.5000,395.7000,399.5000,2742600
399.7000,404.1000,396.4000,404.1000,4046800
406.5000,408.4000,401.8000,403.4000,3380800
404.3000,404.3000,398.4000,401.1000,2396000
403.1000,409.5200,401.8440,409.0000,5426100
408.8000,410.1000,401.9000,404.3000,3619000
406.6000,414.3000,406.6000,413.5000,3155700
413.1000,417.5000,408.8000,411.8000,3073000
410.2000,417.7000,407.2300,417.0000,2757100
418.7000,425.0000,417.9000,425.0000,2374100
426.5000,430.4000,422.9150,427.2000,3182200
425.2000,427.0000,416.5500,422.6000,4661900
423.3000,424.4000,417.0000,419.9000,4037300
420.0000,426.8000,417.7000,426.5000,2100600
426.1000,427.5000,417.8000,419.8000,5128400
419.1000,422.0000,416.6000,418.5000,2699200
419.7000,423.6000,419.1500,423.0000,4329500
423.0000,424.8510,422.3000,423.3000,4807000
423.2000,430.0000,422.5000,428.5000,4910200
429.3000,437.5000,428.9840,435.3000,2985200
433.6000,440.3820,432.9000,438.3000,2522600
438.9000,440.5600,435.3300,439.7000,2993700
442.5000,446.4000,441.8000,444.1000,2348400
442.1000,445.5000,437.0000,437.6000,3137600
434.8000,436.1000,428.6000,431.1000,3355300
431.9000,447.7000,429.6000,429.6000,4021800
430.9000,438.2000,428.9100,435.9000,3278600
433.4000,435.7400,420.8000,421.6000,2154600
420.6000,434.2000,419.4000,425.6000,6069300
427.4000,434.0250,418.8000,426.7000,2951500
435.6000,446.2000,433.0720,439.7000,5488300
444.7000,448.4000,439.5000,448.1000,3665300
450.3000,462.6220,450.3000,461.6000,7044100
464.6000,464.6000,458.6000,460.9000,2041600
460.9000,464.1000,458.5000,463.6000,1988800
469.9000,469.9000,460.0000,464.5000,402200
464.5000,464.5000,464.5000,464.5000,0
464.5000,464.5000,464.5000,464.5000,0
464.3000,466.3000,458.4000,462.2000,1198600
458.6000,461.8000,454.4000,455.8000,1284400
456.6000,462.4000,456.6000,462.4000,373400
462.4000,462.4000,462.4000,462.4000,0
470.0000,470.0000,452.5000,461.1000,1434200
460.2000,466.4160,450.6000,454.0000,3672300
453.7000,455.3000,444.4000,444.9000,2987500
447.3000,455.4720,444.5000,451.4000,2997200
453.0000,461.0000,450.4000,460.7000,4838500
457.4000,461.2140,452.8000,455.4000,3037300
458.1000,459.2000,448.5000,450.0000,2243600
450.2000,459.1240,446.6560,457.8000,2597400
452.8000,455.2040,443.4000,444.0000,2894200
446.3000,449.9000,424.1000,434.4000,5781400
431.5000,433.3000,420.4000,427.5000,7294100
427.5000,448.3000,427.5000,446.5000,3666900
449.5000,449.5000,437.5000,442.2000,3139100
455.2000,460.1000,438.0000,439.8000,6601600
438.1000,441.1000,424.6340,430.7000,4935100
431.9000,434.4000,420.8000,424.9000,7022600
424.8000,435.4000,423.8000,429.9000,4522800
426.8000,426.8000,405.6650,419.4000,7672800
421.4000,429.2000,420.5000,429.0000,5379400
427.5000,431.0000,418.9000,424.2000,4606200
424.6000,438.1000,424.6000,435.0000,5567200
435.0000,444.1000,426.7000,428.5000,4995500
428.4000,431.5400,427.6000,429.0000,5261600
428.6000,431.4000,427.8000,431.0000,3613700
428.9000,433.7000,423.2000,425.5000,3440000
423.1000,424.1000,414.7000,419.7000,3116700
418.7000,419.9000,412.2000,414.0000,3398900
413.1000,426.7000,413.1000,424.8000,5833100
426.3000,427.7000,421.6000,424.9000,2466000
422.4000,432.2000,422.1000,429.9000,3911500
431.0000,434.0000,425.1000,426.0000,2323000
424.4000,428.5000,421.2500,423.0000,1594400
423.3000,433.1000,420.2000,430.0000,2798900
430.3000,438.8000,430.0000,433.0000,2495300
433.7000,442.2000,432.4000,441.6000,2436700
440.7000,445.6000,437.3000,441.0000,3485100
441.9000,444.5000,438.2000,444.0000,1834900
443.5000,451.1000,441.7000,449.1000,3642600
445.5000,447.0000,440.7000,442.4000,2919900
441.0000,444.4000,434.5800,439.9000,4388100
439.1000,441.7000,437.0000,440.6000,2158400
439.4000,444.5000,432.1000,434.9000,2559200
434.8000,441.2000,429.8640,430.0000,2183500
429.3000,431.9680,425.0000,431.1000,2136500
430.6000,437.2000,430.6000,436.0000,1823900
434.4000,440.1000,434.3230,437.4000,2180700
435.0000,438.1630,434.9000,435.1000,2134400
435.0000,441.5300,427.9000,428.4000,4157000
429.4000,436.2000,428.8000,435.7000,2307600
437.7000,439.4000,429.2000,429.8000,2637100
429.7000,433.2000,425.1000,426.7000,2543700
428.0000,432.2000,426.2500,430.6000,3062500
430.3000,435.2000,427.6000,428.8000,2210700
428.1000,434.1000,426.9000,432.4000,1988000
434.2000,435.5000,428.6000,432.2000,2618400
434.0000,437.2000,427.2000,427.2000,13930500
429.3000,429.3000,418.0000,424.8000,3033000
424.0000,433.7000,422.9000,431.2000,2349600
433.4000,434.0000,429.8000,430.6000,2423800
426.9000,426.9000,417.0000,418.4000,3199900
419.7000,421.0000,409.0000,409.5000,4036000
413.5000,418.0000,409.8000,411.1000,2582000
410.0000,416.6500,409.4000,412.7000,4093100
412.1000,415.8000,408.5000,409.9000,4612900
408.9000,417.2000,407.1000,416.1000,2624600
416.1000,416.1000,416.1000,416.1000,0
416.1000,416.1000,416.1000,416.1000,0
417.4000,425.2000,416.1000,420.2000,2472200
417.5000,419.9000,412.0000,417.3000,2599000
417.3000,426.5000,417.3000,426.2000,2547300
425.6000,433.8000,424.0000,432.7000,5471400
432.0000,434.0000,427.0000,430.0000,1978200
430.3000,436.5000,428.8000,436.5000,3154400
435.5000,448.3000,434.8000,445.3000,4401200
447.7000,447.7000,439.9000,442.0000,2696800
442.9000,446.7000,438.1000,441.3000,2208700
442.5000,445.7000,438.9750,441.1000,1516800
443.6000,450.0000,441.9000,441.9000,2391500
442.1000,443.8000,434.9000,437.7000,2252800
437.3000,439.1000,432.7530,436.8000,1466800
435.7000,442.3000,428.8000,432.8000,2732900
434.0000,438.1000,426.8000,437.3000,3440300
438.2000,438.5000,428.7000,432.0000,2652000
433.4000,438.2000,418.4000,418.9000,3221600
418.9000,425.2000,414.8900,424.3000,3703200
423.4000,427.5000,415.2000,418.1000,2336700
418.1000,418.1000,418.1000,418.1000,0
419.2000,428.7000,419.2000,425.9000,4189000
423.3000,434.5000,421.5120,431.1000,3257500
428.8000,439.2000,424.2000,437.2000,4683300
449.5000,457.5000,446.2000,450.5000,4505300
452.1000,458.8000,450.3000,457.2000,4376300
456.4000,456.4000,445.9000,450.6000,2847900
451.2000,460.9000,451.1000,460.1000,3047700
458.2000,467.5000,457.4000,466.1000,3161600
466.2000,476.1000,465.9000,470.9000,3672600
469.9000,476.1000,469.9000,472.8000,2773200
473.4000,477.6000,466.5000,467.8000,3860200
467.1000,468.1840,456.8000,459.5000,4339700
459.9000,467.1000,459.6000,461.5000,3788200
461.5000,471.0500,461.2000,468.0000,4302800
468.0000,468.0000,468.0000,468.0000,0
469.2000,470.9000,459.7000,460.9000,2330400
460.5000,465.9000,459.0160,464.3000,1899100
465.9000,475.0000,465.9000,473.5000,3732900
473.3000,479.5000,470.0000,475.4000,6582600
477.8000,486.0000,475.2000,484.7000,4899100
485.5000,485.5000,477.0000,479.3000,4449100
484.9000,490.8020,468.7000,474.8000,8371600
474.4000,480.4000,470.6000,477.1000,10917100
475.7000,476.0000,465.6000,468.5000,2960200
468.7000,472.9000,464.9000,464.9000,1851800
464.9000,467.6000,458.9000,459.9000,3030800
459.8000,469.4000,459.3000,467.1000,3564500
465.9000,471.7000,465.1000,469.0000,1607400
467.5000,469.5000,465.0000,465.4000,2268300
462.7000,465.2000,456.6000,456.6000,2174100
455.6000,458.8000,451.3000,456.8000,2344200
457.0000,460.7000,453.8000,454.9000,2506100
453.2000,460.4000,452.3000,459.4000,2121900
459.7000,462.3000,456.0000,456.8000,2452300
463.4000,464.8000,461.1000,463.0000,2304500
463.5000,468.7000,462.6000,465.8000,1366600
465.1000,467.6000,461.4000,466.0000,1482800
463.6000,469.1000,463.6000,467.5000,1386400
466.1000,468.9000,462.4000,465.7000,1962000
452.6000,460.2000,448.1600,456.6000,3360100
454.0000,456.6000,450.0000,453.5000,3332400
458.1000,460.9000,454.3000,458.8000,1916900
473.0000,480.3000,462.9000,464.5000,4355500
462.8000,465.9400,460.5000,461.7000,1937000
457.4000,462.8000,455.4600,459.0000,1923200
459.8000,460.8000,445.6000,445.6000,3235200
446.7000,450.5000,439.3000,441.7000,2974100
442.6000,447.5000,441.4000,445.6000,2225400
449.2000,450.6000,446.2000,449.5000,1623200
453.3000,458.7000,451.4000,457.4000,2869900
457.0000,463.9000,456.1000,461.7000,2659500
462.8000,464.7700,459.2000,461.5000,2296700
471.9000,471.9000,456.8000,468.2000,3683600
469.8000,470.0000,459.9640,462.2000,5316500
462.1000,467.3000,462.1000,466.0000,2541000
466.6000,475.1000,465.9090,467.7000,2673800
464.1000,475.0000,463.9000,468.1000,3516400
471.8000,473.6000,467.7000,468.0000,2048700
467.5000,471.3000,459.9440,461.0000,1946400
458.3000,459.7000,450.0790,450.9000,2081800
453.6000,454.3000,449.6550,451.0000,1850700
453.6000,457.5000,451.1000,455.5000,3500700
456.4000,458.8000,447.6000,448.9000,2223800
450.1000,456.3000,447.9000,455.8000,2614700
454.0000,459.0000,452.6000,458.4000,1842800
458.4000,461.1000,453.0000,460.5000,5177500
460.2000,465.2000,459.8000,463.4000,2188000
462.3000,463.1000,456.6000,457.2000,2124200
456.2000,459.1000,452.5000,456.0000,1615900
453.0000,458.5000,448.0000,457.7000,2960600
457.2000,457.4000,450.6000,453.0000,2508300
450.0000,452.7640,442.5000,445.8000,2948700
450.7000,454.4000,448.7000,451.0000,2069200
452.7000,453.3120,447.5000,448.4000,1880400
450.8000,451.2240,442.8000,447.8000,1564300
447.0000,447.7000,438.5000,441.8000,2776000
440.0000,440.0000,434.0000,434.1000,1858600
431.2000,434.1790,428.0000,430.4000,1807700
425.5000,428.1000,421.8000,421.9000,3246500
410.8000,412.8000,398.9000,407.0000,7453400
412.7000,426.0000,408.3800,425.4000,5017600
420.3000,424.5000,416.7000,420.3000,4456200
421.5000,430.3000,409.6000,430.2000,4117300
430.0000,433.6000,422.9000,431.4000,6239700
431.4000,431.4000,431.4000,431.4000,0
425.0000,425.9000,414.1000,417.5000,3882600
418.0000,425.1000,416.8000,423.3000,3398000
426.4000,433.3000,425.5000,430.9000,3974100
425.5000,425.5000,412.3000,412.3000,3968900
415.0000,417.0000,413.2000,413.5000,2091000
415.2000,416.2000,412.6000,413.5000,4973000
420.8000,423.4000,418.0000,419.9000,2674941
425.1000,431.0000,425.0000,429.7100,4823851
427.6000,427.7600,420.8000,420.9000,1904456
422.1000,426.3000,419.5000,420.5000,1889025
421.5000,422.9000,411.7000,417.7000,2504415
420.7000,427.3000,420.7000,426.3000,2968981
426.7000,430.3000,425.4000,428.5000,3423823
428.3000,428.5000,420.1000,422.6000,3541155
420.7000,426.3000,419.3000,419.3000,1878746
420.1000,420.2000,408.1000,408.1000,3332377
408.1000,420.8000,405.9000,417.6800,2321194
416.9000,419.0000,409.8000,410.8000,4521926
416.6000,426.0600,413.9000,422.4000,2027629
