196.0000,206.0000,195.0000,200.2500,119225800
202.0000,205.0000,200.5000,201.0000,41060700
203.0000,205.2500,202.7500,204.0000,23654100
204.0000,205.7500,204.0000,205.0000,35541600
205.0000,207.4140,204.7500,207.0000,16115700
207.0000,210.0000,200.2500,202.0000,5370900
202.0000,203.5000,198.0000,198.0000,8247600
198.0000,199.4900,195.5000,199.2500,3347600
200.0000,202.0000,197.8500,199.0000,0
200.5000,200.5000,196.0000,196.0000,5224400
196.0000,197.5000,192.0000,192.7500,11602500
193.5000,193.5000,183.5000,186.2500,9794500
186.0000,196.0000,175.0000,178.5000,8586900
179.0000,184.9900,172.0000,179.0000,13513900
178.0000,179.7500,177.0000,179.0000,5224000
177.0000,179.0000,175.5000,177.2500,3771700
178.0000,186.0000,176.0000,185.0000,16416600
185.0000,185.0000,185.0000,185.0000,0
187.0000,187.0000,184.9900,185.0000,2402100
184.0000,190.7400,184.0000,189.0000,2286700
190.0000,190.0000,185.0000,187.0000,2144600
187.0000,191.0000,187.0000,189.2500,1900400
189.0000,190.0000,187.2500,187.5000,1875900
186.0000,186.5000,181.2500,185.0000,2208700
184.0000,185.0000,183.1330,184.2500,2748200
180.0000,185.5000,178.5000,184.0000,2900000
186.0000,188.5000,185.5000,188.0000,8576500
187.2500,188.5000,186.2500,187.5000,6588300
184.2500,188.0000,182.7500,186.7500,6139800
187.0000,190.0000,186.0000,187.0000,32550200
189.0000,192.5000,189.0000,191.5000,8963500
192.5000,198.0000,191.2600,196.0000,52798300
198.0000,198.0000,186.5000,190.0000,7761000
187.2500,192.0000,187.2500,192.0000,3116100
191.0000,191.9900,190.0000,191.7500,3076700
193.0000,193.0000,190.0000,191.2500,3856500
191.7500,191.7500,189.2600,190.5000,4101600
192.2500,192.4900,187.0000,187.7500,3459400
188.5000,188.5000,183.2500,183.2500,3642600
182.5000,185.5000,181.7500,183.0000,3398600
184.7500,190.0000,184.7500,187.5000,4418700
187.5000,188.9900,186.0000,188.0000,8749200
187.5000,190.0000,187.0000,187.0000,1233200
187.7500,190.0000,186.0000,186.0000,4034700
185.5000,188.0000,185.5000,186.5000,5540400
186.5000,187.5000,185.7500,186.5000,361400
186.0000,188.0000,186.0000,188.0000,2850100
187.2500,189.4900,186.0000,186.2500,3590400
185.5000,188.2400,185.5000,187.5000,2372700
189.2500,189.5000,185.5000,188.7500,1147600
187.0000,189.0000,185.2500,185.2500,1052100
185.5000,186.0000,184.0000,185.0000,1046700
184.5000,186.7500,183.0000,186.2500,1496100
184.7500,185.7500,182.0000,184.0000,793300
184.0000,185.0000,183.0000,184.0000,2197000
185.5000,185.5000,182.0000,183.7500,1647100
182.0000,183.0000,175.0000,179.7500,1967400
178.0000,181.7500,178.0000,180.0000,400500
181.7500,181.7500,179.5000,180.2500,888600
181.0000,182.0830,179.7500,180.2500,1782000
182.5000,182.5000,180.0000,181.7500,1057000
180.0000,182.5000,180.0000,181.2500,622100
181.0000,181.0000,177.5000,180.0000,1299400
180.0000,180.0000,177.5000,178.5000,2960800
179.7500,180.0000,176.8200,177.5000,16465800
177.5000,178.2400,167.2500,169.0000,4317300
171.5000,175.0000,171.0000,173.0000,2981500
170.0000,173.9900,170.0000,171.7500,2550600
172.0000,175.0000,170.5000,173.2500,6305900
173.0000,176.7500,172.5000,174.0000,5835800
172.0000,173.4900,172.0000,172.0000,2392000
172.0000,172.2500,171.0000,171.2500,345400
173.0000,175.7500,172.0000,175.0000,13819600
174.0000,179.0000,174.0000,178.0000,5487600
179.0000,186.2500,179.0000,186.2500,8364800
187.0000,188.0000,184.7600,187.2500,5423500
187.2500,191.0000,186.7500,190.0000,10239000
191.5000,191.5000,182.5000,185.0000,8120100
186.7500,187.9900,181.0000,182.7500,3715000
183.7500,183.7500,179.2500,179.5000,1648000
180.7500,182.0000,179.0000,179.2500,682900
178.7500,178.7500,176.5000,177.5000,5989000
177.5000,177.5000,177.5000,177.5000,0
177.2500,178.0000,176.5100,178.0000,2318900
179.5000,182.7500,179.0000,181.5000,2074900
182.0000,186.0000,182.0000,185.7500,3679100
186.2500,188.7500,185.2600,188.0000,3895700
187.0000,188.7400,186.5000,187.5000,1134100
185.0000,190.0000,185.0000,188.2500,3068100
188.2500,189.2500,187.6240,189.0000,3862800
186.0000,188.5000,186.0000,187.5000,2117800
188.5000,190.0000,188.0000,189.2500,911200
189.0000,189.5000,188.2500,189.2500,6377400
189.2500,189.2800,181.7500,185.2500,10172000
185.0000,192.5000,185.0000,192.0000,10291900
191.0000,198.0000,191.0000,194.7500,11007500
194.5000,195.0000,191.0000,192.0000,5216900
191.0000,193.0000,189.5000,191.7500,5487700
190.0000,191.9900,188.0000,188.5000,4115900
188.0000,191.7500,187.9340,190.2500,7612200
191.5000,191.5000,189.0000,189.7500,3274200
189.0000,189.0000,185.7500,186.2500,4199000
185.0000,187.4900,182.0000,182.7500,3322100
184.5000,184.5000,179.0000,180.7500,8128600
182.2500,183.0000,179.0000,179.5000,10706700
180.0000,182.0000,179.5000,180.7500,9597600
182.0000,184.0000,180.5000,181.7500,5088900
183.5000,185.7500,180.0000,185.0000,2257000
183.0000,183.5000,180.5000,182.0000,5718600
180.7500,184.5000,180.7500,182.7500,5839600
185.0000,187.0000,184.4400,186.7500,2102900
186.5000,187.7500,184.7500,185.5000,7005700
183.0000,185.7500,183.0000,184.2500,2167900
184.5000,186.5000,184.2500,185.0000,5059500
184.0000,187.0000,184.0000,185.5000,5888800
186.0000,187.5000,185.5000,187.5000,1732300
188.0000,188.2500,186.5000,187.7500,2822200
187.7500,188.0000,186.0000,186.2500,1761800
185.7500,185.7500,181.2500,182.5000,4745000
183.5000,185.0000,180.0000,180.0000,5746200
182.0000,183.8320,176.5000,177.2500,12619500
177.2500,181.7500,177.2500,180.7500,4499700
181.2500,182.7500,179.5000,179.5000,2848300
179.0000,189.0000,178.5000,187.7500,9640700
186.0000,189.2500,186.0000,187.0000,12152200
188.0000,197.0000,188.0000,194.0000,13809800
195.0000,195.0000,189.0000,193.5000,2833700
191.7500,191.9900,189.9900,190.0000,1863800
190.0000,192.7500,187.0000,188.0000,18939300
188.0000,186.5000,185.0000,186.5000,8111600
185.0000,186.5000,182.7500,184.5000,7350400
185.0000,190.0000,184.6350,188.5000,5778700
190.0000,190.9900,187.7500,190.0000,4636400
190.0000,193.5000,189.5000,193.5000,6618100
192.0000,193.5000,190.5000,192.7500,2780600
194.0000,195.2500,193.0000,195.0000,2469400
193.5000,195.2500,192.8800,193.7500,1077700
193.0000,198.5000,193.0000,198.0000,1397500
198.7500,199.0000,197.2500,198.0000,1913600
198.0000,204.2500,197.5000,203.7500,7581500
201.5000,205.5000,201.5000,203.7500,10952000
203.7500,205.0000,201.2500,201.5000,9104000
202.7500,202.7500,197.5000,199.2500,4587400
200.0000,205.0000,200.0000,203.2500,3723000
203.5000,203.5000,197.5000,198.0000,9260200
199.7500,199.7500,197.0000,198.2500,1282300
197.5000,197.5000,194.5000,196.0000,3603800
194.0000,197.7400,194.0000,194.0000,1465200
194.0000,197.0000,188.5000,189.7500,8939300
188.0000,194.4280,187.2500,187.5000,5176100
186.5000,194.4280,185.7500,187.0000,9770100
189.0000,194.4280,183.0000,184.5000,17158200
185.0000,187.4000,183.2500,185.0000,7213100
183.5000,186.4000,180.5000,184.5000,5878000
184.5000,187.4000,183.0000,183.2500,4876900
184.0000,184.5000,181.2500,182.5000,8493300
181.0000,186.1500,181.0000,183.7500,3731000
184.0000,188.2500,182.8930,184.5000,8416200
187.5000,187.5000,178.7500,183.0000,12614400
184.0000,185.0000,182.0000,182.5000,3056400
184.0000,185.0000,181.6000,184.7500,3399300
185.5000,188.2500,183.0000,187.0000,4493900
187.2500,187.4750,183.0000,183.0000,3802400
183.0000,184.5000,182.5000,184.5000,3378400
183.5000,186.5000,183.2500,184.2500,4424300
184.2500,186.2500,184.0000,185.5000,1942800
185.5000,188.0000,185.5000,188.0000,581300
188.0000,188.0000,188.0000,188.0000,0
188.0000,188.0000,188.0000,188.0000,0
185.0000,189.2500,185.0000,188.0000,1106300
187.5000,192.0000,187.2500,190.5000,1581400
190.5000,192.0000,189.0000,189.7500,482900
189.7500,189.7500,189.7500,189.7500,0
192.0000,192.0000,188.5000,189.2500,7234100
189.0000,189.2500,183.7500,184.2500,9353800
184.0000,185.5800,182.0000,183.7500,6836800
183.0000,188.0000,183.0000,186.5000,6466900
188.2500,188.5000,186.5000,187.0000,5722500
188.0000,189.5000,186.5100,187.7500,5591100
187.0000,189.7500,187.0000,188.5000,6241900
189.7500,189.7500,185.5000,187.5000,4330200
186.0000,190.8080,186.0000,189.2500,6594900
189.2500,189.5000,183.0000,183.7500,5112800
181.0000,182.6830,169.5000,171.0000,38517800
172.5000,179.2690,168.7500,170.2500,26436900
170.5000,175.6500,170.0000,173.0000,0
173.5000,175.0000,171.0000,173.7500,18330400
174.0000,174.0000,169.7500,171.2500,9255300
172.0000,173.0000,170.0000,170.0000,6025000
171.0000,171.0000,165.5000,167.5000,13527600
168.2500,168.5000,163.5000,164.5000,16290900
163.5000,165.0000,161.0000,164.0000,8883300
163.5000,163.7500,160.9900,161.5000,6365000
161.2500,163.5000,160.0000,163.5000,23154200
163.5000,166.2500,161.3390,165.7500,10198600
168.0000,172.0000,168.0000,172.0000,22271400
171.2500,173.7500,170.9900,171.0000,6253900
171.2500,171.5000,168.0000,169.0000,7040200
169.0000,170.2400,168.0000,168.0000,3657900
169.5000,170.0000,168.0000,168.2500,2336800
168.0000,169.7500,166.9900,167.2500,2586000
168.5000,169.7500,167.5000,169.0000,1808800
166.5000,167.7500,166.0000,167.0000,2849200
167.0000,169.0000,165.6000,168.2500,2680000
169.7500,169.7500,163.5000,163.7500,1947000
164.7500,165.0000,161.0000,163.0000,6300100
162.7500,164.7500,160.7590,163.0000,9254200
164.0000,165.0000,162.5000,163.7500,3805700
164.0000,165.1150,161.0000,161.0000,3957100
162.0000,166.3650,161.0000,164.7500,21857700
165.0000,166.9100,163.5000,163.5000,15854000
164.0000,181.4870,164.0000,180.0000,58498700
178.0000,187.7500,166.1330,178.7500,0
178.2500,179.2500,174.9600,178.0000,8520800
176.5000,191.2500,168.5000,181.7500,35687700
184.0000,186.7500,175.5000,176.5000,28576000
177.0000,185.0580,177.0000,180.7500,32373400
177.7500,180.2500,176.2500,176.2500,10454800
178.0000,178.9250,171.5000,174.0000,15758500
176.5000,184.2500,173.3000,182.5000,29600700
184.0000,184.1900,179.4600,183.0000,5458500
181.5000,184.5340,179.7500,183.2500,6995200
184.0000,184.7500,181.2500,182.0000,6843900
181.0000,182.2300,177.5000,177.5000,4583100
174.5000,178.5000,170.0000,173.7500,11976800
178.0000,180.0000,175.5000,177.0000,5826300
175.0000,181.0000,174.2500,180.2500,11649900
182.7500,183.0000,179.5000,181.0000,3763400
182.7500,182.7500,177.5000,179.2500,7277700
177.0000,184.0000,177.0000,182.5000,12084700
185.0000,185.0000,181.2500,183.2500,12019600
181.0000,184.7500,178.0000,178.0000,6103000
180.2500,182.0000,178.0000,178.0000,0
180.0000,180.0000,178.0000,178.5000,2758600
177.0000,178.0000,174.5000,175.5000,7006000
176.0000,178.2500,174.0000,177.7500,5568700
178.0000,178.6500,174.5000,174.5000,5296200
174.5000,178.4900,174.5000,175.0000,8423300
177.0000,178.5000,174.5000,177.7500,5307800
176.7500,178.7000,175.0000,176.5000,5919600
175.0000,177.0000,174.8620,176.0000,3202300
176.0000,176.0000,176.0000,176.0000,0
176.0000,176.0000,176.0000,176.0000,0
178.0000,179.7500,175.5000,179.0000,4133800
180.0000,180.0000,175.0000,177.2500,6172000
175.2500,178.0000,174.0000,175.0000,5086700
175.2500,179.0000,173.7500,175.5000,9684100
177.7500,178.0000,173.7500,174.0000,7080900
156.0000,160.2400,140.9750,148.5000,103818704
149.5000,150.7500,144.2500,147.7500,20790200
145.7500,152.2500,145.6300,148.0000,11943900
149.0000,151.2440,147.9030,150.5000,15194900
149.0000,149.7500,144.5800,144.7500,8681700
146.5000,147.0000,142.5000,144.7500,9387500
146.5000,150.0000,143.7500,148.2500,0
149.5000,150.0000,145.2500,146.0000,20126900
148.5000,148.5000,142.0000,144.5000,12602100
144.5000,158.5450,143.6130,144.7500,9015300
144.0000,145.5000,143.0000,144.0000,2225500
145.5000,146.7500,142.7500,143.7500,17437100
145.0000,145.0000,141.7500,144.7500,9518300
145.0000,146.0000,144.0000,145.0000,12987700
145.0000,145.0000,145.0000,145.0000,0
144.0000,147.0000,144.0000,146.0000,8688200
144.0000,149.2500,144.0000,147.7500,16147200
148.0000,149.0000,147.5950,148.5000,7549900
147.0000,149.5000,147.0000,148.7500,6772000
148.0000,149.7500,148.0000,148.5000,2653000
147.5000,149.7500,146.0000,148.5000,9110200
146.0000,150.0000,146.0000,147.5000,10274100
146.7500,149.0000,146.2500,148.0000,5076000
149.5000,149.5000,143.5000,145.7500,9339800
147.5000,147.5000,143.2500,144.0000,3715400
144.0000,145.9900,140.1150,141.2500,7752700
142.5000,143.2500,137.5000,137.5000,18680400
137.0000,139.0930,132.2300,137.5000,13396300
135.5000,138.0000,135.5000,137.5000,15860500
137.5000,137.5000,137.5000,137.5000,0
138.0000,138.3480,133.2500,134.0000,7016100
134.0000,134.5000,132.0000,134.0000,6215600
134.7500,135.7500,131.5000,131.5000,11367700
131.2500,137.0000,131.2500,136.2500,12107800
135.0000,136.5800,131.5000,132.5000,11734400
131.2500,136.0000,131.2500,134.0000,8829300
132.0000,133.2500,128.5000,129.2500,13476300
131.0000,132.7500,129.2500,131.7500,10453900
129.5000,138.5580,129.5000,136.5000,21759800
138.5000,143.7500,136.1530,141.2500,14047400
145.0000,148.0000,143.0000,143.7500,45492900
143.2500,143.8280,137.2500,138.2500,15480700
140.0000,140.0000,137.5000,138.7500,4922900
140.0000,141.0000,138.4430,140.7500,2922400
142.0000,142.4900,137.2500,138.0000,5343500
140.0000,140.0000,136.0000,136.5000,3991400
138.0000,139.0000,136.7500,137.2500,6793200
136.7500,138.4900,132.7600,136.0000,12782700
136.0000,137.5000,134.7500,136.5000,8375200
135.0000,136.8000,131.7900,135.0000,5258200
133.0000,135.0000,131.4430,132.2500,6114700
131.0000,131.5000,124.7500,127.0000,19516100
128.7500,130.4900,126.2430,127.5000,11139500
129.2500,130.5000,126.5000,129.7500,6966600
131.0000,133.5000,127.7500,128.7500,5797700
130.0000,132.5000,127.7500,132.2500,5348400
132.0000,132.2500,129.5000,131.0000,7358700
132.5000,136.0000,129.5550,134.0000,15415600
133.5000,135.5000,113.2000,134.0000,13082000
135.5000,135.5000,132.5000,133.0000,3845000
133.0000,134.7500,129.2500,130.7500,11560500
130.5000,135.0000,128.0000,133.0000,14241900
134.0000,134.5000,132.5000,133.7500,17980900
134.0000,137.2500,132.8110,136.5000,11815600
138.2500,138.2500,135.0000,136.0000,8924100
135.2500,138.5000,134.5000,136.0000,4642300
134.5000,137.0000,134.5000,135.0000,4005600
138.5000,139.7500,136.0000,138.5000,16830400
133.0000,136.5000,132.2800,133.0000,29094000
134.7500,134.7500,131.7500,133.2500,2837100
132.0000,133.0000,128.7500,130.2500,14450400
128.7500,131.7500,127.2500,131.2500,9163400
130.2500,133.2500,120.3850,123.5000,32347100
122.0000,124.0000,113.6400,119.0000,20725200
118.0000,120.5000,117.2500,118.7500,7390300
120.7500,122.7500,118.7040,121.0000,15146900
118.0000,123.5000,118.0000,123.5000,6693300
124.0000,132.2500,124.0000,129.2500,17600400
131.0000,132.2500,126.5000,127.5000,10698900
126.0000,129.0000,125.7500,126.0000,3049900
127.7500,129.2500,127.0000,127.2500,10268900
129.0000,132.7500,127.1200,131.0000,17322600
132.7500,140.8650,131.5000,132.0000,20057000
129.5000,135.8120,122.0000,122.0000,21041800
123.0000,123.7700,119.5000,120.5000,10029100
119.0000,126.0000,119.0000,123.0000,12288600
121.5000,122.5000,120.0000,122.5000,5888500
118.2500,122.2500,115.7500,120.7500,11343700
121.5000,125.5000,119.5000,124.0000,7386300
125.0000,125.5000,120.2500,121.5000,3086100
123.0000,123.5000,119.8800,120.2500,5465600
120.5000,122.7500,120.5000,121.5000,6593600
123.0000,123.5000,120.0000,120.5000,10377600
120.0000,121.0000,119.7500,120.7500,2444300
120.7500,120.7500,120.7500,120.7500,0
119.2500,122.7500,119.2500,119.5000,3200300
118.0000,121.8600,117.5000,120.5000,7003300
121.0000,122.1180,120.0000,121.0000,2188400
122.0000,122.5000,119.5000,120.5000,7042900
122.0000,123.0000,119.7500,120.2500,5497300
119.0000,122.0000,117.0000,121.5000,7948700
119.7500,121.5000,119.0000,120.0000,6393100
121.7500,121.7500,118.2500,119.7500,2548200
117.7500,119.7400,115.5000,117.0000,4585000
115.5000,117.7500,110.2500,115.7500,9594200
117.5000,119.7500,115.5000,118.2500,4613900
117.5000,118.5000,113.0000,117.0000,6269000
115.2500,117.0000,114.0000,115.0000,6344400
114.0000,115.1550,107.0000,109.5000,16451300
108.0000,109.0000,102.5000,105.5000,19436500
106.2500,109.0000,96.7500,101.5000,51373400
103.5000,109.0000,102.7500,103.2500,23842300
102.5000,104.5930,98.0000,98.5000,11390500
98.0000,100.1100,96.2500,97.5000,8256900
97.5000,100.8990,94.5000,95.0000,9418300
96.0000,96.0000,88.7000,90.0000,28871000
91.0000,91.0000,84.2500,89.5000,52981700
91.0000,94.3000,90.0000,91.2500,14485900
91.2500,96.0000,88.0000,94.2500,14607400
93.7500,98.5000,92.0000,95.7500,8640700
96.0000,100.7500,96.0000,99.5000,23171300
98.0000,101.5000,98.0000,100.5000,5946000
99.5000,101.0000,96.5000,98.5000,17746400
99.0000,105.0000,98.7500,102.2500,30975000
102.0000,102.9900,99.5000,101.2500,6755800
103.0000,110.7500,101.2500,105.7500,40683400
107.7500,114.7600,105.5000,109.2500,0
111.0000,112.5000,110.5000,111.0000,21239000
110.5000,111.9140,107.0000,109.2500,24272000
108.5000,109.5000,104.0000,104.5000,6319500
105.0000,111.3200,99.7500,100.0000,13345000
99.5000,104.0000,99.0000,102.7500,12117100
102.7500,102.7500,98.7500,99.2500,10029700
99.0000,103.0000,97.5000,101.7500,20653500
100.0000,104.5000,98.1500,103.5000,9391100
110.2500,111.0000,103.2500,103.7500,28515300
105.0000,109.0000,104.0000,105.0000,17903600
106.0000,113.0000,105.9430,112.2500,17861500
112.0000,118.5780,112.0000,115.2500,23504300
115.2500,116.2500,112.2500,115.5000,12261200
113.0000,115.5100,113.0000,115.2500,11833100
115.2500,118.0000,112.7500,113.2500,13945400
113.0000,114.0000,108.2500,109.0000,7550300
108.7500,112.2500,107.2500,112.0000,7739300
112.5000,113.7500,110.0000,112.7500,6469800
113.0000,114.7500,112.0000,114.2500,5523600
112.7500,114.0000,109.2500,110.5000,4180000
109.0000,109.0000,105.0000,106.0000,8206900
106.0000,108.7500,102.7500,103.2500,4448900
101.7500,105.5000,101.5000,105.2500,5799400
105.7500,109.7500,104.5000,109.0000,4201800
111.0000,111.0000,106.5000,107.0000,5881100
106.2500,108.7500,105.7500,107.5000,7189200
108.0000,108.0000,104.2500,104.2500,3415300
103.2500,104.7500,96.0000,99.5000,8683600
100.7500,103.2500,98.7500,103.0000,4396900
101.0000,101.0000,96.2500,98.2500,3844900
98.0000,98.0000,91.7500,94.5000,9574300
93.5000,98.0000,93.5000,96.2500,5326800
96.5000,99.0000,91.1730,91.7500,6717700
90.5000,92.7500,88.5000,92.5000,5597600
94.0000,95.0000,89.2500,93.7500,12857400
93.2500,94.5000,88.7500,90.0000,4217700
91.0000,92.0000,85.7500,87.0000,7673900
90.0000,94.2500,87.5000,92.0000,23393700
93.0000,93.0000,86.2500,89.0000,9818300
86.0000,90.5000,84.2500,89.2500,14239300
91.2500,91.2500,77.9430,85.0000,0
86.5000,86.5000,83.7500,84.5000,5815800
84.0000,85.5000,82.7500,83.0000,6498400
82.7500,84.5000,79.2500,80.7500,16684200
79.5000,86.5000,79.0000,85.7500,15289000
84.2500,85.0000,82.5000,84.5000,6101600
83.0000,85.0000,79.5000,81.2500,5819400
80.0000,80.0000,73.0000,75.5000,11477800
81.5000,87.2500,80.7500,81.7500,17216300
80.5000,82.5000,79.5000,80.5000,6545400
80.7500,83.5000,80.7500,82.2500,5042000
81.5000,83.7500,80.5000,81.0000,10223300
81.7500,81.7500,79.7500,79.7500,1699600
79.7500,79.7500,79.7500,79.7500,0
79.7500,79.7500,79.7500,79.7500,0
80.5000,80.7130,75.7500,75.7500,5186500
75.7500,78.5000,74.7500,78.5000,3567900
77.5000,81.5000,77.5000,80.2500,2684400
80.2500,80.2500,80.2500,80.2500,0
79.2500,79.7500,79.0000,79.7500,5014900
79.2500,79.7500,75.0000,77.0000,7034900
77.0000,77.0000,73.5000,75.7500,9473200
75.0000,75.0000,68.0000,71.2500,7412400
70.7500,75.0000,70.0000,71.7500,7427800
67.5000,67.5000,62.7500,63.7500,15034500
66.7500,69.5130,60.7500,62.0000,19263100
62.0000,67.7500,60.0000,67.7500,15427400
71.0000,79.5000,71.0000,76.5000,25099800
77.0000,77.0000,63.0000,63.7500,22724000
61.5000,65.5000,60.0000,65.2500,19153800
66.0000,71.2500,66.0000,69.5000,18379300
69.5000,72.0000,67.5000,70.5000,15275300
68.2500,71.0000,64.5000,68.0000,17829100
67.5000,70.5000,64.0000,69.7500,13282400
67.7500,72.0000,65.0000,67.0000,12382500
70.0000,72.7500,68.7500,71.0000,11579300
72.5000,72.7500,66.5000,67.7500,4393300
67.0000,67.7500,65.5000,67.0000,5256900
68.0000,72.2500,67.7500,71.7500,6844400
72.0000,74.0000,71.5000,72.7500,6043100
72.5000,72.5000,70.7500,72.5000,5469600
72.7500,75.0000,72.0000,74.5000,4001800
74.2500,75.2500,72.5000,74.0000,2987100
73.5000,74.5000,70.0000,70.7500,5251800
71.0000,75.2500,69.5000,73.5000,7185000
73.7500,75.0000,69.2500,69.5000,8986300
70.5000,71.7500,68.0000,69.5000,2879200
69.0000,69.7500,67.0000,67.7500,3705900
68.5000,71.0000,67.7500,70.2500,4026200
69.5000,72.5000,69.2500,71.5000,5532900
72.5000,73.2500,70.0000,70.0000,4040600
70.2500,71.7500,67.5000,68.0000,3974400
69.5000,70.5000,67.5000,68.0000,4717700
67.7500,71.7500,67.7500,70.7500,5194000
69.5000,71.2500,68.7500,69.5000,2926700
69.5000,71.7500,69.5000,70.5000,2547200
70.0000,71.2750,69.2500,69.7500,2586200
71.0000,71.2500,69.7500,70.7500,1776800
71.5000,71.7500,68.5000,70.0000,3604200
70.0000,70.5000,69.2500,70.2500,3486800
69.0000,71.5000,69.0000,70.0000,4148300
69.7500,70.7500,67.2500,68.2500,6214700
67.2500,68.7500,67.0000,67.0000,4533400
67.0000,68.2500,64.2500,65.2500,4382200
66.0000,66.5000,65.2500,65.7500,2337500
66.0000,66.5000,64.2500,64.7500,3115800
63.5000,64.2500,61.2500,63.2500,7013100
63.5000,64.5000,60.7500,60.7500,4689200
61.0000,63.0000,60.9750,62.2500,4291900
63.5000,64.0000,62.2500,62.7500,4902400
62.0000,60.7500,59.5000,60.0000,0
60.2500,61.2500,57.0000,57.7500,4084200
56.2500,57.5000,52.2500,53.2500,5527200
57.0000,58.2500,55.0000,56.2500,8118900
57.0000,59.7500,55.0000,59.0000,8352300
57.2500,68.0000,56.0000,68.0000,17898600
68.0000,68.0000,68.0000,68.0000,0
68.0000,68.0000,68.0000,68.0000,0
68.7500,71.5000,66.7500,71.5000,10858000
66.0000,66.0000,58.0000,59.2500,26511800
59.7500,62.5250,57.7500,58.2500,8059800
58.7500,59.0000,54.5000,58.0000,9528400
57.2500,58.2500,54.7500,56.7500,5696300
56.0000,67.6800,56.0000,57.2500,4795700
57.0000,58.7500,57.0000,58.5000,3601900
58.0000,58.2500,55.7500,56.0000,2849700
56.2500,56.7000,55.0000,56.0000,3216400
55.2500,59.0000,55.2500,57.2500,5144500
55.2500,58.2500,56.2500,58.0000,5347800
57.5000,58.7500,55.5000,58.2500,7914600
57.7500,58.7500,56.7500,57.7500,6501400
57.7500,60.7500,57.5000,60.2500,6990100
60.2500,60.2500,55.7500,57.0000,7310300
59.5000,60.0000,53.7500,55.7500,8793300
55.2500,60.5000,55.0000,60.5000,7638500
59.2500,60.5000,58.5000,60.5000,5204100
60.0000,64.2500,59.5000,63.5000,6771800
63.0000,65.7500,63.0000,64.0000,7208600
64.0000,64.0000,61.2500,62.2500,3021200
62.0000,63.5000,61.5000,63.0000,2474600
63.7500,63.7500,61.2500,63.2500,3795500
62.7500,64.5000,62.7500,64.2500,2850800
64.0000,66.5000,63.5000,66.0000,2858800
65.0000,65.2500,62.7500,63.0000,4188700
62.7500,65.7500,61.7500,64.2500,4485400
65.0000,65.1750,63.5000,64.0000,427900
64.2500,65.7500,63.5000,65.2500,2561400
65.2500,65.2500,65.2500,65.2500,0
64.2500,65.2500,63.0000,63.0000,3454000
63.2500,64.5000,63.0000,64.0000,3353000
63.5000,66.0000,63.2500,65.5000,3878200
65.5000,66.5000,64.2500,65.0000,1908700
65.5000,67.7500,65.5000,67.0000,2483300
67.7500,67.7500,62.7500,63.7500,4271100
63.7500,64.2500,61.5000,62.2500,3460800
62.5000,62.5000,60.7500,60.7500,1653700
62.0000,64.7500,61.7500,63.7500,2089000
64.2500,64.4500,63.0000,63.7500,1655000
62.7500,63.7500,62.2500,62.7500,5079600
63.5000,63.5000,61.7500,62.5000,2014200
61.5000,63.2500,61.5000,63.2500,2374200
63.5000,63.5000,62.0000,63.2500,1805800
63.2500,63.2500,63.2500,63.2500,0
63.5000,65.7500,62.0000,65.5000,3043600
66.0000,66.7500,64.7500,66.2500,2310100
66.0000,66.5000,64.5000,65.7500,2523800
65.0000,65.7500,64.7500,65.0000,3431600
64.5000,64.7500,62.2500,63.0000,2053600
63.0000,64.5000,62.9880,63.2500,3094300
61.5000,61.7500,58.7500,61.5000,4045900
61.0000,64.0000,60.5000,63.7500,9584600
63.7500,64.0000,61.7500,62.2500,2503300
62.0000,62.0000,60.0000,61.5000,1741900
60.2500,60.7500,54.0000,57.0000,9893000
55.2500,55.9250,47.2500,53.7500,15127000
52.7500,52.7500,50.2500,51.2500,5588400
51.5000,55.0000,51.0000,54.0000,3457400
53.5000,54.2500,52.7500,53.5000,4429000
53.0000,54.0000,52.7500,52.7500,1473000
52.5000,52.5000,47.7500,49.0000,4407100
49.2500,49.7500,47.7500,48.5000,2905900
49.2500,49.2500,39.5000,44.0000,12905000
42.5000,44.0000,39.0000,42.2500,11962800
47.2500,49.0000,41.7500,44.7500,21600400
44.2500,46.7500,43.5000,45.5000,5016700
45.5000,46.7500,43.5000,43.7500,8717000
43.7500,44.5130,42.5000,42.7500,5399800
43.0000,46.0000,42.2500,44.7500,6553000
44.5000,44.7500,41.5000,42.2500,6645000
40.5000,40.5000,35.2500,37.2500,22183900
37.0000,38.5000,35.7500,37.5000,0
37.5000,38.0000,35.2500,37.7500,3413700
37.7500,38.0000,33.5000,36.5000,5906900
35.5000,37.0000,33.4800,36.0000,7070600
36.7500,37.0130,33.2500,34.7500,10304600
32.0000,35.0000,29.0000,34.5000,15757200
34.2500,34.5000,31.5000,31.7500,6727400
32.7500,35.2500,32.2500,34.2500,7995300
33.2500,33.7500,31.0000,32.2500,6851100
32.2500,33.7500,31.2500,32.5000,9306700
33.0000,37.7500,33.0000,36.5000,14762600
36.0000,43.5000,35.7500,42.0000,7758000
41.2500,44.0000,40.5000,43.5000,7908200
43.2500,43.2500,39.2500,40.5000,6948400
41.0000,47.0000,40.7500,45.7500,10360200
45.0000,46.5000,44.7500,45.2500,5367800
44.0000,44.5000,42.0000,43.2500,3461700
43.0000,43.0000,39.7500,39.7500,6015600
39.0000,39.2500,35.7500,39.2500,7409900
39.2500,41.5000,39.0000,40.0000,4425100
40.0000,41.2500,38.5000,40.7500,2362400
40.5000,45.0000,40.0000,43.0000,5913300
42.2500,44.5000,41.5000,43.5000,2828300
43.2500,50.2500,43.2500,49.7500,9127600
50.0000,61.7500,50.0000,57.5000,15475800
56.2500,57.5000,52.5000,56.5000,9194200
55.0000,55.2500,52.7500,53.0000,5245800
52.5000,55.0000,51.2500,53.0000,4620900
53.0000,54.0000,51.0000,52.2500,7255400
52.0000,54.5000,49.5000,53.2500,6219000
53.0000,57.7500,51.7500,55.5000,9816300
55.2500,55.7500,51.5000,54.0000,5581300
54.5000,54.5000,49.7500,51.0000,7920300
50.5000,50.9250,45.7500,46.5000,5415400
47.5000,47.8500,40.7500,44.2500,7369600
45.5000,48.5000,44.7500,47.2500,7289100
48.0000,50.7500,46.0000,49.7500,5682400
49.7500,49.7500,49.7500,49.7500,0
49.2500,49.2500,46.7500,47.5000,2686500
48.5000,48.5000,46.2500,48.0000,2539800
48.7500,50.7500,47.7500,49.5000,3728200
49.7500,50.5000,49.0000,49.7500,3077500
48.5000,48.5000,45.2500,46.5000,6436300
46.2500,50.0000,46.2500,48.2500,7673100
47.7500,48.5000,46.0000,47.7500,5589400
48.5000,48.5000,45.0000,46.5000,6411000
45.0000,46.2500,44.0000,46.2500,3068900
47.7500,49.5000,47.7500,49.5000,1031600
48.2500,49.5000,47.5000,47.7500,6013400
47.7500,47.7500,43.2500,46.2500,9395400
45.7500,46.5000,44.2500,46.0000,3926300
46.0000,46.0000,44.0000,45.0000,1620700
44.0000,44.0000,41.5000,42.7500,4285900
43.0000,47.5000,41.2500,42.0000,21762500
42.2500,46.2500,42.2500,43.0000,10030400
43.0000,49.0000,42.7500,43.0000,12624400
46.0000,56.0000,45.5000,49.0000,17259400
48.5000,54.2500,48.0000,49.7500,5644500
49.0000,49.5000,46.0000,46.7500,4249500
47.2500,48.0000,45.2500,45.7500,2478600
45.2500,50.0000,45.2500,49.7500,3262400
48.7500,48.7500,44.7500,48.5000,5908700
48.0000,50.2500,46.2500,48.5000,11106000
47.2500,52.5000,46.7500,48.7500,11305300
48.7500,51.0000,46.2500,51.0000,8286300
51.0000,53.2500,50.2500,52.7500,4659100
51.7500,52.2500,48.7500,50.2500,6500200
47.5000,49.0000,44.2500,48.2500,6871800
48.7500,49.5000,44.0000,49.0000,8480900
47.5000,50.0000,42.0000,42.5000,11469400
43.5000,47.0500,40.2500,40.7500,7427500
38.2500,39.2500,35.0000,38.0000,9023400
39.5000,42.2500,32.7500,40.2500,9954300
42.2500,43.2500,36.2500,38.5000,5216200
39.0000,42.2500,33.9500,40.7500,7652500
39.0000,40.0000,33.7500,34.5000,6045000
35.2500,36.2500,30.2500,31.7500,4142700
32.0000,34.0000,32.0000,32.5000,3544100
34.0000,35.2500,31.5000,33.5000,5588600
32.0000,32.5000,30.7500,32.5000,3686000
31.5000,32.5000,28.5000,28.5000,3689700
27.2500,27.5500,22.5000,24.2500,12839100
24.2500,28.0000,23.7500,27.2500,3474700
27.5000,28.7500,26.0000,26.0000,3693400
27.2500,31.7500,27.2500,31.7500,3801700
32.0000,36.5000,31.7500,35.0000,4870300
34.7500,39.0000,34.7500,38.0000,3454400
38.7500,39.2500,36.2500,36.7500,2303200
37.5000,38.7500,37.5000,38.0000,2533300
38.0000,38.0000,34.5000,36.7500,2882300
36.0000,43.5000,34.7500,35.0000,7073100
35.7500,37.2500,35.0000,35.0000,1766800
36.5000,37.2500,33.7500,34.2500,2669900
34.2500,34.5000,31.7500,32.5000,2156900
32.7500,34.0000,30.2500,31.0000,2601200
30.5000,31.0000,29.5000,29.7500,1456600
30.2500,31.7500,30.2500,30.5000,1881000
31.2500,31.2500,28.0000,29.5000,2742200
28.7500,30.0000,27.7500,28.2500,4194500
28.5000,28.5000,23.2500,23.7500,4984600
22.0000,26.5000,20.5000,25.2500,8277200
25.0000,26.2500,22.7500,23.2500,1979600
24.5000,26.0000,24.0000,25.2500,1654400
25.5000,25.5000,23.0000,24.0000,1868400
24.0000,25.2500,23.2500,23.5000,1313200
25.0000,25.7500,23.0000,25.7500,960100
24.7500,25.2500,23.5000,24.2500,1159300
23.5000,24.0000,22.5000,23.7500,1137100
24.0000,24.0000,22.7500,23.0000,958000
22.5000,24.0000,22.2500,23.0000,1130200
22.2500,24.0000,22.2500,22.5000,828200
23.5000,23.5000,22.0000,23.0000,766600
24.0000,27.2500,24.0000,27.2500,3511200
25.5000,27.0000,25.2500,25.5000,2507800
25.5000,27.5000,22.7500,22.7500,1757400
24.5000,25.0000,23.5000,24.0000,2024900
23.0000,25.0000,22.0000,23.2500,1934500
24.2500,25.0000,24.0000,24.5000,848400
24.5000,25.5000,24.2500,25.0000,1364300
24.7500,25.7500,24.0000,24.0000,1479800
25.0000,26.0000,24.2500,25.5000,1131400
25.5000,30.2500,25.0000,26.5000,4976500
26.2500,26.2500,24.5000,24.5000,1943000
25.0000,25.2500,22.7500,23.0000,2326900
24.5000,24.5000,23.0000,24.0000,127300
24.0000,24.0000,24.0000,24.0000,0
24.0000,24.0000,24.0000,24.0000,0
24.0000,25.7500,23.0000,25.5000,933200
26.0000,26.0000,24.0000,25.0000,1445600
26.0000,26.0000,24.5000,24.5000,921400
24.5000,24.5000,24.5000,24.5000,0
25.5000,25.5000,24.0000,25.5000,456700
24.7500,29.2500,24.7500,28.5000,2614900
35.0000,37.7500,34.0000,34.2500,12641200
35.0000,36.7500,34.0000,34.2500,4375800
34.2500,36.0000,34.0000,36.0000,2582000
36.0000,37.0000,34.7500,37.0000,2747900
35.2500,35.7500,34.5000,34.5000,1566500
35.0000,35.0000,33.1130,34.7500,1984200
35.0000,35.0750,33.2500,34.0000,1931100
35.0000,35.0000,29.5000,29.7500,4039900
29.2500,31.5000,29.2500,31.0000,1895800
32.0000,32.0000,26.5000,27.2500,2446600
27.0000,28.0000,25.0000,26.0000,2338600
26.0000,29.7500,24.2500,29.7500,2633300
30.2500,33.0000,30.2500,30.7500,3733200
31.7500,31.7500,28.7500,28.7500,701200
30.0000,31.0000,29.2500,31.0000,1763300
31.0000,32.2500,29.2500,31.5000,4033900
32.5000,34.2500,31.0000,32.0000,3880700
32.0000,32.0000,29.5000,31.2500,1413400
30.7500,32.2500,30.5000,31.5000,936600
32.5000,32.5000,29.5000,31.0000,940600
31.2500,33.2500,30.7500,33.0000,0
33.7500,34.2500,31.5000,32.0000,0
31.0000,32.7500,31.2500,31.5000,0
31.2500,36.0000,31.2500,36.0000,4450200
36.2500,37.5000,35.2500,37.2500,1348700
36.5000,37.0000,35.7500,37.0000,795200
36.0000,37.2500,36.0000,36.5000,371700
36.0000,38.5000,35.5000,37.7500,2401200
38.5000,39.2500,38.0000,39.0000,484400
38.2500,39.5000,37.7500,38.5000,763500
38.0000,38.0000,36.0000,36.5000,1732900
36.0000,36.2500,35.0000,36.0000,1804500
36.5000,37.0000,35.2500,36.2500,1246600
37.0000,39.0000,36.0000,37.7500,2328800
37.5000,38.0000,36.5000,36.7500,1034100
36.0000,37.0000,34.5000,36.5000,1578300
37.5000,38.5000,36.7500,37.7500,1615300
37.7500,39.2500,37.7500,38.7500,3972100
38.5000,38.5000,37.2500,38.0000,2283000
37.0000,37.2500,35.5000,35.5000,1950200
35.5000,37.0000,35.0000,36.0000,2564700
36.0000,37.0000,35.2500,36.5000,1255900
37.0000,37.0000,35.5000,37.0000,1354100
35.5000,38.5000,35.2500,38.5000,4323300
38.5000,38.7500,36.7500,37.2500,2321100
37.7500,38.5000,36.7500,37.0000,1742400
36.7500,38.2500,36.7500,37.2500,1788200
36.5000,38.7500,36.5000,38.5000,2073700
38.7500,42.2500,38.5000,40.0000,4722800
41.2500,46.0000,40.2500,46.0000,3671600
44.0000,45.0000,39.7500,41.0000,9821300
41.5000,44.0000,41.5000,43.2500,1766800
44.0000,47.0000,42.7500,43.7500,3016200
44.0000,44.5000,39.5000,39.5000,13330400
40.7500,44.5000,40.7500,44.2500,2384500
45.2500,46.0000,43.5000,46.0000,1783500
45.7500,49.2500,44.5000,46.7500,2456800
46.0000,50.0000,46.0000,50.0000,1590000
49.2500,52.2500,49.2500,52.2500,6046900
51.5000,54.0000,49.5000,54.0000,3274400
49.0000,50.0000,46.0000,48.0000,31294100
49.0000,52.7500,47.9640,52.7500,10940800
53.0000,55.5000,52.2500,55.5000,6683000
54.2500,56.7500,53.0000,55.7500,3190800
55.5000,56.7500,53.7500,55.7500,3562400
55.5000,55.5000,54.2500,55.5000,5473700
55.5000,57.0000,54.5000,55.0000,3031700
54.0000,59.0000,53.5000,57.5000,4872100
57.5000,57.5000,57.5000,57.5000,0
57.5000,57.5000,57.5000,57.5000,0
56.2500,58.5000,52.7500,55.0000,4101400
56.0000,56.2500,51.2500,52.5000,4628800
51.7500,56.7500,51.7500,54.5000,2630200
55.5000,57.2500,55.0000,56.0000,4106800
57.0000,59.0000,54.7500,58.0000,5442400
57.0000,62.0000,56.7500,58.0000,8820300
60.5000,64.5000,58.7500,63.5000,12159400
71.0000,79.5000,70.0000,77.2500,15933900
81.0000,84.7500,79.0000,84.0000,12938300
84.5000,87.0000,82.0000,85.0000,6687000
84.0000,84.2500,81.5000,83.5000,5416900
85.0000,94.7500,85.0000,91.5000,11241600
93.0000,97.0000,89.5000,91.7500,12824800
93.0000,93.5000,90.2500,92.7500,2231800
92.7500,92.7500,92.7500,92.7500,0
94.0000,95.5000,92.2500,94.0000,6943900
92.2500,96.0000,91.2500,93.7500,9921900
94.0000,97.7500,93.5500,96.2500,10986000
95.2500,98.5000,91.6250,93.0000,7275400
93.0000,97.2500,89.0000,97.2500,10815700
97.0000,98.7660,95.2500,98.5000,7997900
98.7500,99.5000,91.7250,92.0000,11827200
93.0000,93.0000,86.2500,89.2500,10088000
90.2500,91.2500,86.0000,88.7500,4115300
89.0000,89.7500,85.7500,89.0000,12530500
88.0000,90.0000,88.0000,89.0000,3864800
90.0000,96.0000,89.7500,95.0000,13050300
94.0000,95.7500,92.0000,92.2500,9298200
93.5000,93.5000,91.2500,91.5000,3767300
91.5000,91.5000,91.5000,91.5000,0
93.0000,93.0000,86.5000,90.0000,2365900
91.0000,91.2500,88.7500,89.5000,3399300
88.0000,93.0000,85.5000,90.2500,6534400
94.0000,97.0000,92.0000,92.2500,4730100
92.0000,95.2500,91.2500,92.2500,4893000
91.5000,94.0000,91.5000,93.5000,2024400
94.2500,96.2500,90.0000,92.2500,15263000
87.5000,91.5000,83.5000,90.0000,57271900
88.0000,88.5000,85.0000,86.2500,5926000
85.0000,86.6450,80.7500,81.5000,5392200
82.0000,86.5000,82.0000,83.0000,2688800
84.5000,86.7500,83.7500,86.2500,4013800
85.0000,90.7500,84.5000,85.7500,2571700
84.5000,85.5000,82.7500,82.7500,4181000
84.2500,84.2500,77.7500,78.0000,4241000
78.0000,79.2500,75.7500,79.0000,4761100
78.0000,78.7500,75.0000,75.5000,6103400
76.7500,76.7500,72.2500,75.0000,4602000
75.5000,77.3310,74.7500,77.0000,12729500
76.2500,77.5000,73.0000,73.2500,6112900
72.0000,76.7500,70.5000,73.7500,34540300
74.2500,78.0000,73.7500,78.0000,7010500
77.7500,79.0000,75.0000,78.0000,11094200
78.0000,79.7500,76.7500,78.7500,4644700
79.2500,80.0000,77.5000,79.5000,5903900
79.5000,81.5000,79.5000,81.0000,6627500
80.2500,85.5000,80.2500,84.0000,7145300
84.2500,86.0000,82.2500,85.5000,6628300
85.5000,89.0000,83.7500,88.0000,31567100
88.2500,88.2500,83.7500,85.0000,5216800
85.2500,85.7500,81.0000,83.0000,5807900
82.2500,82.2500,79.0000,80.5000,6501500
81.2500,85.0000,80.7500,83.2500,4575000
82.7500,86.6000,82.7500,84.5000,7064500
83.7500,84.5000,80.2500,83.7500,5222600
84.5000,87.0000,84.2500,86.0000,2105100
86.2500,88.7500,86.0000,88.0000,5640900
87.5000,89.0000,87.0000,88.2500,6083700
89.5000,90.0000,87.0000,89.0000,4944400
88.7500,90.0000,88.2500,89.2500,2531400
90.0000,90.7500,88.2500,89.5000,11264500
89.5000,90.0000,87.0570,90.0000,6667200
89.5000,90.7500,88.5000,90.7500,6353400
89.7500,90.5000,87.7500,89.7500,3121100
90.5000,90.5000,84.5190,86.5000,2517300
86.7500,88.0000,83.9380,85.2500,2800100
84.7500,87.0000,83.5000,86.2500,2197300
86.0000,91.0000,84.0000,90.0000,4877700
89.0000,91.2500,88.2500,88.7500,4092800
89.0000,90.0500,88.7500,90.0000,4176300
89.4000,90.9000,88.4500,89.5000,2741100
87.5500,91.9500,87.5500,90.5000,2723400
90.5000,91.5000,88.4000,90.8500,2522400
90.3500,91.5500,88.7500,91.0500,2717600
90.4500,91.6000,88.5000,90.0000,3144000
90.5000,91.6500,85.8000,86.2000,3246800
86.9000,88.0000,83.1380,85.0000,2981000
84.1500,87.9650,83.3500,87.2500,3731900
88.5000,88.9000,86.4500,87.9000,1730100
88.8500,89.0000,81.4000,81.9000,518300
80.1500,83.8000,80.1500,82.0500,2003200
81.6000,83.6900,81.5000,82.0000,5918400
83.3000,83.9000,81.6500,82.3500,7242100
82.0000,83.1500,81.3000,82.5500,6162200
82.5500,83.3000,82.0000,83.2000,6603000
83.0000,83.0000,81.1500,82.7500,9407600
82.7500,83.5000,80.0000,80.3000,3638700
80.9500,83.6000,76.4500,77.5500,6815400
77.2500,81.8000,77.2500,79.5000,8779800
79.5000,79.5000,79.5000,79.5000,0
80.0000,81.9000,77.2500,77.2500,6571900
77.0000,80.8500,75.0500,79.9000,10023100
80.1000,81.4000,78.6890,80.0500,5042800
80.0000,84.2500,79.3250,83.6000,5205700
84.6500,87.0000,83.7000,86.0000,3754500
86.0000,86.8000,84.7000,85.3500,5819200
84.2500,87.5000,84.2500,86.1500,3705200
86.2000,87.0000,84.2000,84.7000,6799200
84.4500,87.2000,84.4500,86.4000,6004000
84.9500,86.2000,84.0000,85.0500,5689200
85.0000,86.0350,80.2500,81.5500,10773300
81.5000,84.3500,79.8500,80.9500,11440800
80.8000,83.5000,79.6000,80.0500,6522800
80.2000,81.2920,76.4000,77.0000,13048700
77.2000,79.0000,75.7000,78.3500,8345700
78.4000,79.8500,78.4000,79.1500,4295100
79.1500,80.4500,78.2000,79.7500,6920100
79.3500,80.5000,77.1000,78.0000,5700600
78.7000,79.0000,76.4000,76.8000,3613000
77.2000,78.9500,74.9710,77.9000,5647500
78.4500,79.3000,77.3500,78.6000,2714300
78.5000,79.9700,75.0500,75.9500,3805400
75.0000,78.7000,74.4500,74.8500,9861200
74.1000,76.0000,69.7910,74.0000,7112800
73.6500,76.7000,73.6000,75.9000,5587800
76.0000,79.4500,75.8000,77.6000,4481600
80.3000,80.8000,76.9000,77.6500,6338300
79.0000,81.0500,77.6000,78.0000,5081400
80.0000,80.9620,77.7500,79.0500,5384400
79.9000,80.7000,78.9000,79.2000,3014900
78.1500,79.4500,77.5910,78.3500,5703800
79.0000,80.3500,78.1890,80.0500,5887100
80.6500,80.6500,79.3540,79.8500,0
80.8500,81.6550,79.2000,80.9500,8634200
80.3000,84.3000,78.9600,82.6500,11816100
83.7000,84.5000,81.5000,83.1000,9513600
82.8500,88.5000,82.8000,83.1000,8213100
83.5000,84.9000,81.5000,82.6000,6914700
82.7000,85.0000,82.7000,83.8000,7487000
85.0000,86.3000,81.4000,81.6000,5776500
82.5000,86.0500,77.2400,84.3500,24200700
84.7500,85.1740,78.7000,79.5000,13596200
79.0000,80.5000,76.3500,80.0000,13574300
80.7000,80.7000,76.6370,77.9000,6292800
77.9500,78.9000,77.0500,78.4500,5000700
78.7000,78.7000,75.0500,76.3500,4776300
77.6500,81.9000,77.0000,80.9000,8327100
79.4500,81.3000,78.0000,81.0000,4492400
81.4000,82.4500,80.2500,82.0000,4311900
82.8000,83.6000,81.0500,82.7000,5790700
83.0000,83.8000,81.9000,82.5500,3998400
83.0000,83.0000,80.0000,82.0000,5172700
81.1000,85.3000,81.1000,85.2000,7110100
85.4000,87.5530,84.0980,87.1500,10330500
87.5000,90.0000,87.0500,89.5000,13137800
89.9500,90.0000,87.0000,87.6500,8287200
88.6000,88.9000,86.5500,87.2500,3918600
87.8500,87.8500,83.3500,83.6500,5504800
84.4000,85.4000,81.1500,84.0000,5436300
85.0000,85.7500,84.3820,85.4500,2584200
84.3500,85.1000,83.0000,83.3500,8024600
84.5500,84.7500,82.7000,83.7500,6812200
82.8500,84.0000,81.8000,82.5000,3261600
81.0000,83.7500,81.0000,82.7500,2581400
82.6500,83.5000,81.5500,81.8000,3733800
82.1000,84.8000,82.1000,84.3500,3015100
84.8500,85.0680,82.5170,83.6500,1750800
83.7000,84.9900,82.3000,83.5000,2382200
83.6500,84.9730,83.0500,84.2000,0
83.6500,84.8070,83.2500,84.0000,0
83.3000,83.6160,78.9000,80.0000,8537500
83.4500,83.4500,81.0500,81.6000,7331500
82.0500,84.3500,80.4000,84.3500,9085000
84.0000,85.3000,82.5500,82.8000,4983100
84.2500,84.3000,82.8390,83.8500,3418900
83.4000,84.8000,82.3000,82.5000,2959700
82.0500,84.2500,82.0500,84.1000,6221600
83.3500,84.2000,81.5500,81.7500,2632400
81.5000,81.9500,80.2000,81.2000,5949900
82.0500,82.7500,80.3500,80.9000,3429700
81.6000,82.4650,78.9000,79.0000,2604300
79.4500,80.0500,78.5000,78.5000,3326000
79.0000,79.9500,78.6500,79.9500,245600
79.9500,79.9500,79.9500,79.9500,0
78.6500,80.0000,75.7500,77.4000,5285500
79.0000,79.0000,76.8000,77.9000,2432900
77.5000,78.5000,77.4000,77.9000,2857800
78.1500,80.2500,77.5500,79.6500,5498900
80.5000,81.0000,78.7000,80.0000,10396200
80.5500,80.5500,78.0000,78.4500,5063700
78.7500,80.4250,77.4850,78.0000,7272600
78.5000,78.5000,75.2500,75.3000,27161400
76.6000,78.4500,75.5000,78.0000,11368800
80.0000,80.0000,73.4900,74.5000,15178900
73.8000,75.8500,73.2000,73.9500,10593600
74.0500,74.6530,70.2000,71.1500,0
71.0000,71.3670,67.1000,67.7000,10358600
68.0500,70.2000,66.7220,69.4000,0
69.3000,69.4000,67.0000,68.7000,7214700
69.1000,70.0000,68.4000,68.7000,4702000
68.8500,69.3500,66.0500,66.0500,5136300
66.0500,66.7500,64.2000,65.4000,4512800
65.2000,67.4500,64.4500,65.9500,4719600
65.8000,68.6630,65.1980,68.3000,7648400
68.0500,68.6380,66.3500,67.0000,0
67.5000,68.8500,67.5000,67.6500,13847700
68.3000,68.3000,66.2000,67.5000,5622000
67.0000,67.8500,66.4500,67.8000,2019900
67.9500,71.1000,67.0000,70.8500,5554300
71.5000,73.1500,69.2500,69.4500,8067500
76.2000,76.2000,76.2000,76.2000,6901700
66.0500,66.7500,64.2500,64.7500,4761100
65.3000,66.7500,64.2000,66.0000,3840800
66.2500,66.2700,65.2630,65.8500,3746300
66.9500,67.0000,65.5000,66.0500,1846300
66.1000,66.8000,64.4500,64.9500,3621100
65.2000,65.7500,63.2500,63.6500,3752100
63.8000,65.1500,63.6000,64.5500,3071000
65.6500,65.6500,64.3000,64.7500,3970800
67.7500,68.5000,66.2000,67.1500,7944200
67.5000,67.6000,66.5500,66.8500,7228300
66.4500,67.3500,66.2000,66.5000,5525200
66.0000,66.9500,66.0000,66.4500,3389500
66.2000,66.9300,62.7500,63.7000,10265300
63.3500,64.7500,62.8500,63.4000,6543600
63.0500,63.6000,61.5000,62.0500,8162700
62.2500,62.7500,61.4500,62.7500,3351700
63.5000,63.5000,61.0000,61.3000,3689500
61.5000,65.1000,61.1000,65.0000,8045800
65.1000,66.6900,63.8500,64.3500,4358700
65.9500,65.9500,64.1500,65.5000,4106900
71.8000,71.8000,71.8000,71.8000,4251500
65.5000,67.9000,65.5000,67.4000,2193500
68.3500,69.7500,66.0300,68.6500,4299800
68.5500,69.4000,68.5000,68.7000,4249900
68.0000,70.7500,68.0000,70.4500,6662000
71.0000,71.5000,69.5000,71.2500,5903800
70.9000,72.0000,70.6000,71.0000,3634400
72.1000,72.1000,69.7500,70.2000,6915300
71.0000,71.8400,69.9500,71.6000,3511100
71.8500,72.5000,71.2520,71.5000,4572800
72.4000,73.3500,71.7500,72.6500,11567200
72.1000,73.0500,71.9500,72.7500,6842500
73.2500,73.6000,72.1500,72.6500,6674100
73.4500,73.8500,72.9000,73.3000,5909300
73.9500,74.5000,73.3500,74.1000,3851900
74.5500,75.6000,73.5670,75.4000,3039200
76.0000,76.5500,75.1060,76.0000,3561100
76.6000,76.6500,74.8040,75.3000,5318700
75.7500,76.5500,74.5700,75.7000,7036800
75.8500,76.3500,75.2500,76.2000,7318300
76.2000,76.2000,76.2000,76.2000,0
76.2000,76.2000,76.2000,76.2000,0
76.5500,78.1500,75.6500,77.6000,8315900
77.8000,78.1500,77.0500,77.9000,5466600
77.7500,78.1500,76.2000,77.5500,7642600
77.9000,79.3500,77.7000,78.9500,3734800
80.0000,81.2460,77.4000,78.4000,8635900
78.1500,79.4000,75.3500,76.1000,11683500
76.5000,78.7500,74.9000,77.8500,9220400
77.8000,78.0500,75.7500,76.7500,7338100
76.2500,77.2900,75.6000,75.9000,4653600
75.5000,76.9000,74.2950,74.7000,6809600
75.0000,75.0000,73.6000,73.9500,7083400
73.6500,74.9000,71.7500,72.1000,6742700
72.2500,74.4500,68.7900,71.5500,8140100
72.0000,75.6010,71.4500,75.0000,5555700
76.4500,76.4500,74.3500,75.0000,4236600
75.2000,75.2000,71.3000,71.3000,9939900
70.6000,71.4570,68.2500,69.6000,6925500
69.5500,71.2740,68.5000,70.6500,6844000
70.6000,74.5000,70.2500,71.8000,5459300
71.8000,71.8000,71.8000,71.8000,0
76.2000,76.2000,76.2000,76.2000,0
68.1000,68.9890,65.1500,66.9000,10762200
66.5500,69.7500,65.2000,68.2000,11997000
67.6000,68.4000,64.1500,66.1000,9229100
68.4500,70.6000,68.2500,70.6000,6200500
70.0000,70.2670,67.6500,69.5000,4306700
69.5000,71.2000,68.5000,69.9500,5490800
70.9000,71.2000,69.0000,70.9000,5131800
70.4000,71.0280,66.7000,66.7000,6402100
67.0000,67.0000,65.8000,66.0000,6041100
66.2500,67.3000,66.2500,67.0500,4866300
66.4500,68.3000,63.5000,63.5000,16603300
63.4000,65.2000,58.9000,61.0000,10828900
61.2500,62.8000,59.4500,62.5500,6933000
63.3500,63.9000,60.3000,60.9500,4404600
58.5500,58.5500,57.0000,57.1000,7503600
57.5000,58.5500,56.8500,57.5500,8230100
57.9000,59.8500,55.9000,59.8500,4459900
60.0000,61.1000,59.1500,59.1500,5566800
59.1500,59.1500,59.1500,59.1500,0
57.7500,60.0000,57.1000,59.4500,5383300
58.3000,59.6500,57.4500,59.5000,4261900
59.8000,61.3460,58.8000,59.0500,3065100
58.7000,59.7800,56.4500,56.9500,5394600
55.0500,56.7000,55.0500,55.9000,4278100
56.6500,56.6500,53.7500,55.0500,9098900
55.2000,58.2000,55.2000,58.2000,3967500
56.6500,58.0000,56.6000,57.8000,3971300
58.6500,60.0000,57.7000,58.6000,3691700
59.7500,59.7500,58.2500,58.8500,2346500
58.9500,59.6500,58.4000,59.5000,3160200
59.5000,60.0000,58.3000,58.8000,4150100
58.6000,60.6500,58.5000,60.3000,5923000
60.0000,61.1000,59.5000,60.7500,5495600
60.7500,61.6500,59.5000,59.7000,3449300
59.0500,60.4500,56.7500,59.9000,6468100
59.7500,62.4000,59.4500,61.0500,3400100
60.3000,61.2500,59.3000,60.0500,6295300
61.4000,61.4000,53.5000,57.5000,5098200
58.0000,58.0500,56.5000,56.8500,3151000
56.6000,56.6000,54.6000,54.7500,5569400
54.5000,54.9500,51.9500,53.0000,6766900
52.3000,56.5000,52.2000,55.1000,8849000
55.2000,57.1000,55.2000,56.3000,5272000
56.9000,57.9000,56.5500,57.2000,3040100
59.0000,61.1500,59.0000,60.0500,4499500
59.1500,60.7000,58.1500,60.0000,3192600
61.4000,63.4000,61.0000,62.2500,7565400
62.1000,62.8500,61.0000,61.1000,1945900
61.0000,61.3000,59.8500,59.9500,1232100
60.2000,60.9000,59.0500,60.9000,3599200
60.6000,61.4380,59.2000,60.0000,2066200
60.2000,60.4000,58.2000,58.9000,5642000
60.0500,60.0500,58.0000,58.2500,3252800
59.8000,59.8000,57.0000,57.3500,2446300
58.1000,59.0000,57.5500,58.4500,2273600
58.4000,60.0000,58.4000,59.4000,4402900
59.8000,62.2500,59.1000,62.0000,3249800
61.1000,65.0000,61.1000,64.9000,5957000
64.8500,65.9000,64.0000,65.0000,2521400
65.5500,65.6500,64.6500,65.4000,2425600
65.6500,65.6500,64.2500,64.9000,4759800
64.5500,65.6000,64.0000,64.1000,2031200
64.5000,64.5000,61.2500,61.5000,2481800
62.4000,65.6500,62.0000,65.0000,3306500
64.4000,66.0000,64.3000,65.6500,1823300
65.1000,65.7130,62.3500,63.3000,8875000
64.3000,64.4500,62.4000,62.7000,2631800
62.1000,63.4130,61.7000,62.0500,2064100
62.3500,63.4000,62.2500,62.7000,1211600
61.9500,62.4300,60.0000,60.9000,1969200
60.7000,60.7500,59.1870,59.4000,5373100
59.0000,59.5500,58.0000,58.5000,2355000
58.5000,59.6500,57.3500,57.8500,2894400
58.4000,59.3000,56.8000,58.5000,4510700
59.0000,59.3500,58.4000,59.0000,1687400
58.4500,58.9280,57.6500,57.8000,912100
58.5000,59.9100,57.2500,58.2000,2596200
58.6000,58.6000,56.7000,57.0000,1962900
57.0000,57.7000,56.3500,57.2500,4252600
56.6500,58.1500,55.8500,56.1000,3979100
56.3000,56.8000,55.0500,56.0500,2409200
57.0000,57.5000,55.7500,57.1000,3021400
57.2500,58.7560,56.0000,58.7500,4480400
58.7500,58.7500,58.7500,58.7500,0
57.2000,58.9130,57.2000,57.7500,2655200
58.2500,60.5500,57.2500,60.3000,3698000
59.5000,61.6000,59.5000,61.0500,3511300
60.7500,62.0000,60.7500,61.3500,2925200
61.1000,62.4500,61.1000,62.0500,1867300
62.0000,62.0500,60.7000,61.8500,4247700
61.8000,62.8500,60.7000,62.7000,4405700
62.7500,63.5500,61.8000,63.3500,2499500
62.5500,63.6500,62.5400,63.1500,2407700
63.2000,65.0000,63.2000,65.0000,4589800
65.1000,67.7500,64.7000,67.2000,9875700
67.2000,68.2000,65.3000,66.3000,6372400
66.6500,67.1000,65.8000,66.5000,2201100
67.3500,67.3500,65.9500,66.3000,6555000
66.5000,67.0500,65.6000,66.8000,4014000
66.4500,67.0500,66.2000,66.4000,4035000
66.7000,66.7000,63.9000,64.6500,3960600
65.5000,65.5000,64.0500,65.0500,2448900
65.1500,65.9500,64.3500,65.6000,2200400
66.1000,66.9000,65.5500,66.3000,4179400
66.3000,67.0000,65.5500,66.9000,7493400
67.0000,67.0000,65.2000,66.2500,3717000
65.4000,66.2000,64.7500,65.3000,4236600
65.7500,67.0000,65.7500,66.5000,11712100
66.7000,67.3000,65.7000,66.9000,4258500
66.7500,67.2000,66.4000,66.8000,5572000
67.0000,67.7000,66.6500,67.3500,5620500
67.7000,68.6800,66.5000,67.8000,6853300
67.2500,68.2000,67.2500,67.8000,2152700
68.2000,69.4000,67.8000,68.9500,4469400
69.0000,71.3000,67.9200,70.6500,5639600
70.8000,72.0000,68.5600,71.8500,3011800
72.0000,72.0000,70.0000,70.9000,3669400
70.9000,71.5000,69.2500,71.5000,4113600
71.4000,74.8000,70.3500,72.8500,4425500
73.1500,73.2600,71.6000,72.8000,3642600
71.1500,73.1790,71.1500,71.5000,3681500
72.0000,78.1900,71.5000,76.5000,16016900
79.0000,79.0000,75.0000,75.0000,7606500
76.5000,77.5000,75.0000,76.7500,5554200
76.7500,78.9500,76.1500,77.4000,5058000
77.0000,78.4500,73.0000,75.0500,6439100
75.1500,75.8500,74.3500,74.9500,5372700
74.9000,76.6500,74.2500,76.3500,4232900
76.3500,76.7500,74.7500,75.0000,3186500
75.3000,76.5230,74.5500,76.5000,4162400
76.9000,76.9000,74.4000,75.4000,7772200
75.1500,76.5500,74.7000,75.6000,7251000
76.4500,76.4500,74.3500,74.9500,5527300
74.7500,75.6000,73.4000,74.1500,2906600
74.5000,75.0000,73.4520,74.9000,2530900
75.1000,75.1500,71.1500,71.8500,6058700
73.0000,73.0000,71.0000,71.5000,4330400
70.6000,71.5500,70.0000,71.2500,3456500
71.1000,71.3500,70.0860,71.1500,3464800
71.0000,71.0000,69.5500,70.0000,3353300
69.5000,70.4500,68.7000,69.4000,3626600
70.1500,72.1000,69.5500,71.4000,2675800
71.0500,72.4000,70.0000,70.4500,3594900
71.0500,72.0000,69.7500,70.7000,4692900
70.2000,71.6500,70.1000,70.1000,3448200
70.5000,71.7500,70.0000,71.2000,2338300
71.4000,73.5500,71.1500,73.2000,3249100
73.2000,75.4000,72.2500,74.1000,8684500
74.3500,74.4500,70.8000,72.0000,2623300
72.3500,72.4500,70.3500,70.5000,3365300
70.7500,71.7000,70.2500,71.4500,1547900
72.0000,74.6500,71.4000,74.1000,2432200
74.6000,74.9500,73.4500,74.7000,1549800
74.9500,76.0300,73.5820,75.7000,1464300
76.6500,76.8500,74.4000,74.8500,3532300
74.7000,74.7950,73.3500,73.7500,2929200
74.5000,74.5000,70.4500,70.9000,6427500
71.3000,71.4500,70.6500,70.8000,2537600
71.4500,71.7000,70.7500,71.2000,2529000
71.8500,72.4500,71.1500,71.6000,2895700
71.0000,71.9000,71.0000,71.7000,2362700
71.9500,72.3000,71.0500,71.9500,2891800
72.6000,72.9500,71.7500,71.9500,4056800
72.2500,72.2500,69.9500,70.8000,3923400
71.2000,71.2500,70.1500,70.7000,1946900
70.7000,71.0000,69.6000,70.1500,1813600
70.5000,71.8000,69.6650,71.6000,1219200
71.5500,71.9500,71.1000,71.7500,107300
71.7500,71.7500,71.7500,71.7500,0
70.0000,71.7500,70.0000,71.5500,1022900
71.4000,71.9000,70.5000,71.7500,841900
72.0000,72.0000,70.5500,70.8000,767600
72.2500,73.4500,71.3500,72.9500,1850800
72.6000,74.5000,71.3500,74.3500,1886300
74.7500,74.7500,71.6310,73.3500,5924500
73.0000,76.0000,72.3900,74.2000,5127200
74.1000,74.6500,72.9000,73.2500,5345100
74.0500,74.0500,70.0500,70.8500,10553800
71.9500,72.0000,70.1500,70.3000,3335900
70.5000,71.0500,67.9500,68.5500,6750700
68.6500,68.8500,67.7000,67.9500,4058100
68.6500,69.4000,67.5500,69.0000,5873200
68.7500,70.0500,68.5500,69.7500,2612600
69.5000,69.9500,67.3000,68.0000,4210700
67.5000,68.0500,66.5000,67.0000,3387000
68.0000,68.0000,68.0000,68.0000,3090700
68.2500,69.0000,67.4500,67.8500,1745000
68.0000,68.0000,66.0500,67.1500,2483000
67.3000,68.3000,66.0000,66.1500,4575500
66.3000,68.5000,65.5450,67.8000,5059800
68.0000,68.6000,64.4000,65.5500,9601300
65.4500,65.8500,64.7500,65.7000,7298900
66.0000,67.9500,65.3000,66.7500,6117400
67.1000,67.5000,66.3800,67.0000,2932300
66.7500,67.6000,65.7500,65.9000,3685600
66.4500,66.7500,64.9500,65.0500,3584000
65.2500,66.1000,64.9840,65.7500,5063500
66.0000,66.5000,65.2750,66.3000,5018400
66.8500,67.1000,65.7000,66.3500,3352700
66.5500,66.5500,64.5500,65.1000,3315300
64.7000,65.2000,64.3000,64.7000,2584900
65.2500,65.2500,63.5500,63.8000,247400
64.4000,64.6500,62.8500,63.8000,2873700
64.0000,64.5000,63.4000,63.7500,7077500
63.4500,63.8500,63.3500,63.5500,1516500
63.8000,63.8000,61.9000,62.0000,5421100
62.2000,63.0000,61.8000,62.3500,5493700
61.7500,62.7000,60.3500,61.9000,5646100
61.9000,62.6500,60.8500,62.0000,2382900
61.8000,62.7500,61.7000,62.1000,4277700
62.7500,63.5000,62.1000,62.8000,3070500
62.8000,63.4000,62.4500,62.7500,4578700
63.3000,63.3000,61.1000,61.3500,6894100
61.0000,61.7880,59.5500,60.9000,6612100
62.1000,62.1000,59.5500,59.9000,3815300
60.0000,62.9500,60.0000,61.1500,4869200
61.3000,61.9000,60.2790,60.3000,3508300
60.2500,61.0000,59.5500,59.9000,2823000
60.0500,61.0000,59.8080,60.1500,3165600
60.3000,61.0000,58.1000,60.1500,3641500
60.2500,60.9000,59.4000,59.7000,3401600
60.0000,60.3000,58.3500,58.7000,4001400
58.0000,61.9500,58.0000,58.1310,10505600
58.5500,59.3500,55.8500,58.3820,5524800
58.1500,59.8950,57.3500,59.0000,4291900
60.0000,60.6500,59.1500,59.8500,5043500
60.0000,60.9500,59.7500,60.6000,2445300
60.6500,60.9000,59.1500,59.6000,4958400
59.7000,60.5500,59.2500,60.3000,3584000
60.4500,63.8870,60.5000,63.1000,6004000
62.5420,63.4000,62.0500,62.7000,2404800
63.0000,63.1000,62.3000,62.5000,1883300
62.7000,64.4000,62.5000,63.1000,3492400
63.6500,63.6500,61.0000,61.1500,3640600
61.1500,61.1500,58.4000,59.2000,5892800
59.7000,61.9000,58.9500,61.7000,6383900
61.7500,61.7500,60.5500,61.5000,3336600
61.6500,61.8500,60.5000,60.8500,2590400
61.7000,63.5500,61.5500,63.0000,8234500
63.3500,63.3500,61.7830,62.4500,3455500
62.3000,63.9000,62.3000,63.4500,3784000
63.5500,64.5000,63.0500,64.3500,2888300
64.0000,65.4000,63.7500,64.9000,5632500
65.0000,68.1680,64.9000,66.8000,6915200
66.5000,70.0000,66.0000,66.5500,7301500
67.4500,67.4500,66.0000,66.7000,6527600
66.9500,67.0000,65.0000,65.5500,3646400
66.1000,67.3500,64.4000,66.5000,4561400
66.3000,67.2000,66.3000,67.0000,4232000
67.4500,68.8000,67.0000,67.8500,10172700
68.2500,68.4500,67.0160,68.2000,6365100
68.3000,68.5070,67.1500,68.5000,2714900
68.5500,68.5500,67.7500,68.1000,2621000
68.0500,68.2500,67.1000,67.8000,3403100
68.4500,72.0000,68.0000,70.9000,8316200
71.0000,71.5300,70.1000,70.4000,4164600
70.6000,71.0000,70.0000,70.6500,5666200
70.7500,71.4500,69.9000,71.1500,3646700
71.0500,72.5000,70.9000,71.6000,2714000
71.9500,73.2000,71.0500,72.8000,4671500
72.4500,72.9500,71.5000,72.6000,2234000
72.3000,73.0000,72.0500,72.5000,3426300
72.1500,72.6000,70.7000,72.1000,3071500
71.9500,72.0000,71.0000,71.3000,2267900
71.5000,71.9500,70.9500,71.2500,2534400
71.4500,72.3500,71.1500,72.2500,3641700
72.1500,73.1500,71.9000,72.4000,3375200
72.1000,72.4000,71.3000,72.0000,3417900
72.2500,72.2500,71.5000,71.6500,5141300
71.5500,72.8000,70.7330,72.3500,4684500
72.7000,74.0000,72.1000,72.8000,5613700
73.7500,76.0000,72.9000,74.1500,6088800
74.6000,75.7500,73.6000,74.8000,5300100
73.8000,73.8500,72.1500,72.6000,5138200
71.8500,72.4000,69.6500,71.5500,4410800
71.8500,72.2000,70.5000,71.3000,2757300
71.1000,72.1500,69.3000,70.3500,4182100
70.5000,70.6500,70.1500,70.4000,3351300
70.3000,70.5000,69.2000,69.3500,3639200
69.0000,69.1000,67.0500,67.7500,3173300
67.6000,69.1500,67.2500,67.8500,3948700
68.0000,69.0500,67.4500,67.6000,1605900
68.0500,69.1000,67.5500,69.1000,1902800
69.1000,69.5500,66.9000,68.0000,3279200
67.5000,67.9000,66.0000,67.9000,4238400
67.0500,70.0500,67.0500,68.9500,7529900
68.6500,69.5000,67.3500,68.1000,2777100
68.2000,70.4000,68.2000,69.0000,1975700
69.1500,70.0000,68.8000,70.0000,5371500
69.4500,69.9280,69.0000,69.7000,1351200
70.5500,72.1500,70.1500,70.5000,3593100
69.9000,70.6500,68.9500,69.9500,1837400
70.1500,70.2500,68.7000,69.0000,3626500
69.3000,69.5000,68.2000,68.3500,3448100
68.8500,69.7000,66.7000,69.0000,5274400
69.3000,71.9500,68.5000,69.9500,3698200
70.1500,70.9000,69.5000,69.5500,2810900
69.7500,70.9500,69.6000,70.5000,3854200
70.6000,71.1000,69.4500,69.9000,3427500
70.1000,70.1500,68.7500,69.3500,5287800
69.5500,70.4000,68.0000,68.9000,3523400
68.4000,68.9500,66.7000,67.5500,2373700
66.9000,69.0000,66.0500,68.1000,4444700
68.0500,68.0500,66.2000,67.1000,1886000
66.8000,67.0000,65.6000,65.8000,1647200
65.7000,66.9000,65.3500,65.5000,2115700
65.2500,65.5000,63.2000,63.8000,1413900
64.1000,66.7000,63.7450,65.7000,7039700
66.0000,66.3000,65.0000,65.2000,2111500
65.3000,66.1500,63.4000,65.4500,2581200
65.8500,69.6500,65.8500,67.0500,3365500
67.4500,67.4500,65.8500,66.3000,1852800
66.2000,67.0500,65.8000,66.3000,1921800
66.2500,67.0000,64.7500,65.0500,1406200
64.5500,67.3000,64.5500,67.2500,1909700
66.5000,67.9000,66.3500,66.7500,3069500
67.9000,68.0880,65.7500,65.8500,3005900
65.4500,65.4500,62.8000,63.2000,2726000
62.8500,63.1500,61.3500,62.5500,3952100
63.2500,64.2000,60.1000,60.9000,3276000
59.7000,64.9500,57.8000,61.4000,5185000
60.5500,63.3500,58.2000,58.5000,4067000
58.5500,60.2050,53.3500,59.7500,9307500
59.8500,61.8500,56.7000,57.0000,5308100
58.4500,60.5500,54.8000,59.5500,6546600
59.3500,61.3500,58.7500,60.9000,3287100
60.9000,62.0000,60.1500,61.0500,1177600
60.0000,60.7500,58.9500,60.2500,2157300
60.5000,60.7000,59.5000,60.3500,1536800
59.1000,59.8000,55.3000,56.9000,3888700
56.4000,57.3390,53.8000,56.5500,3525100
55.6500,58.4000,55.6500,57.5000,1364600
57.8000,59.4500,55.3000,56.6500,1620800
57.1000,58.7000,56.4000,56.9500,2739400
56.5500,58.4000,55.3500,55.5500,2069800
55.5500,56.0500,53.4500,54.5000,1524700
55.2500,55.9500,52.2000,52.9500,2794700
53.7500,55.4500,53.0500,53.5000,3162900
55.3500,55.3500,52.4000,53.9000,3308800
53.8000,54.4000,52.2000,54.4000,4195500
53.5500,53.5500,51.6500,52.3000,1639700
50.3000,53.9500,50.3000,52.9000,3331400
52.8500,55.1000,52.6500,54.4500,3496400
55.5000,56.7500,54.7000,55.7500,2182700
55.7000,55.8500,52.6000,53.4500,2390500
52.9500,52.9500,50.8000,51.2000,3111100
51.6000,53.7000,51.1000,52.4500,3768000
52.7500,57.2000,52.4000,56.1000,5410700
56.7500,60.3000,56.4000,59.0500,6396500
59.5500,61.2500,58.7000,59.6000,3935200
58.7000,59.8500,58.3000,59.3000,2746600
61.0000,62.8500,57.6000,58.5000,6458800
59.2000,59.2000,56.0000,56.0000,3403000
55.2500,56.0000,54.1500,54.9000,4871800
56.0000,56.5500,54.2500,55.9500,2065400
54.7000,59.6000,54.7000,57.3000,2822800
58.6500,59.9000,57.6000,58.4500,2717700
58.5000,59.7000,57.6500,59.0000,1539000
58.9500,59.0000,55.1000,57.5000,4179400
57.2500,57.3000,55.7500,56.3500,2076900
55.6500,58.8500,54.5490,57.3500,2896500
56.6500,59.5500,55.8000,58.6000,7623900
59.9000,59.9000,55.8500,56.7500,5779400
57.4000,59.6000,55.5000,58.5000,7540700
59.2500,62.9500,58.0000,62.8000,11952000
62.9000,64.6000,62.5500,64.3000,3095600
66.2000,66.7500,64.1220,65.2500,5501200
65.2000,66.7000,64.4500,65.9500,5921800
66.0000,66.8000,64.1500,64.7000,3152300
65.2000,65.5000,63.3000,65.0000,2113200
65.2000,65.2000,63.3000,64.1500,2078000
63.3000,65.0000,63.2500,64.2500,1820700
64.0500,65.0000,61.8000,62.7500,3553800
64.0000,69.8500,62.0000,67.6000,13580800
67.5000,69.5000,66.8500,68.9000,3220600
67.9500,69.6500,67.3000,68.5000,9591000
68.7000,69.2500,67.1000,68.3000,2586000
68.5000,69.2500,67.3000,67.8000,5544800
69.8500,69.8500,67.7500,68.0000,6010700
68.3500,68.9000,65.5500,67.5000,2878900
67.3500,68.2000,65.0000,65.0000,2328400
67.9500,68.3000,63.0500,64.4500,4606300
65.0000,66.3500,62.8000,64.8000,5179700
64.1000,65.8500,63.6500,65.4500,5595500
65.9500,66.0000,63.7500,64.6000,2280900
64.5500,65.8500,63.0000,65.4000,3009200
64.8000,66.6500,63.9000,64.1000,1937600
64.5000,65.2500,61.8000,65.0000,7149600
63.8500,65.8000,62.5500,63.5000,3507200
63.8000,64.7000,63.2500,63.5000,2751300
63.0000,65.2500,63.0000,65.0000,2876100
64.7500,65.3500,63.6500,64.6500,3288700
64.6500,65.6000,62.1500,62.5000,4136700
62.4000,62.4000,60.1000,61.6500,3845600
61.0000,62.2500,60.3000,60.7000,3323500
60.8500,60.8500,58.0000,58.4500,2921900
59.0000,59.8000,57.4000,57.9000,2371200
57.8000,58.3500,56.3500,57.1000,5089000
57.1000,58.2350,56.4000,57.1000,2183600
57.0000,57.2500,55.5000,56.7000,2608600
57.0000,59.9500,56.3500,59.3500,3282900
59.5500,61.8500,59.1870,60.0000,3584500
60.0500,63.6500,58.7500,63.6500,8380500
64.0000,64.2000,61.8000,62.4000,4223800
62.2000,64.9500,60.6000,64.4000,3602000
64.4500,65.2000,64.0500,64.5000,2508300
64.1000,64.4060,62.5500,63.2500,2321900
61.9000,62.8500,59.0000,59.8500,6209000
60.4000,60.4000,57.8000,58.4000,3710000
58.3000,59.7500,58.3000,59.0000,3629200
59.1000,59.8000,57.4500,57.9500,4319000
57.9500,59.3500,56.9500,58.3000,3850900
57.9000,58.6000,57.0500,57.1500,4056000
57.0500,57.7000,56.3000,57.0000,3236300
57.0500,57.6140,56.2000,56.6000,3907400
56.4500,57.1500,55.9500,56.5000,1347700
56.2500,56.9500,55.8500,56.7500,1685500
57.0000,57.7000,55.9500,56.4000,2370500
56.8000,57.4500,55.6500,56.5000,1455200
56.6000,57.7500,56.5500,56.6000,741700
56.6000,56.6000,56.6000,56.6000,0
56.6000,56.6000,56.6000,56.6000,0
57.4500,59.3000,56.7000,57.4500,1466300
57.6500,57.8500,56.1500,57.5000,693600
57.5500,58.5500,57.5000,58.5500,429600
58.5500,58.5500,58.5500,58.5500,0
59.2000,60.1680,58.2000,59.8500,1832400
59.4500,61.0000,58.3500,58.8000,2582300
59.0500,59.1500,57.1000,57.7000,2409100
57.2500,58.9000,56.5000,58.5500,1423300
56.0000,58.2500,55.8700,56.9000,7293500
60.2500,64.0500,58.5000,62.0000,12703300
62.5000,63.1800,61.2180,61.9000,2600200
59.3500,63.0500,59.3500,62.8000,4100200
62.9000,63.8000,61.9000,62.6000,2201800
62.5000,63.5180,60.5130,62.7000,1044700
63.4500,64.6000,61.8500,63.6500,2154400
63.6000,64.0000,63.1000,63.7500,3446600
63.8000,64.2000,63.2500,64.0000,7055100
64.2500,65.9500,63.6500,65.8500,2704900
65.6000,67.8660,64.3630,66.0000,2021500
65.6000,66.6000,64.9500,65.3500,3647700
65.7500,66.8000,65.2000,65.3500,2346800
65.8000,68.5000,65.2000,67.8500,2784300
67.7000,67.8500,66.3500,66.9500,3690400
66.4000,67.0000,65.5000,66.4500,2753700
66.8000,67.8500,65.7500,67.8000,3942000
67.8000,70.7500,67.6000,70.4500,4160400
70.2000,71.3500,69.6000,69.9500,5189600
70.4500,71.0000,69.3000,70.7000,5620400
70.5500,71.5500,69.3000,71.4000,1751700
71.5000,71.5000,69.3500,69.9000,3066500
70.2500,70.2500,68.1000,68.6500,5356600
69.0500,71.0000,69.0500,70.0000,3176400
69.4000,70.4000,68.8000,69.5000,2927300
69.8500,70.5000,68.9330,70.3500,953600
70.0000,70.1000,68.7500,69.3000,2091300
69.5000,70.2000,68.9500,70.0500,3605300
69.7500,69.7500,68.1000,69.2500,2148800
69.4000,71.3500,68.6500,70.8000,3435300
71.2000,71.4500,70.7000,71.3500,2771600
70.9000,72.9500,69.9000,72.0000,4277900
71.9000,73.3000,71.0500,72.8500,9361400
72.7000,73.8000,72.3500,73.4500,3153500
73.6500,75.0380,73.0720,74.2500,5204700
73.8000,75.2500,73.7000,74.4500,4221000
74.5500,74.8230,73.5500,74.3500,3805900
74.6000,74.6500,73.3500,73.8000,1396100
73.6500,74.1190,73.3500,74.1000,3190600
74.2000,74.7000,73.7000,74.4000,1273600
73.9000,74.3110,72.3500,72.9000,1559000
72.6500,72.9000,70.5500,71.7500,1962400
71.7500,72.0000,70.6000,71.3000,3606600
71.4500,71.9000,70.1000,70.1000,4406700
70.2000,71.3000,70.0130,70.8500,3360700
70.8000,72.0000,70.6600,71.2500,2122500
71.3000,75.3500,71.3000,74.5000,4451800
75.0000,75.4500,72.1500,74.7500,4357800
74.8000,75.6500,74.2500,75.2500,2664300
75.3000,78.2000,75.2360,75.7500,6817700
75.5000,76.5000,74.3500,75.7000,4358600
75.5000,77.5230,75.0000,76.5500,7290300
78.4000,80.4000,76.7150,78.3000,10472900
78.2000,80.0130,77.5230,79.9500,6868400
80.1500,80.4500,78.0000,78.5000,7726800
79.0000,82.2500,79.0000,81.9500,6198900
82.5000,83.9000,80.8000,82.6500,5232300
82.4000,82.9500,81.0500,81.7000,4154900
81.4000,81.5500,79.4000,80.0000,5560500
80.5500,81.3000,80.0500,80.8000,4765400
81.2000,82.2100,80.3000,80.7000,8407800
80.0000,80.8500,78.1500,80.6000,9167100
80.1000,80.3420,77.8500,78.4500,6876500
78.8500,79.8000,77.8000,79.6000,4459400
79.6000,79.6000,79.6000,79.6000,0
79.6000,79.6000,79.6000,79.6000,0
78.7000,78.9500,77.5500,77.8000,4858500
77.5500,78.3000,76.5000,78.2000,8735200
77.9000,79.7080,77.9000,79.7000,9154000
79.6500,80.0000,78.7500,79.3000,5637300
79.1500,80.4500,78.5000,79.8000,3996100
79.1000,81.0000,79.0000,80.6000,3340300
80.6500,81.1000,80.0000,80.5000,3486000
82.1500,82.8500,80.5000,81.1500,5523900
81.9000,82.7000,80.6500,81.0500,10028300
80.7000,81.4500,79.5500,79.9000,4659800
80.0000,81.1000,79.2000,79.5000,6451100
80.0000,81.2500,79.6000,81.0500,8355600
81.5500,82.9500,80.9000,81.3000,9045300
81.0000,82.2580,80.5000,82.2500,5618300
82.2500,83.1500,81.8500,82.6000,4069200
82.1000,83.8000,81.3500,83.5500,4106300
84.1000,85.1500,83.3000,84.2000,8347300
84.1000,85.7500,84.0500,85.4500,6691800
85.0000,85.1000,79.7500,80.4000,13201400
80.4000,80.4000,80.4000,80.4000,0
80.2500,80.2500,75.4000,75.4500,8699400
75.9000,77.8500,74.7780,77.8500,7605500
78.0000,78.3500,76.5000,76.9500,6483900
78.5000,81.0500,78.4000,80.8000,10146300
79.8500,80.0370,76.5500,77.3000,5906300
77.6500,78.4000,76.3500,76.4500,3229200
76.0000,76.0500,74.5500,75.0500,5206000
75.0000,75.7000,73.0000,74.1000,4017600
73.7000,73.7000,71.9000,71.9000,4342200
72.1000,73.8000,71.4500,73.4000,3757900
73.1000,74.7500,73.0500,74.0000,4191200
73.4000,73.7500,72.5500,73.0000,3974500
73.6000,74.6000,73.0000,74.3500,2565100
74.5500,75.0000,73.6500,74.6000,3290000
74.2000,75.6000,74.2000,74.7000,2160700
75.0500,76.3000,74.9000,75.9000,2688400
75.4000,76.6000,74.9500,76.4000,4955700
76.8500,78.0000,76.3500,77.4500,5324700
77.2500,77.6500,75.2000,75.8000,4620200
75.8000,75.8000,75.8000,75.8000,0
75.8000,75.8000,75.8000,75.8000,0
75.8000,76.3000,74.2500,75.0000,6376500
75.8000,77.8500,74.8500,77.8500,7178700
77.7000,78.0500,76.5500,77.6000,3167700
79.1500,80.3500,78.8000,78.8000,3635700
78.7500,79.1950,77.9500,78.2000,5292500
78.6000,79.0000,76.9000,77.9500,3130700
77.8000,79.1500,77.2000,78.3500,3547000
78.5500,79.5000,78.4000,79.0000,5539900
79.4500,80.5000,78.4000,79.8000,2630700
80.1000,83.1500,79.5000,82.6500,4534900
82.7000,84.6500,82.1500,84.6500,4602300
84.5500,84.5500,82.9000,83.3500,3721100
82.0000,83.1500,82.0000,82.6500,4599500
82.5500,82.5500,81.6500,81.6500,7559500
81.5500,82.4000,81.1000,81.4000,5405400
81.4500,83.8500,81.3500,83.2500,4150000
82.3500,84.9500,80.8500,84.9500,9282700
86.0500,86.9500,85.2000,86.5000,7331800
86.6000,86.7500,84.5500,86.2500,4892600
86.3000,86.8500,85.1500,86.8500,4439600
87.0000,87.6000,86.6000,87.0500,4025800
87.3000,88.0000,86.7000,87.5500,3685200
87.2500,87.8000,85.5950,86.5000,3487000
86.8000,88.0000,86.1230,87.7500,4104200
87.9500,89.9000,87.6000,88.9000,4627700
88.3000,88.7000,87.1000,87.7000,2600700
88.4000,88.4000,86.3000,86.6500,3309300
86.8000,89.3500,86.7780,89.1500,3807400
89.2500,89.8500,88.4000,89.2000,2518300
89.1000,89.6500,86.4500,86.9500,3567500
87.0500,88.7000,87.0500,88.6000,2189400
88.7500,90.5500,88.7500,90.5500,2626100
90.2500,90.9500,89.8000,90.0000,3501300
89.5000,89.5000,87.0000,88.1500,2739800
88.6000,89.0000,87.4000,88.4000,2029200
88.0000,89.4530,87.9500,88.8500,1744600
88.7500,91.4500,88.7500,91.3000,2152200
92.0000,93.1500,91.2500,92.7500,3577300
92.7500,94.4500,92.2000,93.6000,3767700
93.9000,94.1500,91.8000,91.9500,3117900
92.1000,95.0500,92.1000,94.1000,3197400
94.3000,94.3000,92.0000,92.1000,1661700
92.1500,93.9500,90.9880,93.4000,2831800
93.3000,94.9000,93.0000,93.1000,2180300
93.3500,94.0000,92.1500,94.0000,3043300
93.6500,94.4000,92.8500,94.2500,2172300
94.5500,94.5500,93.3500,94.5500,1411700
94.0500,94.6500,93.9500,94.3000,1272100
94.4000,94.9000,93.8500,94.5500,822100
95.0000,95.0000,94.0000,94.7500,2446200
94.4000,95.6500,94.1000,95.0000,1583900
95.0000,96.4500,94.0500,94.5000,2301500
94.7500,94.9000,94.2000,94.6500,2314200
94.8500,95.0500,93.9360,94.5000,1875300
94.9500,95.0000,93.9000,94.5000,2607600
94.2000,94.3500,93.0500,94.2000,2533400
94.5000,94.6500,93.2500,94.6000,2997700
92.9500,95.2000,92.9500,94.7500,3371200
94.7500,94.7500,94.7500,94.7500,0
92.0000,94.7500,91.3000,94.4000,3128900
94.1000,95.8500,94.0000,95.7000,4540300
96.0500,96.3500,95.2500,95.6000,3699100
95.5000,97.0150,95.0500,96.5000,2808900
96.0500,98.6000,94.2500,97.9500,3802900
98.2000,98.2000,96.6000,97.4500,3106700
96.0500,97.5000,95.9000,96.8500,9847100
96.5500,98.8500,96.2500,98.5000,7799000
98.8500,100.4000,98.3000,100.4000,5585100
100.0000,101.3600,99.8500,100.0000,6134300
99.5000,99.9000,98.9000,99.5500,4461400
100.0000,100.9000,99.3000,100.0000,3820400
99.6500,100.0000,96.2000,98.2500,15207300
99.8000,100.8000,99.2500,99.5000,4055000
100.8000,100.8000,98.6500,99.4500,5258900
100.3000,101.1000,98.4000,99.4500,10343900
98.5000,103.5000,98.0500,102.9000,10123700
102.2000,103.4000,101.6000,102.9000,3422100
103.2000,104.6000,102.4000,104.0000,7285100
103.5000,103.7720,102.6000,103.1000,1807400
102.8000,103.2000,102.0920,102.8000,2541300
102.0000,103.0000,101.7000,102.1000,1910700
102.2000,102.3000,101.3000,101.9000,1675200
102.4000,103.5000,101.9000,102.4000,2314900
102.2000,103.4000,101.8000,102.4000,3174600
102.0000,103.5000,101.8000,103.0000,3921400
103.1000,103.9000,101.9000,103.0000,5984900
103.3000,106.0000,103.0000,105.5000,7858900
105.5000,106.0000,104.8000,105.9000,5087800
105.4000,105.7000,104.3000,105.0000,4106000
105.3000,107.6000,105.0460,107.2000,5100200
106.8000,107.3000,106.2000,107.3000,4384500
107.1000,109.1000,107.0000,108.2000,5144900
107.8000,109.3350,107.8000,108.6000,2725300
108.0000,109.7000,108.0000,109.2000,7215600
109.8000,111.5800,109.5800,111.3000,9712000
111.3000,111.8000,110.5000,111.3000,9647700
111.1000,112.8000,110.9000,111.9000,3120300
111.3000,112.4000,110.0000,111.5000,2020900
111.8000,112.2000,110.2800,111.5000,2524900
111.3000,111.9850,110.5000,110.6000,3314900
110.6000,111.1000,107.8200,109.0000,9440700
113.0000,120.0000,112.5000,119.0000,23477900
119.0000,119.5000,116.2000,116.6000,7450700
115.1000,118.5390,115.1000,117.6000,6873500
117.9000,120.1360,117.0000,119.7000,4908900
119.4000,121.3000,118.9000,119.7000,5785700
119.5000,123.9000,119.5000,123.7000,6448200
123.3000,124.8000,118.8520,120.0000,10628700
120.6000,120.6000,118.3000,119.7000,2623700
119.8000,121.1000,116.5380,120.7000,2911000
121.3000,122.3000,118.8000,118.8000,3834100
119.1000,121.0000,118.7000,119.7000,2560300
119.1000,119.7990,116.0000,117.6000,3720500
117.6000,117.9000,111.3200,117.7000,3039000
117.7000,120.6000,117.3000,120.0000,7883200
120.2000,120.2900,117.7000,118.0000,4995000
117.4000,117.4000,116.1000,116.3000,4150900
116.0000,116.4000,113.4000,113.7000,2756700
114.1000,116.4000,114.0000,115.5000,2823400
114.8000,116.8000,114.8000,116.0000,4140700
116.4000,116.4480,112.6000,113.0000,5813900
112.6000,114.5000,112.6000,114.2000,2856000
114.6000,116.2000,113.6960,115.1000,1929000
112.5000,114.6000,112.1550,112.9000,4273000
113.3000,114.2000,112.0000,113.5000,2741000
115.2000,118.7550,114.5000,116.9000,6681000
116.7000,118.6000,116.2000,116.8000,3032100
116.7000,119.0000,116.0000,117.9000,5545300
118.0000,118.5550,116.3000,116.9000,3815600
116.8000,117.2890,115.1000,115.5000,2611500
113.4000,114.9000,112.7000,113.6000,3549900
114.1000,115.0000,113.4330,114.8000,2305300
114.8000,116.3000,114.2000,114.9000,2610400
114.2000,114.6000,113.0000,113.4000,1846400
113.1000,115.1000,113.0720,114.8000,1689300
114.5000,115.0000,112.7000,112.8000,5140300
112.6000,115.1890,112.6000,114.2000,16352700
115.3000,116.6400,114.2000,114.7000,3476300
115.0000,116.8000,114.4000,115.5000,2760000
115.7000,116.4000,113.4000,114.2000,4906900
114.1000,116.9000,114.0000,116.0000,3855700
115.9000,117.3000,115.3000,115.3000,2355400
114.5000,115.4000,113.7000,114.7000,3065200
114.2000,115.5000,114.2000,114.8000,267200
114.8000,114.8000,114.8000,114.8000,0
114.8000,114.8000,114.8000,114.8000,0
114.5000,115.3000,114.0000,115.2000,2062100
115.3000,115.4000,112.8640,113.6000,2210400
113.1000,114.1000,111.9920,114.0000,761600
114.0000,114.0000,114.0000,114.0000,0
114.1000,116.1820,113.5000,115.1000,3769400
116.3000,118.3080,115.7160,117.2000,4477700
117.6000,118.0000,116.5000,117.9000,2764700
118.1000,118.1000,116.8000,117.1000,3303000
113.9000,114.2000,107.4000,108.1000,18264000
108.8000,108.8000,103.9550,106.4000,11775900
106.7000,106.7000,103.5000,104.0000,8692000
104.3000,107.7000,103.4400,106.2000,7340300
106.4000,107.6000,105.1000,105.1000,3053900
105.5000,106.3000,105.3000,105.6000,6985600
105.0000,105.2010,101.3000,101.8000,9644000
101.5000,103.2000,100.4000,102.8000,9811100
103.3000,103.3000,101.4000,101.5000,4834700
101.6000,102.8000,101.4000,102.5000,4611800
102.0000,102.6000,100.1000,101.5000,4748600
101.5000,101.7000,99.9500,101.3000,5263300
101.7000,104.7000,101.2000,104.5000,7454600
105.0000,106.4000,104.4000,105.3000,3846200
100.8000,103.9110,100.3000,102.2000,8593700
102.5000,103.6370,102.0000,103.1000,4465200
103.8000,103.8000,100.4000,101.1000,6286800
100.8000,102.0000,100.6000,101.3000,3957200
101.8000,103.4000,101.4500,102.5000,8652100
102.8000,102.8000,100.5000,101.4000,3007900
101.0000,101.6000,98.5000,98.5000,17742500
99.0000,99.1500,95.4000,96.2500,10286700
96.7000,98.4500,96.1800,97.8000,6735400
99.4500,100.3000,98.9000,99.4000,9683000
99.4500,99.4500,96.9000,97.6000,3215800
97.7500,99.2500,97.5000,99.0000,6395600
99.4500,99.8500,98.6860,99.1000,6408900
99.3000,99.3000,95.7500,96.6000,7789200
97.2000,97.4500,94.2000,96.7000,7362700
97.1000,97.1000,95.3500,96.1500,2481500
96.6000,97.6500,96.1500,97.5500,6888900
97.7500,97.9500,95.5000,96.6000,5182600
96.0500,96.3500,94.7500,95.0000,6760300
95.4000,96.9000,95.0000,96.7000,4672800
97.2500,97.5000,94.6500,94.9500,5471800
94.0000,94.3000,92.4000,93.3500,12239200
93.7500,94.3000,92.3610,93.6000,5811900
93.5000,95.3500,93.4610,94.3500,9149300
94.4500,95.4000,93.8500,94.6000,8009200
89.0000,89.0000,80.2500,80.7000,53546300
80.5500,83.6350,80.2920,82.6000,19134800
83.5000,86.7500,82.4500,82.5000,16565800
83.0000,84.2100,82.2000,84.0500,14332600
84.5500,84.6640,83.4500,84.2000,5426100
84.0000,85.9000,84.0000,84.6000,9537400
85.0000,86.0000,81.2000,81.4500,12546800
82.0500,82.2000,79.9740,81.7500,9157000
82.3000,82.6440,81.2000,82.1500,11864500
82.4000,85.0500,81.5500,85.0000,19719800
83.6500,85.2000,83.0500,84.3500,6941900
84.6000,84.6000,82.6000,83.0000,9295800
83.5000,84.3000,82.5000,83.4500,7042400
83.3000,83.7500,81.5500,82.3000,8503300
82.0500,83.7000,81.5500,81.7000,5690600
82.2500,83.0630,81.1000,81.1500,8705100
81.5000,81.8000,80.4000,81.3500,9147500
82.0000,82.2000,80.5500,81.6000,5979900
81.8000,84.0500,81.8000,82.8000,7434100
82.8000,82.8000,82.8000,82.8000,0
82.8000,82.8000,82.8000,82.8000,0
82.9500,84.7500,82.9500,83.8500,7862000
84.1500,84.1500,80.4000,81.0000,9440000
81.0000,82.6000,79.9500,79.9500,10938100
80.1500,80.5500,78.3320,78.9500,5324700
78.9500,79.6090,78.2000,78.7500,4293400
79.0000,80.8500,78.8420,80.7500,6933400
81.0000,83.8000,81.0000,83.3000,9344400
83.6000,84.6000,82.7530,83.7500,6708600
82.8000,83.9500,81.7000,83.3500,10172700
83.3000,83.3500,79.4000,81.5000,6008100
82.0000,82.2110,80.7000,81.6500,4501400
83.6000,83.6000,79.9500,80.5000,4380300
84.2500,88.6760,83.6110,84.4500,16658400
85.8500,86.2000,83.9500,84.8000,7149000
85.4500,85.6080,83.6500,83.9500,3661300
84.1500,85.7000,84.0000,85.5500,6612900
85.7000,86.3000,83.9640,85.5500,6804800
85.5500,86.4500,84.4500,85.2500,4142300
85.2000,85.7000,82.9000,83.9000,5905200
84.2000,84.7500,80.8210,81.4500,5487200
81.8000,83.4500,80.3500,83.2000,9700400
83.8000,84.8000,82.8120,84.5000,5699400
84.2500,84.9500,83.0000,84.1000,5264900
84.4000,86.5000,83.9000,86.3000,5454100
86.3000,86.3000,86.3000,86.3000,0
86.5000,89.7500,86.1540,88.4500,11076800
88.6500,89.6500,87.7080,88.8500,5515800
89.5500,91.1500,88.7000,90.6000,6069500
91.0500,91.7500,89.8000,91.5500,5747200
91.6500,92.4000,90.0000,91.2000,3978600
91.5500,92.4000,90.8760,91.6000,6924700
92.1000,93.9500,91.9110,93.1500,3765200
93.3500,95.4000,92.9500,95.1000,7191900
95.2000,96.7000,94.4000,96.2500,8701100
96.3000,97.3000,94.8500,95.4000,4607300
95.4500,97.5000,94.7000,97.5000,6688000
97.3000,97.7000,96.2500,97.0000,4798600
92.3500,95.1000,91.5760,94.1500,5012500
94.4500,95.2000,91.9910,93.5000,4677700
93.5000,93.5000,93.5000,93.5000,0
94.5000,95.3000,92.5000,93.1000,4737300
93.1000,93.1000,90.8500,91.5500,4831400
91.3500,93.7500,91.2220,93.6000,2564600
93.7500,94.6340,93.0500,94.0500,3794000
94.0500,94.9840,93.1500,93.8500,2666500
94.6500,95.0140,94.2000,94.6500,1943500
93.1500,93.9000,92.1500,92.8000,3549800
93.0500,93.2000,89.6500,90.4500,4555500
91.1500,92.7500,90.4500,91.8000,5055800
91.9500,92.9290,91.1000,91.1500,3416100
91.4000,91.4000,88.4000,89.7500,5098100
89.7500,90.3000,88.4000,88.8000,5190300
87.7000,88.1000,86.7220,87.3500,3414900
88.2000,88.7000,87.4000,88.2500,3839300
88.7500,89.3000,88.3160,89.0500,2371500
89.0000,89.3500,88.0000,88.1000,3282100
88.3500,89.1000,87.5000,88.0000,3722300
86.7000,87.2850,85.4200,86.6500,4520200
88.8000,88.8000,86.4150,87.6500,5760800
87.5000,88.3640,87.0000,87.0000,4297900
86.9500,89.1500,86.9500,88.5000,3986200
88.8000,90.8000,88.0610,90.8000,5491700
91.0000,95.6500,89.1000,95.1000,12170000
98.1000,98.1480,95.1000,95.4000,6810300
96.0000,97.5000,95.9500,97.3000,4225100
96.9500,97.3750,94.7000,96.2500,4219200
95.8000,96.6000,94.1000,95.3500,3598900
95.0500,98.3500,95.0500,97.7000,4186000
97.0000,98.4500,96.8500,97.3000,5420900
97.9000,98.9000,97.1140,97.9000,2981100
98.4500,102.4000,97.3000,101.4000,9176700
101.7000,101.7000,98.4000,100.5000,3592000
101.5000,104.3000,101.1000,103.5000,7482600
103.9000,104.1000,101.7000,102.9000,4654700
103.3000,104.9000,102.6000,104.2000,3078900
104.4000,104.7000,103.0000,103.8000,4396300
103.7000,104.6280,102.5000,103.4000,8776500
103.1000,105.4000,102.2000,105.1000,2975200
104.8000,105.2000,103.9890,105.0000,3439700
104.7000,105.8000,104.2000,104.8000,3117200
105.4000,105.5000,103.9700,105.2000,2720400
106.3000,108.1000,105.8000,107.9000,4307700
107.2000,108.4000,107.0000,108.0000,3114500
108.3000,108.8000,106.3000,107.0000,3291500
107.4000,108.1150,107.0000,108.0000,2812500
108.5000,109.2000,107.7000,108.3000,3526400
108.0000,109.6000,107.9000,108.4000,2469700
108.4000,109.7450,108.2000,109.3000,3724800
109.5000,109.8000,108.0000,108.7000,3757400
109.1000,109.2110,108.0000,108.9000,2956400
108.0000,109.4000,107.6000,108.4000,3385700
108.1000,108.5000,107.2000,107.9000,3970500
107.8000,108.8000,107.8000,108.4000,2268600
108.8000,108.9000,107.8000,108.0000,2417800
108.0000,108.7000,107.6000,108.3000,2674300
108.4000,109.5000,108.2000,109.1000,2522700
108.7000,109.6000,108.3000,108.8000,3121200
108.8000,109.1000,105.5000,105.6000,3649500
105.0000,105.6000,104.2000,105.3000,5056900
106.2000,109.6000,105.1100,109.4000,6318100
108.7000,109.7000,107.8000,109.4000,2845500
109.5000,110.0000,108.1000,108.1000,3884700
108.3000,108.9900,107.5000,108.5000,1554800
109.4000,110.0000,103.4410,109.3000,1945200
109.3000,109.3000,109.3000,109.3000,0
107.3000,108.6000,104.3110,107.1000,3301100
106.7000,107.5000,106.6000,107.0000,3225300
109.0000,109.0000,101.7210,107.4000,1988500
107.5000,108.0000,106.5000,107.1000,4536300
107.0000,109.1000,106.2000,108.5000,2027600
107.0000,107.6000,104.0000,104.0000,5480100
103.8000,104.9000,101.0000,102.1000,5144400
101.9000,103.5000,101.4000,101.7000,2573500
101.5000,101.9000,100.1000,101.5000,2796700
101.0000,105.2000,100.5400,104.5000,4997900
105.3000,107.2660,104.6000,104.6000,3471200
104.4000,105.2000,102.0000,102.4000,4658800
103.1000,104.1000,102.0000,102.8000,4291200
102.6000,102.9000,100.8000,102.0000,3001600
102.9000,103.6000,102.0000,103.2000,3952300
103.0000,107.8000,103.0000,105.0000,9525800
105.0000,105.2000,102.0000,103.0000,3566200
104.9000,104.9000,101.5000,101.8000,3943300
101.9000,102.1000,99.1000,99.1000,10811400
100.3000,100.5000,99.2500,100.0000,4645000
100.2000,102.0000,100.1000,101.3000,3222400
101.0000,102.1000,100.9450,101.6000,2083600
101.6000,102.6000,101.3000,101.9000,1683800
102.3000,103.3000,100.8000,100.9000,3049400
100.0000,103.1000,99.9000,102.2000,3250900
102.5000,104.3000,101.6000,104.0000,3196800
104.0000,105.0000,103.7000,104.8000,2978100
104.4000,107.5000,103.8900,104.6000,3697100
104.4000,105.0840,102.1000,103.5000,10945700
103.2000,103.5000,102.3000,103.4000,1641900
103.1000,103.1000,100.7000,101.7000,3508000
101.7000,104.0000,101.2000,104.0000,4158300
104.3000,106.0000,103.7000,105.1000,3203600
105.5000,107.5220,105.0000,107.2000,2444600
107.1000,108.7000,106.2000,107.5000,2875500
107.9000,109.1000,107.6000,108.3000,2019100
107.8000,110.1000,107.4000,110.0000,2855800
109.6000,110.0280,107.9000,109.7000,1772300
109.8000,111.2420,109.5000,110.0000,3165600
113.2000,113.5000,111.3000,111.8000,5229400
112.0000,112.5000,110.8000,111.4000,3988200
111.0000,111.0000,109.6000,110.7000,3900200
107.2000,110.2000,99.9760,101.0000,18110500
98.6000,100.6280,97.2000,99.4500,13702500
98.5500,99.8600,96.6000,99.3000,7918800
99.1500,101.5000,98.6000,99.0000,5947200
100.6000,101.9890,99.4110,101.1000,5839800
100.6000,102.3000,99.9500,101.9000,5079900
102.4000,102.9000,101.1000,101.8000,2869700
102.4000,103.4750,101.3000,101.6000,3333000
101.6000,102.1000,100.1000,100.4000,3398900
100.9000,102.8000,100.9000,102.5000,4235500
102.7000,104.0000,101.3000,103.0000,3549600
102.5000,103.3000,100.3250,103.1000,3324300
103.2000,104.1750,102.4000,102.7000,2213100
102.9000,102.9000,98.9330,102.3000,2029700
102.3000,103.1750,100.8000,100.9000,4054300
101.5000,102.7000,100.0720,100.5000,3640700
100.9000,101.8000,97.3000,98.2000,5915800
97.5500,98.8500,97.3400,98.7500,4575300
98.6000,98.6000,96.0000,96.9500,6056200
96.7500,97.4000,93.9000,96.9500,7808900
96.9000,97.1000,92.7000,94.0000,6105200
93.4000,97.2500,93.4000,96.8500,5136700
97.5000,97.7000,96.1940,96.9500,2734200
97.0500,98.1250,96.1150,97.0000,3169600
96.7500,98.3000,95.9500,96.0500,4076800
95.5000,97.0000,95.5000,96.4000,2805900
96.3000,97.9500,95.0560,96.7500,4372700
93.6000,95.0000,91.6850,92.9500,10821100
92.3500,93.7500,91.6000,92.2000,7475500
90.1000,92.1500,89.9880,90.4500,8790200
90.1000,92.6250,89.8000,90.4000,7073900
90.5000,91.3500,87.3000,87.7000,6224800
87.7000,88.6370,86.1200,86.7500,5378900
86.8000,88.5900,86.5100,87.8000,5897500
87.7000,89.4000,87.7000,88.3000,5043200
88.4000,88.6860,85.4000,85.7500,5040800
85.2500,86.1600,83.8800,85.2000,7787300
85.0000,86.3000,85.0000,85.8500,3928300
85.9000,86.3000,81.8500,82.0000,6099200
82.0000,82.3000,78.1500,78.4500,9942000
79.0000,80.1880,78.8000,79.5500,8173800
79.4500,80.5500,79.0030,80.3500,7977600
80.6000,82.1240,80.3500,81.8000,4143400
82.1500,83.3000,80.9000,81.4000,2007000
81.4000,81.4000,81.4000,81.4000,0
81.4000,81.4000,81.4000,81.4000,0
82.6500,83.2320,81.2500,81.8500,3009100
82.3500,83.4450,80.7000,83.1500,3318300
83.5000,83.5000,70.8500,73.0000,17627300
73.0000,73.0000,73.0000,73.0000,0
73.0000,76.0000,70.8760,75.1500,31870900
75.3500,78.3870,74.1700,78.1000,13254600
78.3500,79.1000,76.8000,77.2500,9089700
76.6500,77.0180,75.0500,76.8500,9095600
75.0000,77.3500,74.7300,76.2500,31501200
76.4000,76.5500,75.3880,76.2000,17119800
76.5000,81.8000,76.4500,81.5500,11795500
84.0000,86.9000,82.9490,85.6500,16689700
85.6000,86.9000,84.6250,85.3000,14752200
85.7000,86.2000,82.2000,83.2000,68669800
82.0000,83.3000,81.0000,81.9000,9072200
82.2500,83.2500,81.1500,82.0500,6648400
82.2000,82.8000,80.6000,80.8500,4655000
81.0500,81.4990,80.4000,80.7000,3854000
81.1000,81.7500,79.1000,79.7500,4763900
79.8000,80.6000,78.3500,78.6500,4790200
79.1000,79.9000,76.4500,76.6000,6132400
76.8500,77.2500,75.6000,75.6000,5135000
76.2500,76.8500,75.6000,75.7000,4986100
76.6000,77.0000,74.0000,74.3500,6138500
74.5500,75.2500,74.2600,75.2000,5449600
75.5000,75.9000,73.3750,74.0500,4020600
74.1500,75.5500,72.7500,73.0000,3882500
73.0000,73.2000,71.6000,72.3000,4439600
72.5500,73.4000,71.9000,72.9500,4341200
73.9000,74.4500,72.7000,73.2500,3573600
73.9500,74.5000,73.2000,73.9000,3748500
74.5500,75.0000,73.6000,73.9000,3841000
74.5500,77.8500,74.5500,77.7000,5503200
78.4000,79.6000,76.9000,77.0000,5266400
77.2500,77.5000,75.5500,75.9500,3047700
76.1500,76.1500,74.3000,74.4000,5613500
74.5000,75.8500,73.9500,75.7500,3519900
75.7500,75.7500,74.2000,74.9000,4781400
75.0500,75.4900,74.1500,74.8500,2255400
74.7000,75.2460,74.2000,74.9500,2719600
75.4000,75.5420,73.7500,74.9500,3757400
74.7500,74.8000,73.4000,74.4000,2487200
74.6500,75.3000,72.9000,75.0000,5752700
75.1500,75.5060,73.8500,74.5000,3306200
73.9000,74.3500,72.9000,73.7000,2515000
73.9500,75.9500,73.9500,75.7000,3648300
74.9000,75.5000,73.2500,74.6500,4000600
75.5500,78.3500,75.2530,77.8500,6190600
78.8000,80.4000,77.8000,79.1500,5276500
79.6000,81.4170,79.0600,80.8000,5667400
80.9500,80.9500,79.5650,79.6500,5966900
79.7500,79.8000,78.7000,78.9000,3605300
79.2000,79.6500,78.4500,79.0000,3297700
79.0000,79.3500,78.2000,78.8000,7024200
79.1500,79.1500,77.0500,77.0500,3076300
77.1000,77.1500,75.4500,76.0000,3240000
76.5500,77.1490,75.6220,76.4500,3019400
76.5500,76.5500,74.8500,75.9500,4831300
76.3000,76.4000,74.7000,75.0000,3823200
74.7000,75.4000,73.9500,75.3000,3994500
75.4000,76.0000,74.0000,74.4500,16400500
74.5500,75.3500,73.6000,73.6000,5128300
74.0500,75.4000,73.8500,74.9500,2711800
75.4000,76.6500,75.3500,76.5500,3425300
76.7500,78.1810,76.2000,77.8500,5215200
78.0500,79.0500,77.5350,77.5500,4240200
78.3000,80.0000,77.6000,79.9500,3027700
80.4000,80.7500,79.2500,80.1500,3015900
80.7500,82.0500,79.8820,80.7000,4379900
81.0000,81.3500,79.7820,79.8000,4332600
80.0000,80.0000,78.7500,79.1000,3588200
78.6500,79.0500,77.6000,79.0000,8048000
79.2500,79.9000,77.9000,79.0000,4135400
79.3000,80.0000,78.7000,79.5000,2801700
79.9000,80.3500,77.1500,77.6500,3653000
77.0500,77.5700,76.0500,76.5000,2663100
75.8000,77.5500,74.9000,77.5500,5171400
78.6000,82.4000,76.7780,81.0000,8989800
81.9500,82.1500,80.6500,81.0000,6343900
79.3500,80.5000,79.0000,79.4000,3428000
79.4000,79.4000,79.4000,79.4000,0
79.4000,79.4000,79.4000,79.4000,0
79.4500,81.3000,79.0000,80.4000,3924000
80.7000,81.0000,79.9000,80.5500,2318000
80.8000,81.1000,79.7500,80.3500,3790800
80.2500,80.8500,79.0500,79.5000,2323200
78.7000,80.4000,78.5010,79.5000,2313800
79.8500,80.5500,78.7000,79.3000,2484900
79.7500,80.7500,78.7500,80.2000,2559700
80.6000,80.7000,78.9380,80.1000,1072900
80.2000,80.6500,79.6000,80.1500,2203100
80.1500,80.1500,80.1500,80.1500,0
80.5000,80.8500,79.5000,80.0000,1350700
80.1000,80.2000,78.3130,78.8000,1869500
79.6500,80.3000,79.4500,80.0000,2215700
79.9500,82.2500,79.9500,81.6000,7204800
82.0000,82.1100,78.8500,79.0000,3105000
79.4500,80.4000,78.8500,79.5500,2081700
79.7500,80.0000,79.3500,79.9500,1860600
80.3500,80.6000,78.8000,78.9500,2968600
79.4000,79.8000,76.8710,78.9000,2824300
78.9500,79.7280,77.2000,78.3000,1853100
78.2500,79.3500,77.7500,78.0000,2050000
78.1500,79.2800,77.9000,78.3000,1447300
79.1500,79.1500,77.4500,78.0000,1741500
78.2000,78.6500,77.4750,77.8500,1779200
77.8500,77.8500,77.8500,77.8500,0
78.4000,78.7000,77.1500,77.2500,2005200
77.4500,78.2300,76.7500,77.6000,1819700
77.7000,78.2000,76.5000,76.6500,1702900
77.0000,77.7500,75.4800,76.1500,4736400
76.5500,77.6530,75.8000,75.9500,2635100
75.9500,76.9000,75.6300,76.9000,1602300
76.2000,76.4000,74.2500,74.5000,2217500
74.5000,74.5000,72.6000,72.8500,5067700
73.1500,73.7000,72.7500,73.0000,3018000
73.6000,74.0000,72.8500,73.0000,3280100
73.1500,73.3500,72.7500,73.0000,2007600
73.3500,73.4500,72.0670,73.0000,2512200
73.2500,73.6100,72.8000,73.0000,1417000
72.8000,73.1400,70.5500,71.2500,3742600
72.0000,73.4000,71.3500,73.0000,4648800
72.9500,73.7000,72.3000,72.7500,12768300
72.7000,73.1500,71.3500,71.6500,2891600
71.6000,74.1000,71.6000,72.1000,7039900
72.0000,73.7000,70.7860,70.8000,7984300
71.0500,71.9140,68.5910,68.6000,4971000
68.2000,69.8000,68.2000,69.5500,3831300
69.9500,70.1100,67.9500,69.1000,2550900
69.1000,69.8500,68.1500,68.3000,1572700
68.0000,68.6000,66.1500,67.2500,4334800
67.1500,70.2000,67.1500,68.4500,2678300
68.3000,68.6000,67.2500,68.1000,3335000
68.0500,69.0000,67.6000,68.3500,3187400
68.3500,68.7500,67.0500,67.4500,2191700
67.0000,68.8000,67.0000,68.2000,2034400
68.2000,68.6500,66.0500,66.2000,2580600
67.0000,67.8500,65.7330,66.1500,3518600
66.2500,66.8000,64.7500,65.0500,2559300
65.0000,65.1000,62.5000,63.4500,2562100
63.2000,63.4500,62.1500,62.4500,2138800
63.0000,64.1500,62.8500,62.9000,2292100
62.8500,63.4500,61.4500,61.8000,2063000
62.6000,65.4000,62.5000,63.8000,4893500
63.6000,65.0000,63.1000,63.8500,2678300
63.8000,65.4000,63.1500,64.4500,3082000
64.6000,65.3000,64.2500,64.8500,1945100
64.8500,65.1000,64.4000,64.4000,2073100
64.2500,66.2000,64.2250,65.1000,1721100
65.1500,65.5300,64.5500,64.8000,1204600
64.4500,65.1500,63.9000,64.1000,1454900
64.1000,67.5000,64.1000,66.2000,3576600
66.0500,68.4000,66.0500,66.6000,3166400
66.7000,67.4500,65.8160,65.9000,1969000
65.8500,66.3500,64.1000,66.0500,1637300
65.8000,66.3830,65.1000,65.7500,1439900
65.9000,65.9000,64.6880,65.2000,1671800
65.0500,67.1000,64.4000,66.9000,2023100
66.6000,66.6000,64.8000,65.6000,1773500
65.7000,65.8000,64.6000,64.8000,1628600
64.5000,66.6000,64.5000,65.3500,1375300
65.8000,66.1200,64.9500,65.2000,1050600
65.0000,65.9700,64.5500,65.0500,1060900
64.9000,65.6000,64.5000,64.7500,1585900
64.5000,65.4500,64.1500,64.8000,1877400
64.8500,65.7500,63.9500,64.5500,1747000
64.5000,65.0980,62.6000,63.4000,3290000
63.6000,65.1800,63.5750,64.5000,2315800
64.5000,65.7000,64.1000,65.4500,16592800
65.6500,67.2500,64.9500,66.3000,6833000
66.2500,66.7200,65.4500,66.1500,6651600
66.1500,66.1500,66.1500,66.1500,0
66.3500,67.1500,65.8500,67.0000,3180800
66.8000,68.2500,66.6500,68.0500,5171600
68.0500,68.4000,65.1500,65.2500,4304000
65.8000,67.2500,64.6600,66.4500,2820500
66.0500,68.3500,66.0500,67.6000,4931600
67.5500,68.6000,66.9960,67.1500,4831700
67.3000,68.7780,67.0390,67.9500,1400000
68.0000,68.9040,66.7500,67.2500,1037600
67.2000,67.9000,66.9140,67.2000,1131100
67.2500,67.3890,64.1000,64.9500,3277000
64.9000,65.5000,64.3500,64.7500,1726200
64.7500,65.2500,64.2000,64.8000,1709400
64.4000,65.4000,64.0500,64.4000,2132100
64.3000,64.7500,63.0000,63.8000,2753600
63.5500,64.9000,62.6000,63.0500,3690200
62.6500,63.0500,61.8000,63.0500,2504300
62.8500,63.6000,61.9000,62.5500,3118700
62.5000,63.5000,61.5300,63.2000,4628300
63.3000,65.0000,63.0000,63.4000,20412900
63.5000,64.6500,63.1500,64.1000,2534800
64.1500,64.5440,62.1000,62.3500,2973800
62.5000,62.8200,61.7500,61.9000,3791300
61.7500,62.2500,60.0500,60.0500,4834300
60.0000,61.5800,58.6500,60.0500,5639500
60.1500,61.0500,59.6100,59.8500,2245400
59.0000,59.0700,57.9000,58.3000,3987900
58.1500,58.4600,57.5000,57.8000,3422700
57.8500,60.6500,57.2000,60.0000,57021000
62.0000,63.5000,60.5000,61.7500,8505900
61.9500,63.5750,61.4500,62.5500,4827900
62.1500,63.2630,62.0000,62.0500,2788900
61.8500,62.2000,60.6500,60.9500,2772100
61.3000,61.5500,59.3000,59.5000,3794100
59.1500,59.1500,57.7500,57.8000,5098600
57.5000,58.8600,56.8500,58.0500,4877200
57.5000,60.0000,57.5000,59.6500,3099600
59.4000,61.4000,58.9500,59.3500,3164900
59.3500,60.4000,57.5500,60.1500,4100000
60.4000,61.6500,60.1000,60.2500,4283300
60.1000,60.6310,57.7000,58.7500,3156600
58.5000,63.0000,58.3940,61.8000,4546700
62.3000,63.6000,61.5000,62.8000,6163400
63.9500,66.4000,61.5500,63.4000,8563800
62.1000,62.2500,60.6500,60.8500,4288100
60.5500,62.8000,59.9500,61.7500,4241100
61.9000,64.6000,61.9000,63.5500,4267000
63.0000,63.7220,62.3500,63.2500,3080000
63.1000,64.3040,62.9500,63.9500,2753300
64.9500,64.9500,62.8000,64.9000,6338400
64.8000,65.3500,64.1000,64.8000,3394900
64.6500,65.4000,63.6500,64.2500,3540700
63.9000,64.6250,63.1600,64.3000,3849400
64.5500,67.3000,64.0000,66.6000,10617400
66.7500,67.2500,65.8500,66.5500,2676700
66.0500,67.0000,65.6500,66.7500,4136800
65.4500,67.1000,65.4500,66.7000,3110500
66.6500,67.2500,65.9000,66.9500,2416100
67.1500,67.4500,65.9500,66.9500,2924800
67.0000,69.8000,66.6000,69.2500,4559500
69.1000,70.2500,68.2500,70.0000,4293500
70.3000,70.7000,69.5000,70.1000,2237800
70.4500,70.4500,68.7000,70.0000,4270300
69.9000,71.2500,69.5000,70.9500,3613000
70.9500,71.5630,70.4500,71.0000,3318600
71.3500,71.6000,70.0000,70.8500,3229600
71.4000,72.1380,70.6500,71.2000,3561800
70.7500,72.0000,70.5500,70.9000,2670800
71.3500,72.4500,70.9500,72.1000,4472700
72.6000,72.7500,71.7500,72.0000,2900000
72.3000,72.7500,70.7000,71.0000,5342200
71.5000,72.0500,70.1500,71.8000,6245100
72.3500,73.7500,71.6000,73.2000,6265700
72.2500,72.2500,69.4500,70.8500,4488900
72.6000,73.8000,70.7860,72.4500,7601500
73.1000,74.2040,71.4020,73.9500,5025200
74.2000,74.2000,72.1500,72.6000,3784400
72.8000,74.4500,72.1000,74.0500,6379700
73.5500,74.5500,72.4000,73.6500,4061500
72.8000,73.7500,71.9500,72.0500,3477400
71.7000,73.2500,71.3000,71.4500,2522800
71.4000,73.3500,70.8500,72.2500,4508100
71.4500,72.7000,71.1500,72.1000,2618700
73.7500,73.7500,71.8000,72.3500,2867500
73.0500,74.9600,73.0000,73.9500,5633600
74.7000,74.9000,73.2500,74.4500,3838900
74.1500,75.5000,73.8600,75.0000,2656700
73.0500,74.8500,73.0500,74.1000,827400
74.1000,74.1000,74.1000,74.1000,0
74.1000,74.1000,74.1000,74.1000,0
76.0000,76.0000,74.0000,74.6000,1775800
74.9000,74.9000,73.5000,74.5000,1654900
74.2500,75.8460,74.0000,75.2500,739500
75.2500,75.2500,75.2500,75.2500,0
75.3000,75.9500,74.1500,75.5000,2176000
75.6000,76.6780,74.4000,75.6000,4321600
75.6000,78.2000,75.3120,77.1500,9414900
78.0000,78.0000,72.6000,74.2000,6511800
75.1500,76.5000,74.5000,76.4000,5966400
76.7000,77.2250,75.4880,76.2500,3857400
76.3500,77.2000,74.7500,75.0500,4411300
71.1500,71.9750,68.0000,70.0000,21667000
69.6500,72.5000,68.6470,71.3000,7789400
71.5000,71.9000,70.7220,71.6500,5537100
71.8500,72.0000,70.9500,71.5500,3363300
71.3000,72.4500,71.3000,72.0000,2427700
71.5500,72.8500,71.5500,72.1000,2411700
72.6500,72.6500,71.8350,72.5500,2232200
72.7500,73.9500,72.4000,73.5000,2759200
74.2500,74.2500,72.0500,73.3500,2134800
73.6500,76.4340,73.0000,73.8000,18781400
74.2500,75.5500,73.6180,75.1500,3957800
75.3000,75.7500,74.2000,74.7000,1949400
74.2000,74.9500,74.0220,74.5500,1260400
75.3000,75.9500,74.6720,75.2500,1702900
75.9000,75.9000,74.5240,75.3500,1524100
74.8500,77.0000,74.8500,76.1000,2644600
76.6500,77.6000,75.9500,77.0500,2691100
76.5000,77.8000,76.1500,77.7000,3558200
77.3000,77.6500,76.9750,77.3500,2624800
77.4500,77.4500,76.1500,76.5000,1812000
77.1000,77.8000,76.6720,77.0000,3063500
76.8500,77.1000,76.1500,76.3500,2423300
76.4500,78.4000,75.7540,77.9000,3303000
78.5500,79.6000,78.3500,78.9000,3201100
79.2000,79.2500,78.1500,78.5000,2096100
78.0000,79.7000,78.0000,79.2000,4295400
79.6000,80.1500,79.1000,79.8500,4157200
79.3500,80.1000,78.9000,79.5000,2696400
80.0000,82.6940,79.3000,79.9500,2109400
80.5000,80.5000,79.4500,80.0500,2387200
80.4500,81.1000,79.8500,81.1000,4124700
81.3000,81.4500,80.7380,81.2000,2480400
80.7500,81.6000,80.6100,81.5500,1144100
81.2000,81.6000,80.8000,81.4000,1854100
81.1000,82.0000,80.8500,81.0500,2275700
81.5500,81.5500,80.2250,80.6000,1882800
80.2000,80.6000,79.8900,80.5000,1666800
80.1000,82.0000,79.8660,81.4500,2480300
81.3500,81.7500,80.6000,81.2500,2986500
81.0500,81.4000,80.5500,81.0000,1442700
81.5000,81.5000,78.4000,78.9000,3039700
79.1500,79.3880,76.5500,77.6000,3347300
77.5000,79.2500,77.5000,79.0500,2202100
79.3000,79.9000,78.4000,78.6000,2337900
78.3000,79.5500,76.5500,77.4000,1952700
76.8500,78.7000,76.8500,78.2000,2363700
77.5500,79.5000,77.5500,78.9000,1990600
80.0000,80.2500,79.0440,80.2500,1861300
79.4000,79.8500,78.0000,79.4500,2989100
79.5000,79.6000,78.3000,78.8500,1955000
78.8500,79.7000,78.5000,78.5500,1774100
78.2000,78.3500,77.0000,77.7000,3229100
77.8500,77.8500,75.6000,76.0000,2811400
76.3500,77.0000,75.4500,75.7000,2872900
75.9500,77.9000,75.9500,77.4500,4857900
77.5000,77.5000,75.1500,75.3000,3409400
75.0500,75.7000,74.3500,75.1500,2648800
75.1000,77.5500,75.0840,77.2000,2961600
77.2000,77.2000,77.2000,77.2000,0
77.2000,77.2000,77.2000,77.2000,0
77.8500,78.7000,77.7000,78.0000,3765300
77.8500,78.6000,77.5500,78.1000,6388700
77.2500,77.9050,76.7500,77.0000,2432200
77.6500,78.6500,77.5000,78.6500,3835800
78.8000,79.5000,78.2000,78.9500,5098700
79.0000,79.1000,78.5000,78.8000,2470100
80.2500,80.2500,78.9160,79.6000,3953800
81.0000,85.0500,80.4000,84.9000,12047000
87.1500,89.0000,85.8000,87.6000,11118700
88.0000,89.7500,87.4000,89.4500,6337400
89.8500,90.5500,89.1500,89.5000,6937900
90.2000,90.2300,89.0000,89.3000,4454000
89.5000,89.5000,87.9800,88.7000,4180800
90.0000,90.0000,89.3000,89.5000,6714700
90.2500,90.4400,88.9000,89.8500,3581600
90.3000,91.5200,90.0000,91.4000,4606900
91.4500,91.8500,89.7270,90.4000,5527800
90.4500,90.4500,87.6020,89.7500,3783600
90.0000,90.2000,88.0500,88.8000,2148900
88.8000,88.8000,88.8000,88.8000,0
90.0000,90.1500,88.6500,88.9500,3743400
88.2500,89.7000,87.8500,88.6500,3365200
87.6500,89.8500,87.6500,89.1000,3696000
92.0500,94.6500,91.5180,93.7500,7344400
93.9000,94.1000,93.0550,93.5000,3244500
92.6500,93.3500,91.6000,93.1000,3466200
93.8000,94.1500,93.0500,93.4000,2902200
94.0000,94.1000,93.2500,93.9500,4326700
94.3500,95.0500,93.7500,94.0500,3767200
94.4500,95.1000,93.7200,94.9000,2234600
95.0000,96.3500,94.9100,95.2500,1974500
95.1000,95.3000,93.6500,94.2500,2938700
94.9000,95.6000,94.1300,94.7500,1803300
95.2000,95.2500,94.5500,94.6500,1188000
94.6500,94.6500,94.6500,94.6500,0
96.3500,96.8000,93.8500,94.3500,1471100
93.7000,95.9000,93.7000,95.8000,2476400
95.0000,96.3500,94.9500,95.9500,1440000
95.8000,96.1000,94.6000,94.8500,2474400
95.5000,95.5000,94.1500,95.0000,1721900
95.8000,95.8000,93.2500,94.1000,2059500
94.2000,95.1500,94.2000,94.8000,2463200
94.7500,95.0000,93.2760,93.7500,1270700
93.1000,94.0500,92.5220,93.5500,2119400
93.5000,93.8000,92.0200,92.2500,2263800
92.8500,93.0000,91.7500,91.9000,1199300
92.0000,92.5000,91.4260,92.0000,1804700
92.6500,93.4500,92.0000,93.1000,3817900
94.0500,94.0500,91.7800,93.4000,2275300
93.6500,93.6500,90.9500,92.0000,2165500
92.3500,92.7000,90.6500,91.4000,2199500
91.0500,92.3480,90.3000,90.6500,16872500
90.7000,91.5000,89.9500,90.3500,2590500
90.5000,90.5000,89.3000,89.7500,6618300
90.3000,92.8000,89.8000,92.4000,3472500
92.4000,93.5000,92.2500,92.7500,2632700
92.3000,93.0800,90.2500,90.3000,4017400
90.0000,91.9000,89.9000,91.2000,3925700
90.6000,91.0000,90.1500,90.6500,1862400
89.1000,91.0000,86.8810,88.9000,2864500
88.3000,90.0500,87.9000,89.2500,2261400
89.6000,89.8500,88.3000,88.7000,1899000
88.7000,91.0000,88.7000,90.3000,1517300
89.4500,90.0000,88.5500,89.4000,1243800
89.8500,89.9500,88.0500,89.6000,1905900
89.5500,89.7340,88.0000,88.2000,2483800
88.0000,89.0000,87.2720,87.9000,3946200
86.0000,86.4000,83.8500,84.2500,3803600
85.0000,86.3340,84.5500,85.8000,4582300
86.2500,88.3500,86.2500,88.3500,2270400
87.8000,88.2000,87.3000,87.8000,1662100
87.9500,89.7500,87.6000,89.5000,1886800
89.6500,91.1000,89.3550,89.7000,2174700
89.8000,90.0500,87.9500,88.0000,3207000
88.7500,89.1000,88.0500,88.9000,1010100
88.9000,89.1000,88.4500,89.0000,985200
88.4500,90.0500,88.4500,89.2500,1529200
89.8500,89.9000,88.4000,88.5500,1309700
88.2000,88.5000,86.7000,86.9500,1493800
87.0500,87.1500,85.8500,86.7000,2096300
86.9000,87.4000,86.3800,87.0500,1591800
86.8500,87.8000,86.2500,86.6500,1447400
87.0000,87.3000,86.1500,87.0000,1257000
88.1500,88.1500,86.5930,87.8500,2029300
87.2500,87.9000,86.6000,87.9000,1346100
88.0000,88.0000,87.0500,88.0000,1575600
88.3500,90.2500,87.7400,90.1500,1859700
89.5000,90.5000,88.9500,89.8000,1615300
89.6000,90.0000,88.6500,88.8500,1088300
88.7500,89.1250,87.4800,88.9500,845500
88.9500,89.5500,88.2000,88.6500,1145100
88.0500,88.9670,85.0500,85.7500,2091300
86.4000,88.2000,85.8500,88.0500,3137300
88.4500,88.6500,87.4500,87.9000,1750300
88.9500,89.1000,85.7500,87.1000,1504100
86.7500,86.7500,85.7500,86.3000,1043800
85.7000,85.9500,84.2500,84.9500,1510800
84.2000,84.8000,82.8500,83.2000,1345600
82.5500,83.0000,80.9500,81.1000,1840200
79.6500,79.6500,76.7000,77.7500,2210500
78.2000,80.3000,78.2000,80.0000,1980500
78.7500,80.2500,78.1000,79.9500,2086000
80.7500,81.9000,79.9420,81.5000,1330200
79.7000,79.7000,74.9000,75.7000,5236700
75.7000,75.7000,75.7000,75.7000,0
76.0000,76.6000,74.0000,75.0000,3788000
75.0000,75.2000,73.5500,74.2000,3129600
75.2000,76.1000,74.0780,75.0000,1368700
73.8500,74.4000,73.0000,73.9000,3416800
73.6000,74.9000,73.5500,74.1000,1161200
74.3000,75.9000,73.7780,75.1000,2358700
75.9000,76.0700,74.9500,75.3000,1265772
74.3500,76.0500,74.3500,75.8500,1423021
75.4500,76.4500,75.2000,75.4500,1123529
75.2000,75.9500,74.0000,75.7000,1399253
75.3000,75.5000,73.7000,74.8500,1199747
75.0500,76.4000,75.0500,76.4000,1169310
76.5000,76.9500,76.1500,76.5000,1175077
76.3000,76.3000,73.9000,74.1400,3780246
75.5000,75.7800,74.7000,75.0000,2848122
74.6500,75.3000,73.6500,75.0500,2291429
74.7500,77.0000,74.7500,76.7000,2332078
76.6000,77.6000,75.5000,75.6500,2632713
76.5000,79.7000,76.5000,79.0000,2067262
