320.0000,380.0000,313.2500,355.0000,8965500
369.7500,375.5000,355.0000,369.0000,2573700
369.7500,375.0000,335.0000,340.0000,4402300
339.7500,353.0000,330.0000,353.0000,2154200
355.0000,378.0000,343.5000,374.0000,3905500
375.0000,390.7500,369.0000,390.7500,3402900
382.0000,389.7000,370.2500,389.0000,3981400
388.2500,395.0000,360.5000,373.5000,4637600
355.0000,362.8540,351.9380,356.0000,2524700
347.2500,374.2500,335.5000,346.0000,2532800
340.0000,327.5000,307.2500,319.0000,2662500
323.0000,328.2500,320.0000,320.2500,2360400
320.0000,335.0000,315.0000,322.5000,3699800
324.7500,323.0000,312.2500,320.0000,9251800
325.0000,325.0000,303.0000,315.0000,2645300
317.0000,341.0000,317.0000,333.5000,1733400
336.0000,356.2500,327.0000,353.5000,4537800
349.7500,389.0000,336.2500,384.0000,6258300
380.2500,389.2750,375.0000,382.0000,4865400
377.0000,392.0000,357.5000,390.0000,2340500
395.0000,415.7500,393.0000,412.0000,4509800
409.7500,409.7500,385.5000,398.0000,3977900
398.0000,404.2500,365.0000,382.0000,2541200
390.0000,390.0000,370.7500,375.2500,2645000
381.2500,382.7500,360.0000,371.7500,2482700
385.0000,385.0000,345.2500,355.5000,3116000
360.0000,373.5000,345.0000,362.5000,3752100
361.7500,370.0000,350.0000,354.7500,3168000
358.7500,374.0000,352.2500,366.7500,5116500
373.0000,378.0000,346.2500,367.0000,35474400
367.0000,367.0000,354.0000,359.0000,8111600
362.7000,367.0000,354.6000,365.0000,2517300
380.3000,384.3000,366.6000,375.3000,2207300
379.7000,390.5000,366.6000,390.0000,2565000
395.0000,395.0000,380.6000,392.4000,1762100
392.4000,392.4000,392.4000,392.4000,0
392.4000,392.4000,392.4000,392.4000,0
390.0000,390.0000,372.8000,373.3000,2492000
369.2000,376.0700,361.6000,372.7000,1616400
372.8000,374.7000,367.9000,374.7000,326600
374.7000,374.7000,374.7000,374.7000,0
373.0000,391.8000,372.3000,391.5000,2113300
395.0000,395.0000,386.6000,389.4000,450200
385.0000,389.9000,377.0000,386.5000,1238800
388.5000,388.5000,377.6000,385.8000,568000
383.1000,393.0000,383.1000,393.0000,1027900
395.0000,403.1000,392.5000,400.3000,1621100
403.5000,403.5000,396.4000,396.4000,820000
403.0000,412.2730,397.7000,405.0000,1553500
410.0000,412.0000,398.1000,401.0000,1626000
396.6000,401.6000,391.0000,399.9000,999400
411.0000,419.0000,402.8000,407.5000,1446600
408.6000,417.9000,406.3000,416.1000,2369000
419.9000,442.6600,416.4000,435.5000,2946500
430.2000,434.6000,425.3000,431.6000,1177100
437.0000,438.0000,425.6000,438.0000,2141600
439.9000,441.3000,430.0000,434.7000,1466600
437.7000,448.5000,433.0000,442.7000,2051100
442.6000,465.4000,442.6000,457.4000,3677700
452.0000,464.7000,419.4620,460.0000,1717600
458.0000,458.0000,436.1000,449.5000,2666600
444.4000,455.4000,444.4000,448.4000,2742600
452.0000,459.0000,447.9000,456.0000,1760700
460.0000,460.0000,450.2000,455.5000,707100
456.0000,463.7000,445.9000,460.5000,1702000
460.0000,464.9000,449.0000,455.0000,1701600
450.0000,453.3000,444.1000,445.0000,4969100
449.0000,454.5000,428.0000,442.0000,3620900
438.8000,442.7000,423.8000,428.8000,1938500
425.0000,430.0000,405.0000,412.0000,2636500
416.9000,426.4000,405.1000,424.9000,3713200
422.0000,430.8000,422.0000,428.6000,1742500
435.2000,442.1000,427.1000,436.3000,2250900
432.8000,434.2000,413.6000,420.8000,2802500
421.7000,431.8000,419.3000,423.0000,1562800
429.6000,432.4000,422.9000,432.4000,1228400
432.3000,432.3000,411.2000,412.7000,2717500
416.4000,417.8000,392.2000,397.0000,2943700
399.0000,400.0000,393.2000,397.6000,1473300
403.3000,415.9000,389.4000,415.0000,6783700
416.0000,417.8000,402.7000,402.7000,3326200
411.3000,417.1000,407.5000,417.1000,2210200
420.0000,428.0000,418.4870,423.7000,4463200
424.3000,425.0000,412.4000,415.0000,1690600
419.5000,419.5000,409.3000,411.5000,2255100
410.0000,413.2500,396.3000,405.2000,4180200
404.0000,404.1000,377.2000,380.0000,4951300
379.2000,399.9900,374.0000,391.0000,5534300
392.0000,403.9000,392.0000,400.9000,2378200
400.9000,404.2000,394.4000,402.7000,2104400
403.0000,405.9000,400.7000,404.1000,2999000
408.2000,412.7000,402.7000,409.3000,2206000
410.0000,412.1000,406.2000,410.0000,1959900
412.4000,412.4000,405.0000,410.0000,2562200
410.5000,410.6000,404.4000,410.6000,5976000
412.0000,412.0000,399.6000,404.4000,2538700
400.9000,409.3000,389.6000,392.7000,2372200
397.5000,397.5000,383.3000,390.5000,2693700
391.7000,393.4000,376.0000,388.9000,2767300
390.0000,394.3000,380.0000,388.9000,2496800
394.2000,397.6000,384.4000,390.0000,1543800
395.0000,398.8000,370.0000,380.8000,3180000
371.0000,380.0000,354.7000,359.8000,2973500
360.0000,367.9610,355.0000,357.6000,3142600
357.8000,372.5000,357.7000,369.5000,3821300
378.0000,384.8000,370.4000,378.2000,3288600
382.7000,384.9000,370.6000,379.6000,2177100
376.1000,380.5000,352.3000,353.6000,3590100
353.9000,361.5000,348.7000,361.0000,2720900
361.0000,361.0000,361.0000,361.0000,0
361.0000,361.0000,361.0000,361.0000,0
359.6000,362.5000,346.9000,351.8000,2349600
347.5000,358.3000,347.5000,353.2000,2286000
351.0000,360.0000,345.3000,357.4000,2893000
358.5000,368.4000,355.0000,365.5000,5744200
368.6000,372.9000,360.8000,364.5000,2484200
362.7000,378.7000,360.6000,377.2000,2630100
380.0000,380.0000,364.3000,369.3000,2644700
370.7000,381.7000,370.0000,371.9000,2996100
375.0000,381.2000,365.9000,378.1000,1130800
373.4000,373.4000,360.7000,363.9000,1193600
364.3000,375.8000,362.9000,368.3000,2580700
370.3000,377.1000,366.7000,375.6000,3880200
374.5000,375.2710,360.6000,364.1000,3001500
361.9000,379.2000,360.0000,376.3000,3345900
384.3000,384.3000,367.2000,369.4000,1804300
379.5000,379.5000,370.3000,375.6000,1598300
375.2000,378.4000,365.0000,366.9000,1480900
364.0000,373.1000,353.3000,360.6000,2671400
360.0000,360.5000,336.0000,350.0000,9192300
350.0000,350.0000,350.0000,350.0000,0
346.0000,353.4000,339.9000,346.5000,4143900
346.5000,351.3000,333.9000,342.5000,2899600
343.8000,348.5000,340.8000,347.0000,3356000
348.4000,348.4000,333.0000,337.4000,2715500
339.0000,339.0000,319.4000,323.6000,3222800
322.8000,331.0000,322.0900,328.2000,3878500
330.0000,337.4000,321.1000,327.7000,6569500
331.2000,334.4000,313.2000,319.1000,4977600
317.7000,320.4000,310.4000,316.7000,3044400
313.8000,326.1000,313.8000,321.5000,2313800
320.4000,326.5000,318.1000,320.1000,2384700
313.8000,318.0000,307.1000,310.6000,2813100
315.0000,315.0000,302.2000,308.7000,3708400
311.4000,316.2000,298.9000,299.3000,3047300
303.3000,307.7000,299.1000,299.4000,1921800
304.7000,312.2000,301.6000,312.2000,6593600
309.9000,309.9000,299.7000,304.6000,4263100
305.0000,310.9000,293.5000,295.3000,29432100
295.3000,304.5000,275.0000,281.0000,5979700
281.0000,281.0000,281.0000,281.0000,0
281.0000,281.0000,281.0000,281.0000,0
286.0000,289.8000,280.5000,287.2000,6253400
285.9000,301.8000,280.0000,288.4000,4841200
286.7000,286.7000,273.3000,279.2000,2777600
289.6000,294.9000,271.9000,272.6000,3445000
271.2000,273.3000,262.7000,266.7000,3546500
267.0000,273.3000,255.4000,260.5000,4787100
261.0000,263.5000,250.0000,255.7000,2979300
259.3000,270.9620,257.9000,270.8000,11652100
275.0000,284.0000,270.3000,275.0000,3985100
276.0000,284.9000,274.8000,283.9000,1748100
283.1000,286.6000,280.1000,281.5000,2191700
280.3000,283.4000,271.8000,273.1000,3049600
271.9000,273.5000,267.3000,268.2000,1850700
269.6000,270.1000,253.9000,254.7000,2761400
256.0000,259.5000,252.0000,256.3000,2619700
258.1000,258.1000,238.8000,248.9000,4760500
248.7000,249.2000,237.5000,241.0000,3600900
250.0000,261.4010,245.6000,260.7000,3917400
260.4000,264.3000,255.5000,258.5000,2585800
260.0000,267.9000,258.9000,267.7000,3571800
265.0000,270.0000,262.1000,266.5000,1488600
263.1000,268.1000,256.1000,257.8000,2151600
255.2000,257.6000,245.9000,246.2000,1952400
244.8000,248.4000,237.6000,241.6000,1819300
242.8000,249.9000,241.7000,246.3000,1875300
243.6000,250.0000,241.0000,250.0000,2647100
246.6000,254.5350,242.7000,243.6000,2764900
246.6000,256.6000,244.6000,254.7000,1764700
257.0000,258.0000,249.6000,253.9000,1618800
254.9000,256.0000,247.2000,250.6000,2432300
249.9000,252.5000,246.0000,250.1000,1898700
248.6000,254.9000,246.8000,250.4000,3185100
253.5000,253.5000,234.1000,234.4000,4703200
230.6000,234.7500,213.1000,218.1000,3990300
219.0000,222.3730,214.5000,215.5000,2400400
214.5000,219.4000,211.5000,211.5000,3902400
214.4000,221.4000,206.8000,220.7000,3863100
222.5000,228.5000,218.4000,228.5000,3477000
230.9000,241.6000,230.2000,241.6000,2659800
241.4000,244.5000,234.7000,237.5000,2494200
238.2000,239.2000,231.0000,238.0000,3102200
238.8000,241.1000,229.3000,229.3000,3427700
231.3000,241.8000,230.7000,239.6000,2746800
237.9000,254.2000,236.1000,251.0000,3865400
249.9000,278.5000,249.6000,276.9000,5337900
276.0000,280.5000,272.8000,280.0000,5011600
280.5000,285.8000,269.8000,273.1000,2579700
273.6000,275.5000,268.4000,270.4000,1823500
272.9000,273.3000,265.6000,268.5000,901800
274.0000,277.7000,268.6000,273.2000,2443500
274.4000,274.4000,259.1000,262.4000,2313700
263.7000,271.5000,263.7000,269.6000,2327300
273.2000,273.3000,268.0000,270.5000,1524700
272.0000,272.3000,257.6000,259.2000,2114300
262.2000,268.8000,262.2000,265.8000,2839900
263.8000,263.8000,253.6000,255.5000,2619200
264.3000,265.8000,253.2000,254.6000,4899800
257.7000,257.7000,245.7000,246.8000,3274200
246.8000,246.8000,246.8000,246.8000,0
246.0000,249.0000,231.8000,233.9000,3940900
233.0000,235.7000,228.4000,231.4000,1836800
232.4000,237.2000,225.1000,226.9000,3130900
225.5000,229.9000,221.7000,225.0000,4274900
225.0000,234.5000,225.0000,226.9000,4698600
227.9000,228.7000,216.8000,218.0000,4754100
219.1000,219.5000,209.7000,211.5000,2927600
213.2000,227.7000,211.9000,226.7000,2957900
230.4000,260.4000,229.7000,260.4000,10967000
257.3000,263.5000,256.1000,260.2000,3046800
257.9000,262.9000,250.9000,261.1000,4386700
264.6000,275.0000,247.7000,269.0000,4380200
270.4000,273.7000,258.9000,259.4000,4766700
283.0000,299.0000,267.9070,293.7000,8446400
292.0000,292.0000,281.0000,284.0000,2071600
280.3000,282.3000,271.6000,279.5000,1700400
279.7000,286.3000,275.0000,277.5000,2294700
273.0000,274.4000,257.2000,260.8000,3810600
264.0000,273.6000,262.3000,271.9000,6648100
268.6000,268.6000,258.0000,261.5000,2282900
261.0000,261.6000,248.0000,250.0000,4458300
245.7000,249.9000,235.1000,238.2000,3895300
242.2000,248.3880,236.9000,244.5000,3310400
247.4000,253.5090,246.0000,246.6000,2687300
246.9000,255.4000,244.4900,253.7000,1996900
252.0000,256.0000,245.0000,246.3000,1982600
243.8000,252.8000,243.6000,247.3000,4018100
247.0000,250.3000,235.0000,245.1000,4716100
247.0000,256.3000,247.0000,254.1000,2794800
251.5000,253.6080,239.4000,244.7000,2064300
245.3000,250.4000,243.3000,247.4000,2216200
247.1000,251.4000,242.2000,242.2000,1590100
241.6000,249.6000,238.0000,247.6000,1159100
245.0000,248.3000,234.3000,234.3000,2348300
233.7000,235.4000,226.2000,229.2000,2529900
231.8000,245.2000,230.9380,243.7000,4047900
246.0000,257.8000,244.8000,252.6000,2447100
254.0000,262.5000,252.0000,258.9000,3182500
257.2000,259.7010,247.5000,248.3000,3725400
248.2000,258.7000,244.6000,247.4000,2176200
248.7000,256.3010,241.0000,243.0000,3528600
245.5000,252.1000,238.8670,250.3000,4940700
250.2000,251.4000,235.1000,235.4000,4943500
232.2000,244.1890,231.6000,239.7000,1885200
239.6000,243.3460,234.1000,236.4000,2286700
236.6000,241.0000,236.1000,237.9000,1004400
238.0000,245.0000,236.2000,236.2000,1375400
236.5000,241.5000,235.2000,238.4000,2021600
238.0000,243.5500,236.2000,243.3000,5883200
239.6000,243.7000,237.3000,242.3000,1224300
242.3000,256.2000,242.3000,255.8000,3186900
259.6000,261.3590,246.5000,247.0000,4115900
249.6000,250.2000,241.1000,242.4000,3049200
241.6000,243.6220,230.7000,236.4000,3357400
235.7000,240.3000,234.2000,236.5000,1891200
232.2000,234.5000,228.1000,233.8000,2993200
232.0000,233.4000,215.0000,217.4000,5395900
215.1000,226.7000,215.0000,225.5000,3506300
226.7000,226.7000,217.6750,218.6000,2154700
222.0000,227.6000,222.0000,226.8000,1561100
227.1000,231.1000,225.0000,230.1000,1980100
229.6000,230.3000,224.5000,226.3000,1486300
228.7000,238.4540,228.7000,237.3000,2335500
238.3000,243.8000,233.8000,241.1000,1681200
241.0000,241.5930,234.0000,238.1000,1869300
242.8000,245.9000,236.0000,239.5000,2197200
236.7000,237.6000,226.5320,231.4000,3118300
232.6000,239.6210,232.6000,237.9000,1786100
236.2000,239.4000,232.9000,234.2000,2166700
234.9000,236.2000,229.1000,230.8000,1835000
228.5000,233.9000,228.5000,233.0000,1625800
236.2000,241.7000,233.5000,236.2000,2733500
237.4000,242.6180,236.7000,239.5000,1739500
239.4000,243.8000,237.9000,242.4000,2082200
242.9000,246.8000,238.3000,246.2000,2096200
247.6000,255.3000,244.5000,252.3000,2294500
253.8000,265.5000,239.0000,263.7000,3572600
262.7000,264.4930,254.1000,259.1000,4346900
258.8000,263.7000,257.2000,261.7000,1272400
262.3000,267.0000,257.8000,266.5000,2961000
268.8000,273.1000,266.5000,271.9000,3027200
274.5000,282.4000,272.9000,278.4000,3725500
274.0000,283.0000,267.0000,267.0000,4810600
265.7000,266.8000,252.2000,257.8000,6224900
260.3000,264.1000,254.3000,254.3000,1132400
254.3000,254.3000,254.3000,254.3000,0
252.6000,265.2000,251.1640,259.4000,3622100
257.7000,261.6000,255.0000,256.9000,1662000
254.2000,259.2000,250.5000,258.9000,332400
258.9000,258.9000,258.9000,258.9000,0
266.6000,279.9000,264.0000,277.6000,3754800
278.4000,281.2000,274.3000,280.6000,2817200
278.9000,280.5990,274.6000,278.2000,2022300
277.0000,279.6000,272.9000,273.8000,2603500
271.8000,275.9000,269.7000,271.9000,2515800
272.8000,282.2000,272.4000,279.7000,2873700
278.4000,284.6000,275.3000,281.2000,3751500
281.9000,284.7000,276.6000,280.8000,2998800
282.8000,285.4000,278.1000,281.9000,4514500
281.6000,287.7000,280.2000,285.4000,4798700
285.4000,290.7000,283.8000,287.8000,3664600
286.1000,294.9000,285.8000,291.4000,5132800
292.0000,309.9000,290.7400,304.4000,8618200
307.6000,310.9300,302.3000,308.3000,2658100
309.3000,311.5000,301.8000,306.9000,3471400
310.0000,316.2000,303.5000,308.9000,5975900
310.2000,310.4000,301.5620,306.9000,7789800
302.6000,329.6710,296.2000,300.0000,5315300
300.0000,310.4000,291.1000,293.7000,3750400
293.2000,303.3000,293.2000,301.9000,3245200
303.0000,304.8000,289.0000,291.2000,2524500
291.2000,310.0000,281.4000,288.5000,4484900
291.1000,297.1000,285.5000,297.0000,3681400
299.3000,305.3000,289.0000,290.9000,3952600
290.2000,297.3000,288.9000,289.9000,1865000
291.1000,294.6000,286.1000,291.9000,2783000
292.3000,296.0000,287.2000,288.2000,2293900
289.1000,293.1000,286.4000,288.5000,2538400
288.7000,300.3000,288.4370,296.0000,3043300
294.6000,296.9000,291.1000,296.9000,1797200
296.2000,304.3000,295.9700,300.7000,3269600
299.5000,303.5000,291.1000,293.1000,2339900
291.8000,303.5000,287.1000,289.5000,1957200
288.7000,289.3000,282.3000,283.1000,2047100
282.5000,288.5000,282.5000,286.6000,1136700
286.9000,290.7000,279.6000,280.7000,2950000
277.0000,285.4200,265.4000,266.7000,4156400
269.2000,276.1000,266.7000,270.1000,2977700
269.8000,278.0000,269.8000,271.7000,2101700
261.3000,267.6000,260.4300,265.8000,4808700
267.9000,271.1000,262.0000,270.0000,1403400
270.2000,273.0000,262.9000,272.9000,5498600
265.2000,268.6000,259.0000,261.5000,3374800
261.5000,261.8000,253.6000,254.0000,3267200
256.0000,263.1000,256.0000,262.1000,2347600
264.5000,265.0000,252.6000,253.5000,1909800
252.4000,256.3000,249.9000,253.3000,3154800
258.0000,267.5000,257.1000,267.5000,3515700
265.2000,267.5000,258.0000,260.9000,3036000
261.0000,265.4000,257.6000,260.7000,1895100
259.1000,261.0040,248.4000,251.0000,2713800
250.9000,253.5000,244.5000,246.3000,2646300
247.8000,253.6000,239.6000,242.9000,6437900
236.4000,245.1000,235.6000,244.5000,3254000
240.3000,242.3000,228.4000,233.4000,4321400
236.6000,237.3000,224.0000,230.3000,5891000
231.0000,233.5000,225.2000,231.5000,3034300
230.8000,230.8000,224.0000,225.5000,2047000
227.9000,229.6250,211.7000,217.4000,8403800
219.2000,224.0000,215.9000,219.2000,4197900
222.5000,223.6000,215.8000,219.9000,3360500
221.7000,225.6000,218.9000,222.0000,3648200
222.0000,222.0000,222.0000,222.0000,0
222.0000,222.0000,222.0000,222.0000,0
217.6000,225.1000,212.7000,216.5000,3386400
213.5000,214.8250,199.6000,203.5000,4975500
202.7000,208.4000,197.7000,200.2000,5047600
199.8000,205.4100,191.7000,194.0000,3841000
196.3000,200.0000,194.1050,197.3000,2502100
198.6000,204.9000,197.5000,201.5000,3914500
204.1000,212.9000,202.6000,209.7000,6192500
194.0000,196.2000,175.9000,185.8000,13516100
185.0000,191.0000,181.1000,183.4000,7874300
182.0000,182.0000,161.2000,171.9000,8695000
171.0000,175.0000,165.5600,165.9000,5995500
168.5000,168.5000,153.7000,158.5000,6243100
157.6000,163.4000,151.1000,156.4000,6189700
159.2000,165.5000,158.5000,161.8000,4995300
164.0000,165.4000,153.5000,155.1000,4678900
156.3000,159.2000,151.5000,158.2000,2516800
155.0000,167.0000,154.1000,166.0000,8328200
166.0000,170.6000,162.5000,166.6000,8811100
165.9000,166.5000,158.5000,160.1000,6848500
160.8000,163.7000,157.7000,158.4000,4188300
158.9000,165.2000,153.1000,155.0000,5856500
157.0000,157.8000,148.7000,150.3000,2073100
150.7000,151.8000,146.5000,148.8000,3783500
148.8000,159.3000,148.8000,155.6000,5643100
155.6000,155.6000,155.6000,155.6000,0
157.3000,167.3000,156.1230,166.2000,7939800
168.0000,176.4890,167.2000,171.4000,10801400
171.5000,178.2000,169.0000,170.9000,5596400
171.7000,175.9000,169.5000,171.4000,5178400
170.5000,177.3040,167.9750,169.4000,3463200
169.6000,171.4000,159.6000,163.5000,6375900
162.0000,164.7000,154.0000,159.1000,7256500
160.0000,160.0000,150.8000,155.1000,6021400
154.4000,159.7000,153.3180,154.2000,5930500
154.5000,156.0000,151.1000,152.3000,3835700
152.0000,160.0000,147.8000,158.8000,8897500
158.5000,160.8800,154.0000,155.4000,4804500
149.0000,152.8000,147.1000,148.9000,5815800
149.8000,150.6000,146.2000,146.3000,3863200
146.3000,146.3000,146.3000,146.3000,0
147.7000,150.3000,141.7000,143.9000,6232300
142.9000,143.4000,136.7000,140.0000,6101600
139.8000,142.8000,138.9920,142.3000,8565500
142.0000,142.7000,135.0000,135.3000,28393300
134.0000,140.3000,132.5000,137.7000,4735600
138.1000,139.7000,133.0000,134.0000,7329500
132.2000,134.2000,128.9000,130.2000,6537700
129.4000,131.4000,126.7000,127.0000,3068900
126.7000,128.6000,124.5000,127.5000,3719200
130.0000,133.3000,123.6000,124.6000,6862800
122.8000,123.2560,116.5000,117.3000,5171300
117.2000,118.9000,113.2000,113.7000,4737100
111.9000,121.8000,107.6000,119.5000,8660200
120.3000,123.6000,119.3630,120.8000,5577500
120.9000,121.4000,117.9000,119.2000,5258900
117.9000,120.0000,115.2000,117.3000,3858400
117.8000,117.8000,114.3000,115.3000,3258100
111.8000,114.1000,107.7360,110.3000,5308600
108.0000,114.9000,108.0000,109.3000,18469800
108.3000,109.0000,101.6000,103.2000,5135100
100.8000,106.6500,100.8000,105.1000,4251800
106.0000,106.0000,99.6500,100.2000,4066700
100.6000,101.9000,95.9500,97.0500,4584900
98.1000,100.3000,95.0000,96.6000,5137100
97.8500,103.5000,94.6300,102.0000,5131900
101.8000,109.6600,101.6000,105.2000,7308700
103.7000,104.0000,100.2000,102.5000,5366800
102.5000,106.0000,100.4000,103.6000,2415500
104.8000,105.4000,98.1920,100.1000,1656900
101.7000,102.0300,99.0500,99.1000,2825900
99.5000,100.2280,90.4100,95.5500,15778200
91.5000,98.8000,91.5000,92.2500,7031700
94.8500,96.2000,91.9500,94.3000,5515200
95.4500,98.4500,91.7500,92.6500,2710200
93.5000,94.8000,89.6000,91.7500,3214800
91.0000,97.8000,90.7000,96.8500,4634800
95.5000,103.0000,95.5000,102.1000,10671900
101.4000,103.2550,98.7000,102.5000,4685000
102.0000,105.2000,99.4000,104.0000,4335100
104.9000,106.1000,101.0000,103.1000,3761100
103.3000,108.1000,103.3000,105.4000,4845200
106.6000,108.6000,104.8000,105.9000,5855500
104.1000,104.2000,100.9000,102.7000,4254700
103.5000,104.2000,101.3000,103.0000,2418500
103.0000,103.7560,100.3000,102.9000,1979900
103.0000,103.5000,98.7500,99.4500,3699100
98.0000,100.9000,93.6500,93.8500,4062500
94.5500,95.6860,92.3000,94.3500,4329600
94.9500,96.5300,92.4500,95.6000,4844000
96.0000,99.1520,95.4000,97.2500,3457300
96.8000,97.4000,92.0000,93.0000,5546100
93.0000,94.1500,89.9990,92.0000,4996000
92.4500,95.5000,91.3820,95.2500,3369800
96.3500,106.8000,95.4600,104.5000,10287500
105.5000,120.0000,104.6500,117.2000,11434100
118.1000,122.0000,117.3600,118.4000,6089300
117.8000,125.3000,114.0000,120.5000,6017300
120.5000,121.9720,116.8000,118.1000,4217300
118.0000,125.7000,115.6760,123.1000,2988800
124.3000,126.0000,118.9000,123.1000,2040600
119.8000,120.4000,113.0000,115.0000,3968100
116.6000,118.1000,112.3000,116.7000,2042900
115.7000,125.8000,115.7000,119.7000,5424500
120.4000,130.1000,120.0200,126.0000,3958200
126.0000,126.0000,126.0000,126.0000,0
125.1000,126.3000,122.0000,123.4000,1742600
120.1000,126.9000,119.0000,124.7000,4698500
127.0000,135.0940,127.0000,134.0000,6929600
132.9000,197.5900,124.3000,125.0000,4208200
128.1000,129.1000,125.4700,126.9000,1744300
128.0000,128.0000,121.8000,126.1000,2185000
126.6000,129.9000,123.0000,128.8000,1546300
127.8000,134.0000,127.0000,130.3000,2925700
129.6000,132.3000,127.1270,131.6000,4182500
131.9000,134.3000,127.3000,133.5000,2855700
134.0000,135.8200,130.6000,133.8000,2351600
133.7000,135.0000,131.9000,134.9000,3485500
135.7000,138.4000,134.9000,137.1000,2966900
137.3000,141.7000,136.0000,139.2000,2375300
141.0000,142.9000,139.4000,139.9000,2680700
133.1000,138.2000,133.1000,137.7000,2517800
138.0000,140.0000,133.8000,134.9000,1798900
140.7000,142.0000,135.9000,137.6000,4327900
137.8000,139.7000,135.7000,136.6000,3110900
137.6000,137.6000,130.8000,133.5000,3431100
132.2000,133.5000,130.4000,132.9000,1673700
132.7000,134.1000,131.2000,133.0000,1637700
133.5000,135.7000,132.7000,133.4000,1165000
132.4000,132.5000,125.1000,128.0000,4113900
126.2000,128.2000,123.3000,128.0000,2821700
127.3000,127.3000,120.2000,125.0000,2738100
124.7000,126.4000,123.3000,125.6000,1386400
125.3000,126.0000,123.1000,124.1000,824700
123.6000,124.0000,120.3000,123.3000,1401400
122.7000,126.0000,121.2000,125.4000,1319300
125.8000,128.2000,124.8000,126.3000,933300
126.4000,128.5000,125.7000,127.3000,1042900
128.3000,132.6000,127.8000,130.9000,2040900
132.0000,132.4000,127.5000,128.9000,1145600
126.8000,130.9000,126.8000,129.7000,865800
129.4000,135.1000,129.2000,131.9000,1425400
131.8000,132.8000,130.0200,132.0000,1441500
131.5000,133.2000,130.3000,132.0000,1368200
133.7000,134.7900,129.1000,133.0000,1053000
133.5000,134.6000,131.2650,133.2000,801300
132.6000,135.3000,130.6000,134.2000,1414600
134.3000,134.3000,127.7000,128.4000,1252800
128.4000,130.3000,128.2000,128.5000,939500
127.9000,128.1000,124.1000,128.1000,1631900
128.9000,128.9000,125.4000,125.8000,740500
125.8000,125.9000,121.1000,122.6000,1884700
122.8000,122.9000,120.2000,120.7000,1978200
120.6000,120.9000,118.0000,118.0000,1387500
118.1000,118.5000,115.0000,116.7000,1552700
118.1000,125.0000,118.0000,122.1000,2869800
122.7000,124.8020,121.6000,121.6000,1750600
121.1000,124.1000,119.2000,123.8000,1375200
123.7000,129.1000,121.6830,125.7000,4900100
124.6000,125.0000,123.1000,124.9000,1238600
125.0000,126.4000,123.7000,124.3000,1187600
121.0000,123.2000,118.4000,119.2000,1226600
119.2000,120.3000,111.2000,115.1000,2900600
116.2000,119.2850,114.1000,115.0000,1637800
115.3000,117.6000,114.1000,116.5000,1203800
117.1000,117.8000,115.7000,116.0000,1180300
114.2000,115.8000,113.0000,114.3000,1190900
113.9000,114.3000,112.1200,113.4000,995500
112.0000,112.8000,105.0000,108.4000,3121900
108.0000,108.4000,105.3000,106.4000,1998000
108.0000,110.0000,106.4000,107.8000,1853100
108.8000,108.8000,105.3000,106.2000,1601100
106.3000,108.1000,103.5000,105.8000,1386700
104.8000,108.0000,104.8000,107.0000,1597900
107.7000,108.0000,106.5000,106.9000,2375100
105.9000,106.0210,104.3000,104.9000,922400
103.8000,104.9000,100.8000,102.6000,2679400
102.4000,103.9000,99.3500,100.0000,1816800
98.9000,101.9000,98.9000,101.6000,1688600
101.1000,104.6000,100.5000,103.8000,1516200
104.4000,104.5000,101.8000,103.5000,628200
104.0000,105.5000,102.7000,102.7000,1259500
102.2000,104.4000,100.6640,101.5000,1469400
100.5000,101.9000,98.1000,98.1000,2010100
97.8000,99.4100,96.8000,98.4500,1377300
97.9000,100.8000,97.3500,97.6500,1522200
97.6000,100.4000,96.3500,99.2000,865100
99.0000,99.3000,96.1000,98.5500,1095100
99.4500,100.1000,97.4000,100.1000,450200
99.9000,101.9000,99.5500,101.1000,2273200
99.8000,102.5000,99.8000,100.2000,431200
101.0000,104.6840,100.5000,100.9000,479100
100.9000,100.9000,100.9000,100.9000,0
100.9000,100.9000,100.9000,100.9000,0
102.2000,109.9000,101.4440,109.3000,1766900
108.9000,114.5000,108.9000,111.6000,1644900
110.3000,118.0000,110.3000,111.9000,581900
111.9000,111.9000,111.9000,111.9000,0
112.7000,112.7000,109.7000,110.0000,1578400
110.4000,111.1000,108.6000,111.0000,1315900
112.0000,112.0000,107.3000,110.5000,1010700
109.0000,111.8000,108.0000,108.5000,717200
109.2000,109.6000,105.1000,105.6000,964800
106.2000,106.4000,100.4000,103.4000,1661600
103.2000,103.6000,100.4000,103.6000,1008400
102.7000,104.6000,102.1000,104.0000,1424500
102.4000,104.4000,101.8640,104.4000,856900
104.2000,104.4400,102.2000,103.9000,1157600
103.5000,104.7000,102.1000,104.1000,1348600
101.1000,108.7000,101.1000,104.0000,1417100
104.2000,108.3000,100.0000,105.5000,2717900
104.8000,108.1000,103.5000,104.2000,1558000
105.4000,106.1000,102.4000,102.5000,890300
102.5000,102.9000,100.2000,101.6000,1240400
100.3000,101.7000,96.8000,96.8000,4137900
96.2500,97.0660,92.0000,94.4000,1896200
94.6500,96.0000,91.1500,93.1500,1265900
94.7500,96.1000,87.2500,88.8500,3264600
88.5000,95.0000,85.6000,86.0000,2922300
87.0000,90.1130,83.0500,85.4000,3303100
85.0000,87.1000,82.7500,82.7500,3942000
82.1000,82.3500,78.9000,79.3000,3205600
79.2500,82.5500,79.2500,80.6000,2577000
81.3000,82.2500,79.6000,80.7000,2441300
81.0000,84.7310,81.0000,82.1000,5645000
82.1500,84.9000,82.1500,83.2000,2109200
83.7000,86.0500,83.7000,85.7500,2278000
85.8000,87.6500,85.0000,86.5000,3512500
85.8500,87.0500,82.8500,83.8000,2014000
83.2000,88.0000,83.2000,85.5000,2958000
85.3000,87.4000,85.3000,85.8000,1170600
85.7000,86.4000,84.0720,85.7500,1779400
85.1500,86.0400,81.0500,82.4000,2749300
81.2000,83.9500,77.0010,83.1000,4646100
82.8000,84.8500,81.7000,82.2500,1912900
81.6500,81.7900,78.3000,80.1500,2213200
80.0000,80.0000,75.6500,76.4500,3113400
76.2000,76.8500,72.8500,72.8500,3240300
73.4000,74.0000,69.0500,71.0500,4583000
70.6000,71.2000,67.9000,70.0500,4270200
68.1000,68.1000,60.7000,61.1500,5778700
62.5000,65.9600,61.7000,63.1000,5112500
62.7000,66.0000,61.8000,63.3000,3964300
64.0000,68.6500,63.4230,64.9000,8394700
64.6500,66.5920,63.0000,63.6500,3806000
62.7500,64.5780,58.7000,60.0000,6213800
60.0500,61.0000,57.3000,58.2500,3414100
57.9500,58.2000,55.6000,56.4500,3434200
56.3500,57.6000,55.8500,55.8500,2967600
55.0500,55.0500,51.3500,54.4000,3572400
54.4500,56.3790,53.5460,55.2500,3390000
55.2500,61.0000,54.7000,60.6000,7130600
60.8500,65.9000,60.7100,62.6500,6225900
62.5500,65.7000,62.0300,63.0500,4257600
63.1000,65.2500,62.2000,65.1500,10117900
65.9000,66.7500,63.3000,65.2000,3164400
65.0000,67.6500,64.4000,67.6500,2755000
67.4500,70.4500,65.2160,69.2000,3039600
68.6500,71.9500,66.7000,70.8500,3688100
70.8000,73.2500,70.8000,72.0500,2615100
73.9500,81.1500,73.5000,79.7000,6388600
82.4000,82.8620,74.6000,79.1000,4059700
79.1000,79.7500,76.8000,78.0500,5857000
77.2500,78.0500,75.3000,76.0000,4907200
77.0000,80.0000,76.2240,79.9000,3471100
78.7000,80.8500,75.2000,75.7000,2225800
76.9500,79.5000,75.2500,78.9500,3685000
78.8000,85.5000,78.7500,81.9500,6662600
83.4500,85.2500,82.5000,84.7500,3776000
83.3500,85.1000,81.0000,81.3500,3131800
81.9000,86.0500,76.0820,85.8500,3294500
86.7500,93.4920,84.2000,84.5000,6292900
86.8000,86.8000,82.1500,83.4500,2222500
84.7000,92.9500,83.7500,91.1000,4775700
91.1000,91.1000,91.1000,91.1000,0
91.1000,91.1000,91.1000,91.1000,0
91.8500,95.5000,89.9800,94.9000,4704500
93.7000,96.1500,93.7000,95.4500,2710400
96.5000,96.8500,92.3500,93.2000,3050600
93.2500,95.6000,90.6000,92.3000,2426100
92.2000,95.0000,89.1500,94.0000,5020900
94.5000,97.2000,91.6000,96.0500,4383400
96.4500,98.0000,95.3740,96.3000,4921000
96.6500,99.0000,95.0600,98.0000,2155600
99.2000,101.9000,97.4500,100.0000,4990000
100.0000,100.0000,100.0000,100.0000,0
99.4500,102.1000,98.6000,101.2000,3124500
101.2000,105.0000,100.0370,104.2000,2369900
105.5000,107.5000,103.4000,104.8000,3003600
105.5000,105.5000,101.6000,102.7000,3872000
103.3000,106.4000,99.2320,104.4000,2260700
105.7000,106.2000,102.3300,103.5000,1691100
103.8000,106.0000,102.3370,105.0000,1367600
105.4000,108.4000,100.8000,102.3000,2659600
103.5000,103.8000,93.6500,100.1000,4391100
99.0000,100.2000,96.0000,99.9000,3603900
99.7500,102.7000,97.7000,99.6500,1853100
99.0000,102.0000,97.6000,99.7000,1154000
101.4000,103.0000,98.5500,102.1000,2122500
102.0000,105.8000,101.5000,103.9000,2064400
103.9000,103.9000,103.9000,103.9000,0
105.8000,108.0000,104.7910,106.5000,1858000
107.4000,109.9000,103.3000,103.8000,2690600
104.1000,110.0000,103.4000,109.2000,3115500
107.7000,108.3300,104.0000,104.8000,2703500
105.5000,105.9480,99.5000,102.4000,3286700
103.0000,104.1000,98.5800,103.5000,5059700
101.9000,102.5000,95.3000,96.2000,2287700
97.3000,98.5500,94.1000,98.2000,2345900
99.5500,102.1000,97.5800,100.1000,2313700
100.0000,104.9000,98.3000,99.2500,2237200
99.8000,101.4000,97.9500,99.5000,2036100
99.6000,100.5000,95.6500,99.5500,1505600
99.8000,99.8000,95.8450,96.2500,831700
95.7000,97.7000,93.4500,97.0500,2494300
97.3000,97.3000,90.5000,92.0000,3892400
92.2000,92.2000,86.2000,88.7000,4043000
89.5000,92.0650,88.3140,90.4000,1891600
90.8000,95.1000,89.4500,90.3000,2720300
90.5000,94.2000,89.6000,92.4500,2525000
93.5000,94.0000,88.9000,90.0000,2562900
91.2000,94.2000,89.9500,91.2000,2656200
91.1500,92.0100,88.6800,90.4500,2335600
90.8500,92.3500,89.6000,90.9000,2058100
90.7000,93.0000,89.8500,92.8000,2165800
92.2000,93.7500,88.1500,88.5000,3411700
89.5000,91.7000,88.0000,89.6500,2411200
90.5000,92.2000,89.2000,91.7500,1663000
92.0500,94.9000,91.4500,93.1500,2314700
96.0000,99.0000,94.2300,97.0000,3502300
96.2500,100.0000,95.5500,97.8000,3122400
96.2500,102.0000,94.5500,98.0000,3076900
98.0000,99.9000,95.8500,98.5000,1985500
98.3000,98.3000,95.0500,96.9500,1562900
97.8000,100.6000,95.7000,99.1000,1591400
98.7000,101.2000,97.8500,98.6000,1687800
98.2500,101.2670,96.5000,98.1000,1377800
99.4000,102.6000,98.5000,102.6000,1706500
101.3000,104.1200,95.9000,99.7500,2965500
98.9000,102.1000,96.6000,101.3000,1106900
101.9000,101.9000,97.8900,99.5000,1915500
97.4500,101.2000,97.2000,97.6500,1188300
97.5500,100.8000,97.4000,99.7000,1200700
100.5000,100.5000,97.2500,99.5500,666800
99.7500,100.3000,97.4690,98.1000,846200
98.9500,101.2720,93.0500,95.0000,3717500
95.7500,97.5500,95.1000,95.3000,3073000
96.1500,100.9110,95.6500,97.0500,7828300
97.3500,98.5500,95.8000,96.0500,3292000
96.8000,100.4000,93.3000,98.6000,2043600
99.0000,102.0000,97.8500,100.3000,2387900
100.6000,102.2000,98.3000,99.2500,1534200
99.3000,101.2000,97.3000,100.7000,1334000
99.7500,101.8000,97.7500,98.6500,1528400
96.9000,101.4000,96.9000,100.0000,924100
100.1000,102.0000,99.3500,99.9500,1022000
100.0000,101.8000,98.2000,100.1000,1134200
97.9000,105.0000,97.9000,103.0000,2364700
102.0000,105.0000,100.5000,103.9000,1847200
103.3000,105.0000,103.0000,104.0000,799700
105.0000,105.0000,104.2000,105.0000,3652900
105.0000,109.4000,105.0000,108.3000,5077800
108.7000,109.0000,105.6800,108.1000,1060000
108.7000,109.7000,107.7000,108.4000,1283300
108.1000,110.2110,106.7000,108.5000,3585000
108.5000,108.5000,108.5000,108.5000,0
109.6000,114.9000,109.1000,113.9000,2097000
113.5000,115.0000,109.5000,113.4000,2139900
114.5000,115.0000,112.1000,114.0000,3857000
114.0000,114.9000,110.5500,112.8000,3593000
112.0000,114.1000,110.9000,111.8000,1054700
112.6000,113.0000,105.5000,107.0000,2723600
107.6000,115.0000,105.9000,115.0000,5000300
115.0000,120.0000,111.5240,119.9000,4633600
119.6000,120.0000,116.8000,117.8000,2754700
118.0000,118.1000,115.1000,118.0000,1132400
118.5000,119.7000,117.2000,118.7000,846600
117.9000,120.0000,117.5000,119.0000,1738000
119.5000,119.5000,115.0000,115.8000,1141600
117.0000,120.0000,116.7000,117.9000,1650800
117.7000,123.4000,117.1000,122.9000,2933400
122.8000,128.3000,121.2000,127.6000,3425100
129.1000,134.9000,126.7000,130.9000,2820600
131.7000,143.0000,130.3270,140.4000,4001500
142.6000,146.0000,141.0000,145.0000,6819400
144.8000,144.8000,122.4000,123.5000,8222800
124.0000,127.3000,119.0000,123.4000,2713200
124.3000,128.4000,122.2000,127.8000,1378100
127.3000,128.5000,122.1000,123.5000,931200
123.6000,128.9000,121.0000,127.1000,1228600
125.8000,128.1720,122.7000,126.4000,1685100
127.0000,131.4100,125.9000,130.0000,1615200
129.9000,129.9000,122.9000,123.6000,1814200
124.2000,127.6000,120.1000,121.5000,1888400
123.9000,123.9000,116.0640,116.4000,1109200
118.0000,119.4390,112.9000,114.0000,2167900
114.8000,119.1100,112.1500,118.7000,1785600
117.1000,120.0000,116.1000,118.5000,1490000
119.3000,122.1000,118.6000,120.8000,1259500
120.5000,122.4080,114.4170,118.0000,2191600
115.1000,122.5000,115.1000,118.7000,1066100
119.2000,122.9360,115.9000,122.1000,802600
123.0000,124.1000,118.6000,120.7000,1580300
120.1000,123.0000,114.9000,123.0000,2296300
122.4000,129.5000,120.7000,128.7000,1678800
126.7000,126.7000,120.9000,125.3000,1212500
124.4000,132.1000,124.4000,129.6000,1319400
128.2000,131.6000,124.9000,129.6000,1315400
129.6000,133.2000,124.5100,131.3000,1770900
129.1000,132.1000,127.7000,130.0000,1002100
131.3000,133.0000,126.0000,128.2000,997300
129.0000,132.6000,126.8000,132.0000,975700
134.1000,134.2000,129.5000,129.8000,2725600
130.5000,130.5000,125.2000,127.9000,3662800
130.0000,130.0000,127.1000,129.2000,1203900
129.9000,129.9000,126.1000,126.2000,1137500
126.8000,127.8300,121.5000,122.2000,1149700
122.9000,129.8290,121.0000,121.9000,925500
121.7000,125.4000,120.6000,122.7000,757800
121.4000,124.4000,120.7000,124.3000,1418700
122.7000,130.0000,122.7000,128.2000,2418900
129.0000,129.0000,125.2160,125.8000,2129500
126.9000,129.6000,124.6000,129.6000,1133100
128.7000,133.6000,127.4000,132.0000,1763800
131.4000,134.9000,130.5000,134.4000,629400
133.2000,139.9000,133.2000,137.8000,1961000
136.3000,142.8000,136.3000,142.7000,2640200
141.3000,145.0000,139.4000,141.7000,2610800
139.8000,140.2000,135.8000,138.6000,1141000
139.0000,150.0000,137.5000,149.4000,4836400
149.4000,154.6000,144.9920,153.8000,2347700
154.9000,162.7000,148.2000,162.6000,2713000
161.3000,162.6240,149.3000,152.3000,2773900
151.7000,152.9000,147.0000,152.0000,2279100
150.4000,150.9000,145.6000,149.3000,1583100
146.5000,148.1000,144.0000,145.2000,3520500
146.9000,146.9000,139.3000,141.0000,2621500
140.5000,143.0010,136.3000,140.5000,1538400
142.3000,143.5000,136.7800,141.1000,1914100
142.0000,142.4000,138.5000,140.3000,1299900
140.0000,143.2000,139.0000,139.8000,1067900
138.8000,142.6000,135.8160,138.9000,1353000
138.2000,143.0000,138.0000,139.6000,933700
140.9000,141.4000,133.0000,134.2000,1491500
132.1000,135.5000,130.6000,130.9000,791200
129.4000,130.5000,119.7000,120.1000,5484700
121.3000,123.0000,109.6430,118.2000,8444100
117.9000,132.4000,115.1000,129.1000,2397800
130.6000,134.2000,128.5000,129.4000,2962600
131.7000,133.6040,127.7000,130.1000,2792200
132.2000,145.9000,132.0000,142.7000,1967800
139.3000,155.2000,138.0000,149.2000,1603700
149.1000,151.6000,144.0000,151.5000,650900
151.5000,151.5000,151.5000,151.5000,0
151.5000,151.5000,151.5000,151.5000,0
147.7000,153.4000,143.3120,152.5000,905900
154.9000,156.9000,149.6000,154.5000,913000
155.9000,155.9000,153.2000,154.5000,735200
154.5000,154.5000,154.5000,154.5000,0
155.7000,156.3000,149.9000,152.0000,934000
152.4000,153.5000,142.3000,145.0000,1625500
146.3000,149.5000,139.9000,146.9000,1174400
149.5000,151.0000,147.1000,149.8000,910900
151.0000,155.4000,150.3000,154.1000,1930900
154.7000,155.0000,148.1000,150.2000,889600
149.4000,152.8620,144.9000,146.5000,1375500
146.5000,150.2000,144.7000,146.5000,2101000
145.9000,150.7550,140.6000,148.2000,1415800
151.2000,151.2000,144.5000,148.0000,913100
148.8000,154.4000,141.6000,152.5000,1452900
151.4000,156.2000,149.2000,153.6000,1318000
152.5000,156.2000,150.3000,153.8000,1714600
153.5000,158.0000,152.0000,158.0000,1439100
157.9000,176.1000,157.9000,175.1000,3465700
173.1000,178.2980,170.0000,170.6000,4168100
166.2000,172.7000,161.3000,172.1000,1601100
170.9000,175.5000,168.2000,175.5000,3009800
176.2000,179.0000,174.4820,177.6000,2046300
177.4000,177.5000,167.9950,172.7000,1332300
175.2000,175.4610,163.6000,170.4000,3297100
169.9000,173.6000,167.0000,169.0000,1379400
172.6000,174.6000,168.4000,174.4000,3840000
175.7000,176.6000,168.6000,171.2000,2078200
170.2000,178.4000,169.9000,177.3000,2000900
178.5000,185.6000,177.4000,183.3000,1915700
180.6000,186.6000,179.1000,181.0000,1816700
184.5000,187.8000,181.2000,182.7000,2408500
183.7000,189.0000,179.9350,185.2000,2581800
186.6000,192.1000,184.6000,187.3000,3369300
189.2000,196.2580,186.0000,193.0000,3322600
194.1000,195.0000,190.5000,192.3000,938200
193.2000,196.3000,186.2600,191.3000,3315600
193.7000,195.0000,191.0000,194.3000,1661200
194.8000,194.8000,187.2000,190.6000,1428900
191.0000,196.7000,191.0000,193.8000,1808900
193.8000,195.5000,189.2000,190.1000,1292600
191.6000,193.2000,187.0000,191.9000,1523200
192.8000,192.8000,188.7000,190.0000,716100
192.1000,194.5000,188.2700,193.4000,888800
194.0000,198.8000,192.5000,196.8000,1534500
196.5000,198.7460,194.0000,195.0000,1182800
194.5000,197.0000,193.8000,193.9000,1105600
193.9000,197.5000,191.0000,191.7000,1088500
192.0000,195.0000,189.6000,192.6000,778500
194.0000,196.0000,190.5000,193.6000,1541700
189.3000,192.8000,187.7900,189.4000,783200
189.9000,191.6000,184.0000,184.0000,2682600
187.0000,187.5000,179.8000,184.8000,2350400
186.6000,192.0000,185.3000,190.0000,2086700
188.6000,189.4000,184.5000,185.6000,1340500
187.9000,188.5000,184.8000,186.4000,884800
187.5000,189.7000,183.0000,186.8000,1317200
183.2000,191.5000,183.2000,188.1000,1649600
188.9000,195.8000,188.1000,195.2000,2293400
195.0000,198.3000,192.8000,196.4000,3405900
194.1000,197.4000,193.2000,194.6000,1029400
195.0000,198.8000,193.6000,194.5000,2000900
196.9000,198.8550,190.9000,193.5000,1750500
193.0000,195.5000,188.5000,189.9000,1882000
188.8000,193.4000,187.9000,189.7000,1809300
188.8000,190.9000,187.3000,188.6000,1270800
187.9000,190.0000,187.0000,187.7000,1589200
192.0000,204.8000,192.0000,197.5000,6054600
199.0000,199.0000,190.7000,191.4000,1775400
191.4000,191.4000,191.4000,191.4000,0
191.4000,191.4000,191.4000,191.4000,0
190.9000,197.7000,190.0000,194.6000,2502000
195.6000,200.8000,192.4500,200.8000,2643900
200.0000,204.0000,199.2000,200.0000,1381000
200.8000,209.5000,199.3800,207.1000,3305600
206.0000,207.1000,202.0000,203.2000,747400
200.8000,205.0000,198.6000,203.7000,1179100
202.0000,208.9000,199.4000,207.4000,1150800
206.4000,209.9000,204.7510,205.4000,2077600
203.8000,204.0000,190.2000,191.7000,2019500
192.0000,206.9700,184.3000,192.6000,111233904
194.1000,195.7000,187.4000,190.2000,1549600
189.3000,190.0000,184.9000,186.1000,2358600
187.6000,190.0000,185.6400,189.0000,3399100
188.0000,189.9000,186.4000,188.8000,2395900
188.6000,190.0000,185.1000,189.6000,2243500
188.7000,195.0000,188.0000,193.2000,2138800
192.5000,194.8000,187.0000,188.3000,1661300
190.1000,190.1000,187.1000,189.7000,1896000
194.0000,195.8000,189.2000,192.0000,723900
192.0000,192.0000,192.0000,192.0000,0
191.0000,194.8000,189.6000,194.4000,3156800
192.7000,207.4000,192.7000,205.7000,2833800
206.2000,207.4000,200.3000,202.3000,2456600
205.6000,207.2000,198.8000,201.7000,2242500
200.2000,206.0000,200.0000,202.7000,1236700
200.0000,204.1000,198.1200,199.9000,2452800
201.7000,207.4000,201.1000,205.5000,1762100
206.6000,207.0000,199.8000,206.3000,1412400
207.3000,207.3000,192.2000,193.7000,2714200
191.8000,197.5000,190.9000,195.4000,1346500
194.2000,197.1000,185.0000,186.1000,1495800
186.9000,187.5000,180.2000,181.8000,1464600
180.4000,186.7480,179.9000,181.2000,1737800
182.7000,187.8000,180.3000,181.9000,1859900
181.9000,181.9000,181.9000,181.9000,0
179.0000,182.6890,171.4000,173.7000,1176900
170.3000,176.8000,170.3000,175.6000,1018300
173.0000,176.7000,169.2000,173.6000,1545900
173.3000,173.3000,167.5000,168.6000,1655100
167.5000,171.4000,164.5000,168.5000,1367600
168.5000,170.0000,167.2000,168.7000,2506100
168.3000,171.0000,165.0000,166.4000,1437400
165.2000,165.6000,155.0000,157.4000,4408300
157.9000,163.0000,155.0000,160.8000,3051100
160.2000,168.2000,157.6000,165.7000,2241100
164.2000,165.7000,156.1000,161.1000,1845300
159.5000,165.1000,159.5000,163.5000,1286300
160.9000,162.8000,157.5000,160.2000,1305200
158.3000,159.7000,148.5000,151.7000,1759500
147.9000,151.7000,147.7080,150.0000,1743600
148.5000,149.9000,144.0000,149.1000,1029700
147.9000,150.3000,146.2000,146.6000,1036700
145.4000,147.6000,143.0000,143.5000,1152500
144.3000,149.4000,143.1000,146.8000,3075700
145.0000,150.7000,144.8000,146.8000,1645000
146.6000,147.7000,139.1000,139.7000,1357000
139.0000,139.4000,126.4000,136.4000,3087300
135.3000,136.5000,133.1000,135.4000,996100
136.1000,136.1000,127.0000,127.7000,1707100
122.2000,127.2000,119.5450,124.3000,983600
124.8000,125.2000,120.0000,123.2000,1065600
123.3000,126.5000,119.6000,121.0000,1065300
120.9000,120.9000,112.8000,113.9000,2007900
113.0000,117.2000,111.4000,115.5000,3250100
117.3000,120.5000,113.1000,116.1000,2074100
116.0000,116.0000,110.8000,113.4000,3789700
112.9000,117.2000,110.2000,113.3000,3176900
112.7000,116.0000,112.0000,113.7000,3788200
115.3000,116.2000,111.0000,114.4000,3743900
114.9000,119.6000,111.3000,117.6000,2191400
119.4000,123.6000,117.4000,123.2000,3054800
123.0000,123.2000,116.2000,118.1000,4092200
117.8000,118.9000,115.5000,117.0000,2554500
117.0000,119.5300,115.5000,117.0000,1942200
121.8000,122.1000,115.5000,116.5000,1867400
118.3000,120.4000,115.9000,117.1000,1731100
116.2000,116.8400,110.7000,112.1000,1354400
113.1000,113.7000,110.1000,110.5000,1599400
110.1000,111.9000,104.2000,104.5000,2207700
102.9000,103.3730,94.6000,96.2500,2738700
96.7500,98.0000,94.7500,96.7000,2987500
98.1000,102.5000,95.5500,101.5000,2496600
101.4000,102.0840,97.6500,99.4000,3473500
98.9000,101.5000,97.3500,100.8000,2626000
100.0000,102.2000,98.8000,100.7000,1922900
101.0000,101.5000,98.2500,101.2000,1936600
101.2000,104.2000,100.1000,101.7000,1486000
102.2000,102.2000,98.2000,100.5000,2375100
99.5000,100.6000,87.9500,89.6000,5425100
91.0500,96.2500,85.5500,95.6500,3121700
96.1500,101.1000,91.9970,94.3500,3368000
92.4500,96.3000,90.7000,95.7000,2971800
96.3500,98.4500,93.2000,95.4000,2785700
95.0000,98.9500,94.2000,96.3500,1894300
96.2500,97.0500,91.6500,92.1000,1480100
91.6500,92.5180,86.0000,86.9500,2402600
87.6500,90.3500,85.6000,85.8500,2997700
84.8500,89.1500,84.2500,86.8000,2618500
85.0000,88.4500,83.7500,84.4500,1374300
82.7000,82.7000,72.6000,75.7000,2004600
79.2000,80.0000,75.9500,77.8500,3396100
76.3000,78.1780,74.5500,75.0500,2035300
73.3500,83.0000,73.1000,79.0000,4029000
79.4500,82.0500,76.6000,78.9500,2855600
78.9500,78.9500,78.9500,78.9500,0
79.4500,79.4500,70.4000,70.9000,3351300
73.7000,73.7000,65.0500,68.1500,3945700
68.7000,69.6120,66.4500,67.9500,3203800
67.2000,71.0000,65.5000,66.1500,4475100
69.1000,69.1000,65.8000,68.3500,2064100
69.6000,71.3000,69.1000,70.3000,2751300
72.0500,73.9000,70.3000,73.9000,3733220
73.4500,73.8000,69.0000,70.4500,4099522
70.1500,71.2000,68.0000,68.8000,2093493
68.7000,71.7500,68.7000,70.8500,2310080
71.7000,71.7500,69.4000,70.6500,2653961
70.4000,73.5500,69.8500,72.4500,2999352
73.5000,74.1500,71.3500,71.6500,2740592
71.8500,71.8900,68.7500,68.7500,4371880
67.8500,69.1000,65.0500,65.2500,1915662
65.0500,65.0500,60.3000,63.0000,3070525
63.6500,66.2500,62.3500,65.3000,2972638
65.0000,69.9500,63.8000,69.0000,3552760
69.5000,77.5000,69.5000,72.8000,4672397
