203.0000,214.7500,203.0000,209.5000,44077700
207.2500,215.5000,207.0000,213.5000,8380200
215.0000,218.0000,214.0000,215.0000,6035700
217.0000,218.0000,211.0000,211.0000,5415100
210.5000,210.5000,203.0000,205.5000,5502600
206.0000,207.0000,205.0000,207.0000,1594800
206.5000,210.0000,206.5000,208.5000,3521900
208.0000,209.0000,207.0000,207.5000,1254800
206.5000,206.5000,204.0000,205.5000,1034500
204.0000,206.5000,204.0000,206.5000,2053300
206.0000,207.0000,205.0000,207.0000,1201100
205.0000,206.5000,205.5000,206.5000,0
205.0000,206.5000,203.0000,205.0000,0
206.0000,207.0000,204.0000,205.5000,0
206.0000,208.0000,206.0000,206.5000,280900
205.0000,206.0000,205.0000,206.0000,450300
206.5000,206.5000,205.0000,205.5000,2032400
204.0000,205.0000,201.5000,201.5000,1342000
201.0000,201.0000,201.0000,201.0000,459700
203.0000,204.0000,203.0000,203.5000,467200
202.0000,203.0000,200.0000,200.0000,2686800
201.7500,202.0000,200.0270,201.2500,0
202.0000,203.7500,202.0000,203.0000,278000
205.0000,205.0000,201.5000,204.5000,0
204.0000,205.0000,202.5000,203.0000,81100
205.0000,206.7500,204.5000,205.0000,543300
205.0000,215.0000,205.0000,214.0000,963000
216.0000,216.0000,214.0000,214.7500,1007100
213.0000,214.5000,213.0000,214.5000,619300
213.0000,214.5000,213.0000,214.5000,971600
214.0000,214.0000,208.0000,208.0000,1195800
208.0000,209.0000,208.0000,209.0000,1185000
207.0000,211.0000,207.0000,207.0000,1251100
207.0000,209.5000,207.0000,209.5000,24900
207.0000,209.7500,207.0000,209.7500,485400
212.0000,222.0000,212.0000,219.0000,642900
217.0000,222.0000,217.0000,221.0000,674300
222.0000,226.2500,222.0000,224.0000,454100
227.0000,228.5000,219.0000,220.0000,799500
218.0000,219.7500,215.7500,216.7500,651900
215.5000,215.5000,211.5000,213.2500,163900
217.0000,220.2500,217.0000,220.2500,374000
222.0000,225.0000,222.0000,225.0000,259800
225.0000,226.0000,223.0000,226.0000,543000
227.0000,230.0000,226.7500,230.0000,321600
229.2500,229.2500,225.5000,226.2500,394600
225.5000,226.0000,225.5000,225.5000,166900
228.0000,229.5000,227.0000,228.2500,356700
230.0000,231.0000,228.0000,229.0000,601500
228.2500,228.2500,225.0000,226.2500,445700
225.0000,226.0000,223.2500,223.2500,754800
223.0000,223.0000,205.0000,206.0000,576300
204.0000,208.0000,202.2500,205.5000,1902300
206.0000,212.0000,206.0000,210.0000,1483500
211.0000,212.0000,209.0000,211.0000,427600
205.0000,210.0000,204.0000,209.0000,296300
210.0000,212.0000,209.5000,209.5000,198500
209.0000,209.0000,208.0000,208.2500,154500
207.0000,207.0000,198.0000,199.5000,496100
203.0000,203.0000,200.0000,200.0000,361900
203.0000,204.0000,201.0000,204.0000,659500
204.0000,205.0000,195.0000,196.7500,638400
195.0000,197.0000,184.0000,187.0000,1218500
190.0000,200.7500,190.0000,194.7500,544900
194.0000,196.7500,192.0000,192.2500,600400
190.0000,190.0000,184.0000,184.5000,744000
183.0000,183.0000,177.0000,177.0000,979800
182.0000,184.0000,178.5000,181.0000,1148700
184.0000,190.0000,184.0000,185.2500,389400
185.2500,186.5000,185.0000,186.0000,444800
187.0000,190.0000,187.0000,189.0000,1069600
190.0000,198.0000,190.0000,192.0000,2832900
192.0000,196.7500,192.0000,195.2500,485200
195.0000,195.0000,192.5000,192.5000,65600
190.1100,195.8900,190.0000,190.5000,0
197.0000,200.7500,197.0000,200.5000,233600
202.0000,207.0000,200.0000,207.0000,709300
210.0000,213.7500,210.0000,212.5000,2081100
211.7500,213.0000,210.0000,213.0000,1099000
210.0000,214.0000,210.0000,213.0000,1443600
210.0000,215.7500,210.0000,214.5000,1509200
217.0000,217.0000,210.2500,210.2500,509500
210.0000,210.0000,207.5000,207.5000,505900
207.0000,212.7500,207.0000,211.0000,255500
213.0000,217.0000,212.0000,216.2090,1070300
215.0000,227.0000,215.0000,226.7500,1440200
225.0000,225.0000,216.5000,219.0000,1735100
218.0000,218.0000,208.0000,208.7500,1973700
207.0000,208.0000,206.5000,208.0000,1744600
211.0000,217.0000,210.2500,215.5000,2377800
218.0000,218.0000,205.0000,207.0000,1316600
207.0000,212.0000,203.5000,208.0000,5450100
208.0000,209.0000,205.0000,207.0000,281000
207.5000,209.0000,202.0000,203.0000,1448000
205.0000,205.0000,201.0000,203.0000,1161900
206.0000,215.0000,206.0000,208.0000,659300
210.0000,216.7500,208.2500,211.2500,856600
213.0000,215.0000,212.0000,213.5000,2260900
216.5000,216.7500,214.0000,216.7500,952200
217.0000,218.2500,215.5000,218.2500,331400
215.0000,220.0000,215.0000,218.0000,337500
215.0000,222.0000,215.0000,222.0000,138600
222.0000,222.0000,215.0000,216.0000,509700
213.0000,222.0000,213.0000,222.0000,435300
220.0000,226.7500,220.0000,224.7500,1580700
222.0000,226.0000,222.0000,226.0000,602300
223.0000,227.0000,223.0000,227.0000,189700
227.0000,227.0000,225.0000,225.5000,427400
223.2500,225.7500,223.2500,225.7500,1535500
225.0000,226.5000,225.0000,225.5000,766900
226.5000,227.0000,225.0000,225.5000,387300
225.0000,227.0000,225.0000,225.5000,445600
220.0000,226.0000,219.0000,226.0000,407100
222.5000,227.0000,222.5000,225.5000,453400
227.0000,227.0000,223.5000,224.7500,359700
227.0000,232.0000,225.7500,232.0000,1278300
230.0000,241.0000,230.0000,236.5000,517100
238.0000,242.2500,237.0000,238.5000,831300
236.5000,239.2500,236.0000,238.5000,1101100
239.0000,240.0000,237.5000,239.0000,1421000
240.0000,240.0000,236.0000,236.5000,391800
233.0000,237.0000,231.0000,237.0000,1725400
233.0000,237.0000,233.0000,236.2500,289900
237.0000,239.0000,236.0000,238.0000,1520600
240.0000,240.0000,223.0000,225.2500,2728400
224.0000,225.0000,219.0000,224.0000,398900
225.0000,228.5000,221.2500,223.0000,1312900
224.0000,224.0000,215.0000,217.0000,1497200
218.0000,219.0000,215.0000,218.0000,986000
220.0000,225.0000,218.0000,220.2500,966200
223.7500,225.0000,218.0000,220.0000,1189700
218.0000,222.0000,215.0000,218.0000,4286100
220.0000,221.0000,210.0000,212.0000,2578100
215.0000,216.0000,201.5000,203.7500,3153100
202.0000,203.0000,199.0000,201.2500,1080500
204.0000,204.0000,197.5000,197.5000,2106800
198.0000,206.0000,193.0000,204.0000,854300
207.0000,207.0000,200.2500,201.0000,700500
200.0000,202.5000,198.0000,202.5000,608400
203.0000,215.0000,203.0000,210.0000,684700
212.0000,212.0000,199.7500,202.7500,238800
200.0000,219.0000,200.0000,216.2500,1469100
211.0000,214.0000,203.0000,203.7500,399100
203.0000,207.0000,200.0000,201.0000,674700
200.0000,205.0000,198.0000,199.0000,352400
201.7500,201.7500,195.2500,198.0000,346000
198.0000,198.0000,193.0000,194.2500,180500
196.5000,197.0000,192.5000,192.5000,291600
192.0000,194.5000,188.7500,190.7500,342000
187.0000,187.0000,184.5000,184.7500,762800
183.0000,185.0000,170.2500,184.5000,1573700
186.0000,186.0000,179.0000,180.7500,365800
180.0000,180.7500,177.7500,178.0000,555600
177.2500,178.7500,175.0000,177.2500,591800
179.7500,179.7500,175.0000,178.2500,1178000
180.0000,182.0000,178.0000,182.0000,146600
183.0000,188.0000,182.5000,185.0000,787600
188.0000,188.0000,184.0000,184.2500,12400
187.0000,187.0000,180.2500,180.7500,120600
181.0000,183.0000,181.0000,181.2500,96200
181.0000,182.7500,179.0000,180.7500,62600
180.7500,183.7500,179.2500,179.2500,193800
179.2500,184.0000,173.0000,176.7500,283300
176.0000,176.7500,174.0000,176.0000,475400
177.0000,178.2500,173.0000,174.2500,1029600
176.0000,176.0000,163.2500,167.7500,633500
163.0000,165.0000,154.0000,163.0000,556100
165.2500,165.2500,160.0000,160.0000,354600
160.0000,164.0000,156.7500,157.0000,214900
157.0000,164.0000,156.0000,164.0000,164300
158.2500,164.0000,156.0000,157.5000,552300
156.0000,156.0000,153.0000,155.5000,1355500
156.5000,156.5000,147.5000,148.7500,1183300
147.0000,147.0000,141.0000,143.2500,374700
140.0000,140.0000,130.0000,134.5000,700900
132.0000,141.0000,124.2500,140.5000,985900
139.2500,139.2500,133.0000,136.5000,469100
141.7500,158.0000,141.7500,149.0000,1089100
150.7500,160.5000,148.0000,153.0000,840100
151.2500,153.0000,147.0000,147.0000,385200
149.5000,154.0000,148.7500,154.0000,407800
155.0000,160.0000,154.0000,159.0000,828000
158.0000,162.0000,156.0000,160.0000,4350200
161.2500,170.0000,161.2500,166.0000,1029700
164.7500,168.0000,164.2500,164.7500,326400
164.0000,166.2500,160.5000,166.0000,596200
163.5000,168.0000,162.0000,165.0000,318700
165.0000,167.7500,165.0000,166.5000,763700
168.0000,169.0000,165.0000,167.7500,243600
165.0000,167.0000,157.5000,158.0000,2323200
163.0000,165.2500,155.7500,164.7500,1902700
163.5000,172.0000,160.0000,172.0000,3240700
172.7500,184.0000,172.7500,180.7500,775900
180.5000,181.7500,175.0000,181.0000,278500
179.5000,181.7500,176.0000,178.2500,589100
177.0000,183.7500,177.0000,182.0000,390500
180.0000,183.0000,179.0000,181.7500,705200
183.7500,185.0000,181.0000,182.2500,260400
181.0000,185.2500,181.0000,182.0000,247100
186.5000,197.0000,184.0000,195.0000,928100
196.5000,201.0000,192.0000,200.0000,276100
197.0000,207.0000,194.0000,200.0000,1086100
199.0000,202.0000,195.5000,196.0000,506700
197.0000,199.0000,193.0000,198.7500,1036000
193.0000,195.0000,189.0000,192.5000,634700
190.0000,190.0000,187.7500,189.0000,405400
192.0000,192.0000,180.2500,188.7500,619100
186.0000,187.2500,182.7500,183.5000,121200
182.0000,189.2500,180.0000,188.0000,357400
188.0000,188.0000,177.5000,179.0000,293600
178.5000,182.0000,175.2500,180.2500,497500
185.0000,186.0000,183.5000,186.0000,312400
182.0000,184.7500,179.0000,181.5000,85600
184.0000,190.0000,180.5000,181.2500,754200
180.0000,183.0000,178.0000,182.0000,0
185.0000,185.0000,178.0000,178.0000,228000
183.0000,183.0000,171.5000,175.5000,490400
174.0000,174.0000,166.0000,166.2500,1174500
170.0000,178.5000,160.2500,173.2500,588400
173.0000,184.0000,173.0000,182.0000,326500
180.0000,189.0000,180.0000,188.2500,343100
185.2500,186.7500,183.2500,184.0000,270000
183.0000,183.0000,175.7500,178.7500,592100
176.0000,182.0000,176.0000,180.0000,1527300
182.0000,185.0000,178.0000,185.0000,233500
183.0000,185.0000,175.0000,178.0000,582200
178.0000,180.0000,173.2500,180.0000,500500
180.0000,181.0000,179.5000,180.0000,111600
181.2500,181.2500,176.0000,179.0000,237100
178.0000,178.0000,171.0000,171.0000,609000
171.0000,171.0000,162.5000,169.0000,1854700
170.5000,170.7500,165.0000,169.5000,121800
168.0000,168.0000,160.5000,162.7500,248000
164.0000,164.5000,159.2500,164.0000,143700
165.0000,171.0000,164.0000,169.2500,693300
171.2500,175.0000,167.5000,169.0000,504800
172.7500,174.0000,167.0000,174.0000,242500
174.0000,174.0000,169.0000,169.0000,0
170.0000,170.0000,166.2500,168.7500,0
170.0000,170.0000,166.2500,167.7500,0
170.0000,170.0000,166.0000,167.0000,0
170.0000,170.0000,164.7500,164.7500,0
165.5000,169.7500,165.2500,167.0000,0
165.0000,169.7500,165.0000,166.5000,0
170.0000,170.0000,166.2500,167.0000,0
166.0000,169.7500,166.0000,166.5000,0
170.0000,172.5000,168.5000,172.0000,0
172.0000,172.2500,168.0000,172.0000,0
172.0000,182.0000,170.5000,176.2500,0
175.0000,176.5000,174.2500,176.5000,0
176.5000,176.5000,172.0000,172.0000,0
174.7500,177.0000,172.0000,174.0000,0
174.0000,174.0000,170.7500,171.7500,0
171.7500,173.7500,170.0000,171.7500,0
172.5000,174.0000,170.2500,172.2500,0
174.7500,175.0000,172.2500,173.5000,0
175.0000,175.0000,173.5000,175.0000,0
173.2500,175.2500,173.2500,174.2500,0
174.0000,175.7500,173.7500,173.7500,0
173.0000,176.5000,173.0000,176.0000,0
174.0000,175.5000,173.2500,174.5000,0
175.0000,175.0000,173.2500,174.5000,0
175.0000,176.0000,173.5000,175.0000,0
175.0000,175.7500,174.5000,175.0000,0
174.0000,175.0000,173.5000,173.5000,0
174.2500,174.7500,173.5000,173.5000,0
175.0000,175.0000,173.5000,173.5000,0
173.5000,175.0000,173.5000,175.0000,0
173.2500,176.0000,173.2500,175.0000,0
173.7500,176.0000,169.7500,169.7500,0
169.7500,172.0000,168.0000,169.0000,0
168.2500,168.2500,162.7500,162.7500,0
166.0000,166.7500,154.0000,157.2500,0
154.2500,163.0000,154.2500,162.7500,0
160.5000,161.2500,155.5000,158.5000,0
158.7500,161.0000,158.0000,158.0000,0
158.7500,160.0000,157.5000,158.5000,0
157.2500,158.7500,153.5000,158.0000,0
154.2500,155.7500,152.2500,155.0000,0
155.0000,157.0000,149.7500,150.5000,0
150.0000,150.0000,142.2500,146.0000,0
144.0000,144.7500,139.7500,144.0000,0
144.0000,151.7500,144.0000,149.5000,0
150.7500,150.7500,146.2500,146.2500,0
146.7500,148.0000,146.0000,146.0000,0
146.0000,148.5000,146.0000,148.0000,0
145.5000,147.5000,142.7500,147.5000,0
144.2500,146.0000,140.2500,140.2500,0
138.2500,145.0000,138.0000,145.0000,0
142.7500,145.0000,141.7500,143.0000,0
143.0000,144.0000,142.0000,143.5000,0
140.2500,140.2500,130.7500,132.2500,0
134.2500,138.0000,134.0000,137.7500,0
134.5000,140.0000,134.5000,139.0000,263900
141.5000,142.0000,138.2500,139.0000,1495600
138.2500,142.2500,138.2500,142.2500,0
138.0000,139.2500,135.0000,138.0000,476300
136.7500,139.0000,123.5000,132.0000,2085800
135.0000,140.5000,134.0000,134.2500,1027700
133.2500,134.7500,130.0000,133.0000,856100
134.7500,141.2500,131.0000,139.2500,935000
138.0000,139.7500,132.2500,137.0000,1066800
136.7500,154.0000,136.7500,152.7500,356500
152.7500,160.0000,147.2500,150.0000,456700
145.2500,149.2500,144.2500,147.0000,195500
147.5000,152.7500,147.0000,150.2500,198600
148.0000,153.5000,148.0000,151.0000,137000
153.2500,156.2500,152.0000,154.5000,210000
154.5000,159.2500,151.2500,159.0000,270300
157.0000,163.0000,155.2500,163.0000,200000
162.0000,169.2500,159.2500,163.5000,202700
163.0000,172.0000,163.0000,172.0000,485300
170.0000,175.0000,170.0000,174.5000,219900
174.5000,175.0000,171.5000,171.5000,106200
170.7500,172.6600,168.0000,169.2500,145800
167.7500,171.7500,160.5000,167.7500,263000
168.7500,169.2500,160.5000,162.0000,546200
160.5000,160.5000,149.0000,154.2500,723400
154.0000,159.7500,154.0000,159.7500,180900
158.2500,160.5000,153.3600,157.7500,255200
158.2500,158.2500,156.0000,157.5000,58300
154.0000,158.0000,154.0000,154.0000,115900
154.0000,157.0000,152.0000,155.7500,260300
152.0000,156.0000,150.0000,153.5000,320200
152.0000,164.5000,152.0000,164.5000,149000
164.5000,164.5000,164.5000,164.5000,0
158.0000,164.2500,155.0000,160.7500,210100
159.5000,168.5000,159.5000,167.5000,405300
164.0000,165.5000,158.5000,165.0000,430700
165.0000,183.5000,164.5000,174.2500,822700
174.2500,188.7500,170.2500,184.0000,366100
184.0000,193.5000,183.2500,191.7500,826700
188.0000,190.7500,183.5000,186.2500,846100
185.0000,191.2500,178.5000,186.7500,1108900
182.2500,189.5000,179.7500,185.5000,438200
191.0000,201.0000,190.5000,197.0000,62600
194.2500,198.5000,192.0000,197.0000,661300
194.0000,213.0000,192.5000,204.0000,876500
201.0000,202.7500,187.7500,190.0000,3330800
192.2500,192.5000,188.5000,191.2500,555600
186.5000,186.5000,179.2500,185.0000,360200
180.0000,189.0000,175.2500,177.0000,1101000
181.0000,188.0000,164.7500,175.5000,1098300
176.5000,185.0000,173.5000,178.7500,731300
190.2500,211.7500,182.7220,204.2500,2086200
200.5000,205.0000,195.7500,199.5000,587300
195.0000,197.0000,180.5000,189.0000,591900
190.0000,200.0000,188.0000,194.5000,391500
195.0000,198.0000,191.7500,194.2500,430000
200.2500,200.2500,190.0000,192.0000,409900
190.0000,191.0000,183.5000,183.5000,258900
178.0000,184.5000,172.5000,179.7500,232900
182.0000,188.5000,182.0000,188.5000,106600
187.0000,195.0000,183.7500,184.7500,400100
182.0000,193.5000,182.0000,190.0000,462000
186.0000,188.2500,175.7500,178.5000,234600
178.0000,184.5000,168.2500,180.0000,358200
182.0000,182.2500,164.2500,172.2500,833400
172.0000,178.7500,166.0000,178.2500,369900
162.0000,176.0000,159.0000,172.0000,512000
172.5000,182.7500,168.2500,177.2500,373800
177.2500,189.2500,175.5000,181.7500,330300
180.0000,180.0000,167.0000,168.2500,138700
168.0000,171.7500,162.0000,167.0000,506500
168.0000,172.0000,159.0000,169.0000,256000
168.0000,174.0000,167.0000,174.0000,98000
176.7500,179.5000,172.0000,174.0000,214800
170.0000,170.0000,157.5000,163.0000,619900
164.0000,164.0000,157.0000,162.5000,153100
159.0000,159.0000,149.5000,150.0000,464000
144.0000,151.5000,141.7500,150.0000,343000
155.0000,155.0000,150.0000,152.0000,180400
156.0000,167.0000,155.7500,165.5000,328500
163.5000,176.2500,160.7500,170.5000,320400
170.5000,172.0000,167.0000,170.0000,132900
170.0000,179.0000,170.0000,172.7500,240400
174.5000,183.5000,172.7500,179.2500,228800
179.2500,183.5000,174.2500,180.7500,141800
178.0000,178.0000,169.5000,171.7500,134800
172.0000,175.7500,168.0000,168.0000,38700
174.5000,175.7500,162.2500,163.7500,234600
162.0000,166.5000,156.0000,156.0000,139000
158.7500,160.0000,155.7500,157.2500,145100
156.7500,158.2500,154.5000,157.0000,321200
163.7500,165.2500,157.5000,157.5000,104800
158.2500,161.0000,150.0000,154.7500,178400
154.2500,160.0000,152.0000,157.5000,171200
155.2500,158.0000,155.0000,156.0000,20200
153.0000,161.5000,150.0000,155.0000,209700
155.0000,156.7500,143.0000,143.0000,181800
148.0000,159.7500,144.0000,157.5000,171300
157.5000,164.0000,153.5000,157.7500,91300
156.0000,157.7500,153.0000,153.0000,308800
157.0000,157.0000,152.2500,153.7500,228700
151.5000,161.0000,151.5000,156.5000,257800
157.5000,157.7500,151.2500,153.0000,99900
152.5000,154.7500,149.0000,154.0000,563100
150.0000,152.2500,145.2500,151.7500,1125600
150.0000,160.0000,148.5000,158.0000,860100
160.0000,160.2500,156.0000,159.0000,180100
162.0000,166.0000,162.0000,163.0000,244700
163.0000,180.7500,163.0000,178.0000,1186900
179.0000,185.0000,176.0000,179.0000,404900
179.0000,179.7500,174.2500,176.7500,264900
174.5000,178.0000,172.0000,172.5000,100100
173.5000,175.0000,167.5000,170.7500,76700
167.0000,171.0000,164.7500,169.0000,100800
165.2500,168.7500,157.5000,166.0000,449700
165.5000,166.5000,165.0000,166.0000,366200
164.0000,165.7500,161.7500,161.7500,1839600
162.2500,164.7500,157.0000,164.7500,639500
164.7500,168.0000,164.0000,168.0000,47700
169.7500,170.0000,168.7500,170.0000,8300
170.0000,170.0000,170.0000,170.0000,0
170.0000,170.0000,170.0000,170.0000,0
170.0000,170.0000,164.0000,164.0000,15600
164.0000,168.0000,164.0000,168.0000,46800
166.7500,168.0000,161.7500,161.7500,47500
161.7500,161.7500,161.7500,161.7500,0
166.0000,176.7500,160.2500,173.0000,123000
168.7500,181.0000,168.7500,173.0000,137600
173.0000,176.0000,167.0000,174.0000,200200
174.2500,174.7500,163.7500,169.0000,241100
165.2500,170.0000,162.5000,169.5000,161800
170.0000,173.5000,165.0000,167.0000,248400
168.0000,172.7500,166.2500,172.7500,234700
172.0000,172.0000,168.0000,170.0000,195700
168.5000,173.7500,168.5000,171.2500,73800
174.0000,174.0000,166.2500,170.0000,56300
170.0000,170.0000,164.2500,165.0000,56400
162.0000,168.0000,158.5000,166.0000,79400
166.2500,170.0000,166.0000,166.0000,82200
169.0000,172.0000,165.7500,167.5000,140500
167.0000,169.0000,165.7500,167.0000,75100
168.0000,168.0000,165.0000,165.0000,53700
165.7500,168.0000,164.0000,167.0000,109000
167.0000,172.7500,164.0000,172.0000,74100
169.5000,173.7500,166.0000,170.0000,159300
172.0000,172.0000,159.5000,169.0000,132300
168.5000,173.0000,167.0000,167.0000,123100
173.0000,173.0000,163.5000,163.5000,93100
165.0000,170.0000,164.0000,170.0000,0
170.0000,172.2500,167.0000,167.0000,0
163.5000,168.2500,164.7500,166.7500,0
163.5000,170.0000,163.5000,168.5000,79000
170.0000,172.0000,168.0000,168.0000,64300
167.7500,176.0000,167.2500,176.0000,42500
170.0000,175.2500,170.0000,172.7500,113900
170.2500,177.0000,170.0000,174.0000,561700
174.0000,175.5000,171.5000,175.5000,903700
175.0000,183.0000,175.0000,183.0000,104800
180.0000,194.7500,180.0000,189.2500,888000
190.0000,193.0000,188.6220,190.0000,1007200
192.2500,194.2500,190.0000,190.2500,71100
190.0000,195.5000,190.0000,195.0000,566900
190.0000,193.5700,182.0000,187.5000,249900
182.0000,194.0000,182.0000,194.0000,431000
195.0000,203.0000,194.7500,198.7500,380500
197.5000,200.0000,192.5000,197.0000,104600
194.0000,200.0000,194.0000,200.0000,208800
197.0000,199.0000,194.2500,196.7500,221500
199.0000,199.0000,191.0000,194.2500,206000
197.0000,204.0000,194.0000,200.5000,456500
196.0000,197.7500,189.2500,196.0000,429000
196.0000,202.0000,196.0000,202.0000,492400
196.0000,202.0000,196.0000,200.2500,154200
200.7500,207.0000,197.7880,201.5000,399100
200.0000,201.0000,194.5000,199.5000,1279200
198.2500,200.0000,196.2500,199.0000,268500
196.0000,202.5000,196.0000,199.0000,292600
197.7500,200.0000,196.5000,200.0000,0
196.0000,200.0000,196.0000,199.2500,248900
197.2500,199.0000,196.0000,196.5000,665500
197.0000,197.0000,191.0000,191.0000,226700
194.0000,194.0000,186.7500,192.2500,446700
193.7500,199.5000,193.2500,199.0000,225800
199.2500,200.0000,198.2500,198.2500,172500
199.5000,201.7500,198.0000,200.0000,246000
201.0000,207.7500,197.0000,206.2500,230200
202.0000,204.7500,200.0000,202.5000,114600
196.0000,200.7500,196.0000,200.0000,115400
201.7500,209.0000,199.2500,205.7500,1559900
204.0000,210.0000,201.0000,210.0000,233900
209.0000,211.0000,203.0000,209.7500,197800
210.0000,214.0000,208.0000,209.7500,332000
210.0000,214.0000,208.7500,212.5000,202800
214.7500,215.0000,210.0000,211.2500,271000
209.7500,214.2500,205.0000,205.0000,73500
208.0000,217.0000,208.0000,208.7500,135600
208.7500,208.7500,208.7500,208.7500,0
208.7500,208.7500,208.7500,208.7500,0
213.2500,217.7500,213.2500,215.0000,174400
214.7500,224.0000,214.7500,223.2500,325100
225.0000,227.7500,218.0000,227.0000,468300
224.5000,226.7500,204.5000,212.5000,45680300
215.5000,217.0000,203.2500,205.0000,580900
203.0000,210.0000,193.0000,199.0000,1151200
199.0000,210.5000,199.0000,210.2500,636100
210.2500,215.0000,202.5000,203.0000,386600
206.0000,209.7500,202.0000,206.7500,595800
206.2500,214.5000,204.0000,214.2500,622600
209.0000,213.5000,204.7500,208.2500,413000
209.0000,217.4120,207.7500,215.2500,187500
215.5000,225.0000,215.5000,220.2500,308000
221.0000,221.0000,211.5000,220.0000,79000
220.0000,220.0000,220.0000,220.0000,0
223.0000,225.0000,216.0000,218.0000,424600
220.0000,221.7500,215.0000,217.0000,298100
218.0000,219.5000,210.0000,213.5000,255400
210.0000,221.2500,210.0000,215.5000,1911000
213.0000,215.5000,208.7500,210.7500,207500
212.0000,216.5000,212.0000,215.0000,303600
216.0000,216.0000,206.0000,209.2500,151000
205.0000,207.7500,200.0000,202.5000,408400
200.0000,208.0000,200.0000,206.7500,300000
210.0000,210.0000,201.0000,209.7500,342000
210.0000,214.7500,201.2500,203.7500,235900
200.0000,205.7500,200.0000,205.7500,178600
204.7500,208.0000,198.0000,207.0000,197700
207.2500,213.0000,202.0000,204.0000,450200
204.0000,204.0000,204.0000,204.0000,0
205.2500,211.7500,205.2500,207.5000,499800
212.0000,214.7500,210.0000,214.7500,123100
210.2500,215.0000,210.0000,214.5000,268700
210.0000,215.0000,209.7500,211.7500,42900
215.0000,217.2500,211.7500,215.2500,226000
217.0000,217.0000,210.7500,213.7500,292900
216.0000,217.7500,214.0000,217.7500,109200
218.0000,223.0000,212.7500,218.5000,344600
220.0000,222.7500,215.2500,222.0000,138100
222.5000,222.5000,218.0000,218.2500,235700
217.2500,221.7500,215.0000,216.0000,251600
217.0000,221.7500,214.2500,220.0000,128600
222.0000,222.7500,217.0000,218.2500,325100
220.0000,222.0000,218.0000,218.0000,78800
222.0000,222.0000,216.2500,219.0000,888300
220.0000,220.0000,215.0000,215.2500,227600
217.5000,221.7500,215.0000,217.0000,286400
218.2500,218.2500,213.5000,213.5000,318700
213.7500,222.7500,208.0000,210.0000,1114200
212.5000,212.5000,202.5000,207.2500,146400
204.7500,208.7500,204.0000,205.5000,1966700
205.0000,205.5000,201.5000,201.5000,175300
205.0000,205.0000,201.0000,202.5000,610300
205.0000,209.7500,201.0000,201.0000,133400
210.0000,217.0000,207.7500,210.0000,427700
206.0000,209.7500,202.5000,204.7500,2506800
204.0000,213.0000,203.0000,213.0000,165700
209.5000,211.5000,204.0000,208.5000,586300
206.7500,213.7500,206.2500,210.7500,43100
208.0000,209.7500,205.0000,207.2500,43500
208.0000,212.0000,204.0000,204.0000,89700
204.5000,209.2500,204.2500,205.0000,313100
204.0000,206.5000,201.5000,201.5000,160900
201.0000,205.5000,201.0000,201.5000,57300
202.5000,205.0000,197.2500,205.0000,52300
205.0000,206.0000,202.0000,204.5000,50300
206.0000,215.0000,206.0000,214.5000,1070100
213.0000,213.7500,209.0000,209.0000,65100
213.0000,213.0000,210.5000,212.0000,26100
214.0000,214.0000,208.2500,209.7500,65000
208.0000,213.0000,204.5000,205.0000,1723000
208.0000,213.5000,206.2500,213.5000,95700
212.0000,215.0000,211.7500,212.7500,84300
213.0000,215.0000,210.5000,213.0000,59200
213.0000,213.0000,209.2500,210.0000,59400
210.7500,214.5000,210.7500,214.5000,186400
211.0000,220.2500,211.0000,218.5000,455800
220.7500,222.0000,216.2500,221.0000,398200
219.0000,222.0000,213.0000,216.2500,139100
218.0000,224.4000,218.0000,220.0000,265700
218.0000,223.6000,218.0000,223.6000,302900
223.6000,223.6000,219.1000,221.5000,235900
220.8000,227.0000,220.8000,226.0000,247900
224.0000,227.0000,220.4000,226.3000,283700
224.1000,226.3500,222.8000,225.8000,146500
227.8000,228.0000,218.2000,220.4000,266300
219.9000,223.9000,218.0000,221.6000,55100
221.9000,224.0000,219.3000,220.4000,407100
218.3000,223.5000,218.3000,220.9000,245100
223.9000,223.9000,214.0000,219.5000,44700
220.9000,222.3000,216.1000,222.3000,67100
222.0000,230.0000,220.0000,227.0000,248100
224.9000,234.4000,224.9000,233.5000,1197500
229.9000,234.2000,227.8000,230.9000,233100
227.1000,229.3000,224.9000,228.1000,320600
229.0000,242.8000,229.0000,242.8000,116700
235.9000,243.0000,235.9000,238.5000,163300
235.6000,240.0000,235.6000,239.0000,135900
238.3000,243.0000,238.3000,243.0000,88400
243.0000,243.0000,243.0000,243.0000,0
242.9000,248.1000,239.9000,248.0000,349000
251.9000,262.0000,241.0000,245.7000,972400
246.3000,249.0000,243.0480,248.7000,356800
250.0000,263.6000,248.0000,263.6000,286800
266.0000,292.3000,264.2570,273.0000,556900
273.0000,279.7100,267.0000,279.5000,457100
277.0000,286.2000,275.2000,285.0000,396800
288.0000,295.7800,284.0000,285.4000,1428800
290.0000,293.0000,286.1350,291.5000,421300
289.2000,292.9400,279.0100,282.7000,694400
280.0000,283.6000,276.0000,279.6000,329900
281.0000,285.0000,276.0000,285.0000,366400
285.0000,287.9000,282.1000,285.4000,147600
282.0000,287.8000,279.0000,282.2000,359200
286.0000,286.1000,280.0000,282.5000,310200
284.0000,284.0000,278.3000,282.2000,94500
284.0000,284.0000,275.3000,276.2000,176400
275.0000,278.3920,273.1000,275.1000,200000
275.0000,280.0000,275.0000,280.0000,138200
277.0000,282.1620,272.5000,275.1000,244600
277.6000,280.9000,277.0000,279.0000,145700
281.0000,287.9420,280.6000,285.4000,251800
282.0000,289.4510,278.0000,280.6000,212400
277.0000,285.0000,272.1000,277.1000,153400
276.3000,288.0000,274.2720,288.0000,128000
290.0000,290.0000,284.5000,285.1000,163900
288.5000,288.8000,281.4100,283.6000,163700
288.0000,290.0000,281.4430,285.4000,153700
288.1000,292.9000,284.5000,292.2000,86300
290.7000,299.9000,288.7000,297.0000,221900
294.3000,296.6300,287.2000,291.1000,201600
293.8000,297.0000,290.0000,292.2000,115300
292.5000,295.1000,284.9000,294.9000,163300
290.4000,297.0000,290.0000,290.0000,107900
293.2000,297.0000,286.4000,297.0000,69800
292.4000,296.9000,288.8000,293.0000,113800
290.0000,296.0000,290.0000,296.0000,90700
297.5000,297.5000,290.6000,293.2000,152300
295.5000,297.6860,293.1000,295.0000,689000
292.0000,295.7030,290.1000,291.2000,107600
290.0000,295.1710,286.4000,292.7000,75300
289.0000,291.4000,283.0000,286.3000,142700
284.0000,284.0000,275.2000,275.2000,106600
278.1000,279.3000,273.0000,273.0000,203200
273.0000,280.7000,272.8000,273.6000,149000
270.0000,274.4000,262.2000,268.6000,88300
267.4000,273.0000,267.0000,271.2000,222500
265.4000,279.3000,265.0000,277.0000,373800
280.0000,280.0000,274.0000,276.0000,371200
278.0000,285.0000,274.5000,280.7000,892200
280.9000,283.6000,277.1170,279.0000,152500
278.4000,285.0000,273.7000,276.4000,152400
277.2000,284.7000,276.8000,284.5000,196700
285.0000,289.0000,281.2520,288.0000,124600
290.0000,292.0000,280.7000,288.1000,107600
287.5000,287.5000,280.3000,282.8000,72600
285.7000,285.7000,281.8000,285.0000,47400
282.2000,282.9000,273.4000,274.0000,48400
275.2000,276.0000,259.4000,268.8000,176100
272.0000,279.0980,272.0000,277.0000,147700
273.1000,279.9090,273.1000,278.3000,426800
279.9000,279.9000,267.6540,272.5000,201500
276.7000,276.7000,261.8000,264.3000,241500
265.0000,273.5000,261.5000,273.5000,205200
270.0000,277.0000,269.0000,269.0000,210300
275.0000,280.0000,270.2000,272.0000,105900
274.6000,274.6000,266.0000,266.0000,115200
266.9000,274.0000,264.0000,271.7000,281800
265.0000,275.7000,265.0000,272.0000,73100
274.0000,276.0000,260.0000,265.3000,209400
262.6000,270.1000,262.6000,266.0000,150500
269.9000,269.9000,265.3000,265.3000,92700
265.0000,273.0000,265.0000,273.0000,179000
274.0000,274.3000,270.1000,271.3000,180000
273.9000,280.8000,270.9000,277.9000,0
277.9000,277.9000,273.6000,273.6000,91900
272.9000,281.6000,272.9000,280.8000,177800
275.0000,288.4000,275.0000,280.0000,120000
280.0000,290.0000,280.0000,288.5000,342500
290.0000,293.0000,283.0000,292.5000,37300
290.0000,298.2000,290.0000,298.2000,154100
298.0000,298.5000,295.0000,295.0000,72800
295.0000,296.3800,285.0000,285.0000,53200
285.0000,285.0000,285.0000,285.0000,0
290.0000,293.6000,288.5000,290.1000,47900
293.3000,294.0000,290.1850,294.0000,46400
290.0000,298.0000,290.0000,294.9000,46700
294.3000,300.6000,290.1900,300.6000,98700
296.0000,312.4000,296.0000,312.4000,397800
313.0000,313.0000,306.1000,312.0000,109600
312.4000,314.3050,307.2000,308.0000,173000
313.9000,313.9000,307.9000,308.0000,154400
313.1000,314.9000,308.0000,311.8000,139800
315.0000,315.0000,305.0000,306.0000,180500
310.0000,310.0000,295.0000,295.0000,96300
298.6000,301.4160,284.1000,284.1000,151800
286.7000,290.3000,283.1000,287.7000,184200
285.5000,289.7450,284.5000,284.5000,119400
283.0000,290.0000,282.1000,290.0000,264800
290.5000,292.9000,288.6000,290.0000,60400
289.0000,296.1000,288.3000,296.1000,141100
294.9000,294.9000,291.0000,292.0000,82900
292.0000,295.3270,290.0000,291.5000,82700
290.1000,292.0540,288.0000,292.0000,173100
291.0000,292.7000,290.5000,292.0000,147400
290.8000,297.1510,290.8000,292.0000,43300
296.1000,297.7000,290.1000,292.0000,262300
290.2000,295.8000,290.2000,295.8000,172800
297.8000,299.0000,291.0610,298.5000,113800
299.8000,299.8000,290.0000,294.0000,281600
330.0000,330.0000,330.0000,330.0000,137200
281.3000,283.6000,275.6000,276.5000,252200
280.9000,285.2000,278.0000,280.0000,87300
280.0000,292.0000,279.0800,291.8000,62000
295.0000,297.2000,290.2560,295.5000,396800
301.9000,312.8000,300.6000,312.8000,379200
311.6000,321.7000,311.3110,320.0000,404500
322.2000,327.0000,314.3000,326.0000,371000
324.1000,333.5000,320.5000,333.5000,609200
334.0000,335.5000,329.4030,335.5000,135700
331.0000,345.7080,331.0000,336.8000,202400
334.0000,343.3000,334.0000,336.0000,190500
340.5000,343.9000,317.3000,319.8000,289400
320.0000,322.0000,309.2000,311.5000,183900
312.0000,320.0000,301.0000,317.0000,816800
317.2000,323.5000,314.0000,315.7000,329700
317.9000,322.0000,316.1000,321.5000,112500
324.4000,328.4000,319.2000,328.0000,188300
326.4000,339.0000,324.0000,339.0000,201400
339.4000,340.0000,330.0500,339.3000,766300
329.1000,343.6000,329.1000,343.5000,401800
354.0000,354.0000,354.0000,354.0000,148300
345.0000,352.2330,345.0000,350.1000,102400
350.1000,353.7340,347.6000,349.0000,127700
340.0000,344.5000,337.1000,344.1000,190100
343.7000,344.1000,342.0000,343.5000,129500
341.0000,344.4000,339.4000,341.9000,102500
345.0000,350.0000,342.0000,346.0000,324000
345.0000,347.5000,343.0000,343.0000,140000
345.0000,348.1000,343.0000,346.9000,80600
348.0000,349.0000,344.7000,347.0000,120100
348.0000,354.4000,345.0000,347.8000,742800
349.9000,350.0000,343.9000,349.1000,66100
350.0000,350.0000,340.2000,340.2000,183400
340.0000,344.6000,330.0000,332.6000,205300
328.4000,336.5000,328.3000,336.4000,108900
336.4000,341.5000,335.8000,341.1000,60500
342.0000,344.9560,332.8000,339.1000,110000
337.3000,339.9040,331.0380,336.0000,65600
335.1000,339.8020,315.3000,327.0000,300700
325.0000,330.0000,321.0740,330.0000,164500
330.0000,330.0000,330.0000,330.0000,0
330.0000,330.0000,330.0000,330.0000,0
330.0000,348.3000,328.1000,347.1000,175300
349.0000,351.0000,343.0000,351.0000,137000
346.6000,358.0000,344.9000,358.0000,174900
358.0000,364.0000,357.5200,361.0000,283800
364.7000,364.7000,359.1000,360.0000,281400
359.4000,360.8000,353.3600,359.0000,171000
359.0000,360.7000,355.7050,360.0000,120900
360.0000,362.5050,357.8000,362.5000,99600
365.0000,387.0000,365.0000,373.5000,235800
373.5000,379.9000,371.0000,372.8000,131400
373.0000,376.5000,371.5000,375.7000,230000
374.8000,374.8000,365.7000,370.3000,207200
367.0000,374.9000,365.6000,373.3000,105600
370.0000,381.5000,368.3000,381.0000,243200
381.0000,383.7000,370.1000,373.3000,163800
365.0000,379.5000,360.0000,371.4000,431000
375.5000,377.9000,362.9000,362.9000,230400
365.5000,365.5000,354.4000,356.7000,172400
358.2000,360.6000,346.7000,354.0000,185900
354.0000,354.0000,354.0000,354.0000,0
330.0000,330.0000,330.0000,330.0000,198700
367.3000,367.3000,356.0000,362.0000,268300
363.9000,363.9000,342.7000,343.0000,453900
341.0000,344.9000,328.5000,340.0000,417900
349.5000,359.6900,346.3500,354.0000,380600
351.3000,355.0000,345.1000,347.8000,73800
346.5000,357.0500,345.0000,355.2000,88800
358.0000,365.0000,356.1000,362.6000,90600
356.4000,358.0000,350.2560,358.0000,149700
349.8000,354.4620,345.9280,348.0000,111100
353.3000,358.0000,345.8000,355.5000,65300
348.4000,353.2000,336.0000,340.0000,211200
338.7000,342.8000,331.0000,332.5000,307200
331.5000,348.6410,316.0000,321.4000,217600
326.0000,336.0000,326.0000,334.5000,141600
333.8000,333.8000,316.0000,329.9000,232200
330.1000,340.2350,330.1000,335.9000,193400
337.6000,345.7000,336.7000,345.7000,116000
345.0000,349.5580,340.4000,344.2000,146200
344.2000,344.2000,344.2000,344.2000,0
341.4000,347.5000,337.5840,344.4000,277500
340.0000,348.0000,337.1000,346.3000,101200
343.1000,370.0000,343.1000,357.7000,142800
357.1000,360.9000,356.1710,360.0000,82100
361.0000,361.0000,349.8890,355.0000,273800
355.6000,359.0000,346.4000,355.0000,287900
356.1000,359.0900,346.4490,355.7000,372200
345.7000,358.0000,345.7000,358.0000,192900
355.9000,360.4000,348.2080,354.5000,400900
349.2000,359.1000,346.7510,349.9000,195600
348.0000,351.2000,344.3000,346.6000,170800
345.1000,350.9120,340.0000,347.2000,5010100
343.1000,349.7240,339.4440,342.0000,316500
340.9000,357.1000,339.4570,350.0000,1177500
356.2000,356.2000,345.7720,349.9000,345300
349.9000,349.9000,342.4000,348.9000,303100
342.5000,346.2000,339.7000,342.9000,93300
345.0000,350.1000,340.0000,342.3000,1361800
344.3000,345.7000,337.9000,338.5000,1050600
338.7000,342.3290,335.3830,341.5000,40100
335.3000,342.1000,333.4000,334.8000,72100
331.8000,341.0000,331.8000,338.4000,757300
332.9000,339.3000,326.4000,326.4000,96800
327.2000,334.7120,323.5000,324.1000,169600
324.0000,324.7000,317.4000,317.4000,154600
316.5000,332.9000,316.5000,332.4000,177400
327.3000,329.5810,323.9000,325.5000,260000
323.7000,335.0000,323.7000,335.0000,403200
336.0000,337.1000,331.5000,332.0000,102900
335.4000,339.4000,329.8000,334.0000,227300
333.2000,340.9000,333.2000,340.9000,305300
341.0000,346.5000,337.5000,339.0000,177300
340.5000,343.3000,335.1000,337.3000,104500
341.2000,341.4000,332.0000,332.0000,49600
331.2000,337.5000,326.8000,326.8000,89100
331.4000,331.8000,322.3000,325.1000,327000
327.0000,336.1000,325.1870,336.0000,364200
335.0000,354.9000,334.7000,353.1000,283600
353.9000,362.0650,350.0000,358.5000,172500
362.4000,362.4000,355.2000,355.4000,39100
359.6000,360.1000,356.4000,359.0000,47300
359.3000,362.0000,355.1000,360.6000,57300
359.6000,365.0000,359.6000,364.9000,63100
362.4000,365.8490,355.9480,362.5000,136700
366.3000,371.3000,365.8000,371.3000,71000
372.1000,374.6000,367.2000,370.6000,62800
371.8000,373.4000,366.4100,369.3000,49900
365.6000,373.4000,365.6000,372.8000,209200
375.0000,375.0000,368.6600,371.0000,88600
370.4000,374.9000,367.8000,374.9000,42800
370.4000,376.7000,366.6440,376.7000,91200
376.9000,379.7000,373.0000,376.9000,85300
376.5000,384.8000,373.5280,383.4000,118300
384.9000,384.9000,377.7000,382.0000,73500
375.2000,404.0000,375.2000,404.0000,158400
399.4000,408.4000,395.0000,403.8000,157700
400.3000,407.0000,400.0000,402.6000,119000
405.0000,406.3000,394.0000,394.0000,460200
398.0000,398.0000,393.7000,395.0000,58800
394.7000,401.5000,393.0000,400.0000,127700
399.3000,401.2000,396.7000,401.2000,36700
402.9000,402.9000,392.0000,392.0000,761000
397.5000,397.5000,391.9000,392.0000,193200
390.0000,393.0000,390.0000,390.0000,82300
390.0000,390.0000,390.0000,390.0000,0
394.0000,394.0000,389.1000,389.1000,78200
399.9000,399.9000,386.9000,390.0000,404400
391.0000,391.0000,387.4000,390.0000,174000
390.0000,391.0000,389.0000,390.0000,331400
390.0000,390.0000,387.0000,387.0000,90800
390.0000,390.0000,384.0000,386.0000,90700
390.0000,390.0000,381.8200,387.7000,293800
391.0000,403.7000,388.7000,400.1000,134500
395.1000,417.2000,395.1000,416.0000,206400
414.9000,421.9000,412.7300,420.9000,197800
422.9000,426.5000,418.3310,426.0000,181300
427.4000,439.2000,421.3000,437.1000,270700
437.1000,461.0000,436.6000,457.3000,247600
457.3000,478.0000,457.2000,461.5000,686200
460.0000,465.0000,444.6000,447.3000,217500
448.3000,448.3000,440.0000,442.0000,131600
448.6000,448.6000,431.0530,440.0000,128800
441.0000,442.8000,431.3000,440.0000,100800
440.5000,440.5000,431.0000,437.0000,320000
442.2000,442.2000,435.0000,435.0000,65300
435.0000,443.3000,434.0000,441.1000,235800
443.3000,451.0000,440.6000,444.7000,99700
440.7000,447.0000,438.7000,440.0000,42400
444.3000,457.3000,443.3000,455.6000,123400
457.2000,458.0000,451.6000,453.0000,39400
453.7000,464.0000,453.0000,461.5000,80300
464.0000,470.9000,463.2500,470.9000,62800
462.2000,465.0000,429.0000,452.0000,14737100
459.3000,460.1000,443.3000,446.0000,210000
445.0000,451.2000,445.0000,447.5000,110900
451.0000,452.0000,440.5000,450.0000,170800
452.0000,454.0000,446.6000,449.7000,124500
450.0000,452.6000,445.0000,451.2000,455800
460.0000,460.0000,445.1000,450.0000,466900
451.8000,457.6000,445.1000,452.5000,199600
456.0000,459.1000,450.2000,450.2000,177200
454.0000,454.8000,449.8000,454.8000,98000
452.2000,454.1500,449.0000,452.0000,226700
456.6000,456.6000,450.1410,451.0000,98500
456.0000,459.2000,447.4090,453.0000,195100
455.4000,456.2000,452.0000,452.2000,154700
448.0000,453.8000,446.2000,452.0000,117200
450.4000,461.6000,450.4000,459.5000,98800
460.4000,472.4000,459.5000,468.5000,140700
471.4000,479.9000,466.1000,472.7000,99400
470.8000,485.4000,470.3000,481.0000,177900
486.2000,486.2000,475.1680,480.1000,294200
475.1000,489.1000,475.1000,487.5000,324100
489.2000,490.0000,477.6720,489.8000,264300
487.0000,492.0000,480.1000,484.4000,101900
480.0000,489.3000,480.0000,483.5000,148200
492.8000,502.5000,486.9420,497.1000,203200
489.2000,498.2000,489.2000,494.0000,340700
494.5000,500.0000,487.9000,499.5000,63900
497.5000,497.5000,488.7020,494.8000,51700
490.5000,495.4030,479.4000,479.4000,76900
477.6000,479.9000,470.1000,472.0000,104000
479.0000,491.0000,476.4000,490.2000,213700
488.4000,493.8250,483.4000,493.7000,112600
496.0000,496.0000,492.0000,496.0000,276200
493.2000,497.1000,489.8000,489.8000,62600
490.5000,496.0000,483.0000,496.0000,220600
495.0000,501.5000,493.4000,501.5000,259600
500.0000,500.0000,485.2000,493.8000,46000
493.5000,495.0000,488.0300,490.0000,380100
490.0000,496.2000,487.2000,493.1000,158600
495.6000,499.9000,490.0000,497.0000,113600
484.5000,498.3000,484.5000,495.8000,253100
493.7000,497.9000,492.8000,497.0000,157800
496.6000,506.5300,493.5000,504.0000,132200
505.5000,520.0000,504.0000,520.0000,239300
514.0000,516.1000,507.5000,508.0000,250900
511.5000,544.0000,509.2100,525.5000,332900
526.5000,540.0000,524.1630,539.0000,132400
540.0000,548.9720,537.0000,546.0000,121700
541.0000,555.5000,540.5920,552.5000,193300
552.5000,557.5000,544.9160,553.0000,298900
544.0000,544.0000,544.0000,544.0000,257000
545.0000,562.5750,540.5000,560.5000,441900
555.5000,570.5000,555.0000,570.5000,91800
572.5000,577.0000,560.0000,577.0000,84300
575.0000,594.4750,575.0000,592.0000,106500
592.0000,603.8740,591.9350,595.0000,168900
592.0000,602.5000,584.0000,584.0000,34500
584.0000,584.0000,584.0000,584.0000,0
594.5000,594.5000,586.0000,590.0000,123800
590.0000,590.0000,581.5000,589.5000,54600
591.5000,591.5000,585.0000,586.0000,37800
584.5000,600.5000,584.5000,597.5000,108200
600.0000,608.1410,596.5000,599.0000,170900
598.0000,603.1370,584.0000,585.0000,187300
586.0000,586.0000,571.0000,575.5000,249700
579.5000,584.1370,565.5000,568.0000,158500
570.0000,570.0000,545.0000,548.5000,345400
553.5000,558.5000,544.0000,558.0000,435900
555.5000,559.8190,552.2580,557.5000,180500
558.0000,558.5000,552.0000,556.5000,154000
557.0000,559.3700,542.5000,547.0000,72400
547.0000,551.0000,544.5000,544.5000,109300
549.0000,549.5000,541.5000,541.5000,79000
544.0000,545.2880,513.0000,516.0000,240700
517.0000,517.0000,517.0000,517.0000,72800
518.0000,529.5000,518.0000,521.5000,79500
525.5000,529.5660,514.5000,514.5000,41400
519.0000,530.5000,514.5000,525.0000,114700
528.5000,549.5000,528.0000,540.5000,116300
537.5000,555.0000,535.0000,546.5000,148300
546.5000,546.5000,530.5000,535.0000,114900
536.5000,538.0000,522.5000,534.5000,92900
535.0000,538.0000,527.5000,528.5000,1854400
529.5000,532.0000,521.0000,526.0000,86900
527.5000,530.0000,523.0000,525.5000,143200
524.5000,530.5000,520.0000,530.0000,103900
527.5000,533.8540,524.5000,533.0000,183500
532.0000,549.0000,527.5000,546.5000,173400
553.0000,580.9000,550.5000,570.0000,659500
570.0000,578.0000,569.0000,570.0000,185300
575.0000,590.0000,570.5000,580.0000,58900
583.4650,590.0000,580.0000,584.5000,132000
598.0000,612.5000,587.0000,603.5000,414200
603.9200,609.5000,599.0000,602.0000,9283500
600.0000,609.0000,598.0000,609.0000,762300
601.0000,615.0000,601.0000,611.5000,402200
606.0000,612.0000,601.0000,609.0000,277500
609.0000,614.5000,602.0000,609.5000,227000
602.5000,612.5000,601.0000,604.0000,278200
610.5000,611.5000,601.0000,608.0000,185000
615.0000,615.0000,602.0000,605.0000,261300
603.5000,606.5000,596.0000,599.5000,161400
595.0000,599.0000,585.5000,590.0000,446600
596.0000,600.0000,588.0000,594.0000,241700
594.5000,598.0000,594.0000,595.5000,582600
594.5000,599.5000,590.0000,598.0000,182100
600.0000,614.0000,591.0000,614.0000,578600
625.0000,641.0000,625.0000,635.0000,1073100
635.0000,647.0000,625.0000,628.0000,949800
625.0000,632.0000,606.0000,614.5000,1184700
624.0000,635.0000,611.5000,614.5000,708400
607.0000,614.0000,601.5000,604.0000,830400
605.5000,607.5000,591.5000,596.5000,1066200
599.0000,602.5000,591.0000,602.0000,1843900
603.0000,627.0000,603.0000,627.0000,13314600
627.0000,629.5000,612.6500,625.0000,1315000
623.5000,629.5000,614.0000,620.0000,643000
616.5000,618.5000,602.0000,605.0000,1008200
605.0000,617.5000,604.0000,613.0000,690000
617.0000,620.0000,612.5000,618.0000,327600
622.0000,622.0000,608.0000,613.5000,364200
614.0000,614.0000,604.0000,606.0000,654800
611.5000,614.5000,605.0000,609.0000,404700
612.0000,613.0000,607.0000,610.0000,551600
610.0000,611.0000,608.0000,608.0000,266400
609.0000,609.0000,602.0000,605.5000,440000
604.0000,608.7980,601.0000,606.0000,392400
609.0000,617.0000,608.0000,616.0000,224100
618.0000,623.5000,608.0000,609.5000,389700
612.0000,615.0000,607.5000,613.0000,191600
611.0000,617.5000,606.5000,616.0000,301700
615.0000,617.0000,606.5000,607.5000,217500
619.0000,625.5000,617.5020,621.0000,457800
618.5000,625.5000,613.0000,613.0000,205800
614.5000,616.5000,611.5000,614.5000,247300
615.5000,618.0000,605.0000,605.0000,247600
610.0000,621.5000,608.5000,616.0000,570600
622.0000,625.0000,612.0000,620.0000,336000
624.0000,639.5000,623.5000,634.0000,282500
629.5000,641.5000,629.0000,641.5000,185500
643.0000,648.0000,637.5000,646.5000,207100
649.0000,653.0000,640.0000,643.5000,264900
646.0000,653.0000,634.0000,637.5000,251400
640.0000,643.5000,634.5000,641.0000,283400
642.5000,643.3340,617.5000,618.5000,572100
619.0000,632.9480,606.5000,610.0000,475500
606.5000,611.0000,605.5000,609.0000,254600
610.5000,612.8940,608.0000,611.0000,504500
611.0000,615.0000,610.5000,610.5000,277300
612.0000,612.0000,602.5000,602.5000,269500
605.0000,606.5000,594.5000,595.5000,335000
591.0000,598.5000,584.5000,590.5000,281300
590.0000,597.0000,588.5000,588.5000,198300
595.5000,597.5000,590.4040,592.0000,221500
594.5000,601.5000,593.0000,599.5000,796400
600.0000,605.5000,598.0000,605.5000,1159600
604.5000,605.5000,595.5000,599.0000,1739200
599.0000,606.0000,599.0000,606.0000,921400
607.0000,607.5000,602.5000,607.5000,2725900
608.0000,612.5000,608.0000,611.0000,348600
610.5000,626.5000,610.5000,626.0000,360000
628.0000,633.0000,625.5000,630.0000,384800
635.5000,637.5000,629.5000,630.0000,466500
627.0000,635.0000,623.5000,635.0000,507200
637.5000,638.0000,628.5000,630.5000,745700
629.0000,640.0000,626.0000,640.0000,1084600
641.0000,643.0000,639.0000,640.0000,171900
635.5000,639.5000,632.0000,634.5000,600600
637.5000,637.5000,628.5000,630.5000,621700
630.5000,634.0000,622.0000,622.0000,171800
623.5000,625.0000,613.5000,617.0000,472400
617.0000,627.5000,617.0000,624.5000,250400
627.0000,627.0000,620.0000,621.5000,173400
617.0000,620.5000,612.0000,614.5000,398100
610.5000,615.5000,606.0000,614.0000,553500
610.0000,610.5000,596.0000,596.0000,713700
596.5000,603.5000,596.5000,603.5000,672600
604.5000,608.0000,603.0000,603.0000,208500
599.5000,601.0000,590.0000,590.0000,1494800
595.5000,596.0160,578.7250,580.0000,433800
577.0000,593.0000,574.0000,583.0000,244900
586.5000,596.5000,581.5000,596.5000,392100
598.0000,609.5000,597.0000,609.5000,256300
609.0000,611.0000,601.5000,607.5000,306300
610.0000,616.5000,606.0000,616.0000,257900
613.5000,629.0000,613.5000,629.0000,121400
629.0000,635.5000,626.0000,629.0000,181400
632.5000,632.5000,617.5000,624.0000,289300
624.5000,630.0000,623.5000,629.5000,247100
633.5000,633.5000,619.0000,622.0000,138400
613.5000,622.5000,605.0000,609.0000,171800
605.5000,609.5000,589.5000,601.0000,223500
602.5000,608.0000,594.0000,603.0000,406400
595.0000,611.0000,595.0000,605.0000,172900
607.0000,607.0000,597.5000,600.5000,151100
598.0000,608.0000,593.0000,593.5000,251100
596.5000,603.5000,585.5000,598.0000,266000
603.5000,606.0000,596.5000,600.5000,194800
600.5000,608.0000,598.0000,603.5000,190600
607.0000,609.0000,600.5000,608.5000,146700
605.0000,605.0000,594.4270,596.0000,220100
598.0000,600.5000,582.5000,589.5000,216900
589.0000,598.5000,586.5000,591.5000,330600
587.0000,592.0000,572.5000,578.0000,339800
570.5000,575.0000,561.5000,570.0000,327000
582.0000,589.5000,570.2570,580.0000,283800
562.0000,562.0000,506.5000,506.5000,3000800
499.1000,508.5000,489.0000,505.5000,1365100
510.0000,517.5000,492.2000,492.2000,938900
483.0000,492.9000,462.9570,483.4000,1104600
475.0000,487.9560,457.0000,457.0000,786900
459.2000,467.4000,422.5410,465.7000,1261500
469.0000,478.1000,448.7000,454.5000,1248100
465.6000,470.9330,450.1000,464.2000,1775700
466.6000,478.2000,459.6000,475.0000,933400
473.8000,480.2340,465.7000,472.1000,443300
467.4000,471.2300,455.4000,458.0000,685300
455.0000,455.0000,435.5000,443.3000,1101900
435.7000,448.7700,426.8000,434.8000,1005800
432.5000,436.6000,411.0000,424.2000,988700
419.5000,441.1000,419.5000,431.3000,351800
430.0000,440.7000,426.3000,429.6000,345500
431.8000,431.8000,412.9000,425.4000,675200
423.2000,428.1000,403.0000,404.4000,752500
408.5000,408.9000,392.0000,402.5000,910100
410.4000,415.5500,404.6000,407.0000,1165300
406.9000,433.7000,405.9000,432.0000,1300400
441.0000,508.5000,441.0000,508.5000,2275900
506.5000,511.1000,492.6000,499.5000,1256900
490.0000,494.8010,478.5000,478.5000,1185600
476.2000,490.9000,476.0000,483.5000,973900
483.4000,488.2000,472.3000,486.2000,1054400
490.0000,515.0000,486.2000,503.5000,853400
500.5000,505.0000,477.8000,477.8000,898800
467.7000,473.2000,458.5000,466.4000,863900
472.3000,472.6000,456.6000,457.3000,393500
454.6000,469.3240,454.3000,454.3000,546300
457.4000,474.1000,455.4000,468.9000,755900
471.3000,475.3000,462.6000,463.4000,1355400
461.4000,463.4000,442.6000,442.6000,369800
438.0000,480.2000,438.0000,480.2000,813300
482.1000,482.1000,472.9000,478.6000,587400
469.7000,469.7000,434.3000,437.6000,1097300
439.0000,441.6000,420.1000,432.6000,311800
421.6000,446.8000,421.6000,438.4000,307900
446.1000,474.0000,442.0000,472.0000,585800
467.3000,470.7000,452.7000,458.0000,575900
457.7000,465.6000,451.4000,456.2000,288900
449.9000,460.5000,447.1000,450.0000,644500
441.9700,449.2000,432.6000,447.9000,423900
444.1000,444.1000,412.6000,412.6000,661400
425.8000,433.7000,420.1000,423.8000,477400
432.0000,448.2000,425.9000,445.3000,689100
447.6000,454.7000,429.3970,450.4000,653200
450.3000,469.8000,444.8000,466.0000,1293700
467.8000,474.3000,463.6000,470.0000,455200
467.6000,481.1000,463.0000,481.1000,481100
474.3000,512.0000,473.9000,500.0000,899900
497.8000,511.0000,497.5000,511.0000,511900
509.0000,523.8040,505.0000,507.0000,629000
498.1000,510.6000,483.9000,488.2000,545300
498.5000,508.0000,487.4000,489.5000,451800
486.9000,493.6000,473.7000,473.7000,324400
477.5000,499.3000,476.9000,499.3000,475900
502.0000,512.6280,501.0000,509.5000,314300
505.5000,510.0000,491.5000,501.0000,279500
502.5000,504.5000,491.0000,493.3000,322600
508.0000,516.0000,506.5000,509.0000,700600
512.0000,520.0000,509.0000,518.0000,355100
517.0000,517.0000,500.6900,501.5000,342000
497.0000,497.4000,473.0000,478.6000,511000
481.0000,487.2000,474.3000,482.6000,297900
477.7000,500.5000,477.7000,494.6000,349300
499.0000,505.5000,490.4000,495.7000,451200
496.6000,507.5000,484.4040,495.0000,362200
495.1000,509.5000,493.2000,509.5000,442900
516.5000,516.5000,494.1000,500.5000,586100
495.0000,500.5000,484.4000,487.3000,337700
485.5000,512.0000,483.6000,511.0000,392600
514.5000,518.0000,501.0000,502.0000,305700
500.5000,504.0000,496.6970,501.0000,537800
499.3000,504.0000,488.2000,494.7000,497500
491.6000,491.1850,473.2720,480.3000,608000
475.0000,483.7500,472.6000,475.8000,393600
471.1000,472.7400,454.5000,454.5000,474900
460.0000,460.6600,445.6000,449.5000,597600
447.2000,450.0000,423.3000,423.9000,679100
426.1000,431.8000,419.5000,427.0000,648800
427.0000,429.4670,420.5000,426.0000,1883200
428.2000,450.0450,427.2750,450.0000,690300
452.0000,456.0000,447.2000,455.5000,578200
450.3000,473.3000,448.8000,470.7000,1000000
473.1000,473.2000,460.7000,466.9000,454800
471.7000,476.4000,466.5000,468.5000,470200
472.7000,472.7000,462.9000,467.9000,327700
465.7000,471.9000,464.7000,470.0000,397500
471.2000,472.0000,461.8000,468.3000,758300
470.8000,470.8000,450.7000,451.5000,444400
447.5000,459.0000,317.6000,457.6000,561100
458.2000,458.2000,440.9000,440.9000,549600
443.5000,447.4000,437.7000,440.0000,274800
437.8000,442.4000,421.4000,421.4000,379400
420.0000,436.0000,414.4000,434.9000,804800
435.0000,439.0000,422.5000,422.5000,600400
420.3000,423.9000,409.0000,415.2000,279200
415.3000,420.9000,413.1000,420.4000,307300
424.5000,432.0000,421.7280,428.4000,686300
429.0000,433.6000,428.8000,433.6000,325600
435.0000,437.3000,431.4000,435.0000,117100
435.0000,435.0000,435.0000,435.0000,0
435.0000,435.0000,435.0000,435.0000,0
435.0000,436.5000,430.5000,433.2000,539400
433.2000,435.5000,431.3000,435.0000,147700
437.2000,437.2000,429.3000,430.5000,120300
430.5000,430.5000,430.5000,430.5000,0
442.0000,444.0000,433.0000,437.0000,594300
436.6000,438.1780,430.3000,434.9000,288800
435.3000,436.4000,425.6000,430.0000,285100
430.1000,432.0000,421.8350,424.0000,659600
425.0000,425.0000,411.0000,412.2000,347300
418.7000,425.2000,412.0310,423.4000,560600
421.2000,429.7900,421.1000,423.8000,310300
428.8000,428.8000,422.0000,424.8000,365300
431.6000,432.6000,424.8000,429.5000,544000
429.4000,441.4000,428.6800,441.4000,308400
448.9000,449.5000,437.2000,439.6000,263700
440.0000,452.4000,431.0980,447.0000,329500
449.3000,451.0000,444.3000,448.8000,424500
448.3000,450.5880,441.5000,443.5000,615100
444.3000,449.1000,441.1840,446.3000,475400
431.1000,439.9000,425.8800,431.0000,664000
432.4000,433.9000,420.2000,421.9000,414500
422.3000,425.1000,416.9000,419.3000,543000
418.1000,419.1030,410.9000,415.3000,529900
414.7000,419.2000,411.3000,413.5000,442900
415.5000,417.3000,410.9000,412.8000,485100
412.9000,426.1000,412.9000,424.2000,854100
424.5000,432.8000,420.5650,432.6000,899200
432.5000,447.1000,430.1000,444.1000,685100
442.5000,447.0600,436.6000,441.0000,764500
440.3000,460.4000,438.5000,460.4000,1054700
460.4000,469.9000,454.1000,460.0000,1033300
460.0000,462.0000,440.9000,460.3000,1650600
460.0000,466.0390,454.4440,455.8000,1289600
459.5000,465.9000,447.9900,465.6000,671800
462.1000,468.0000,458.6000,460.6000,599700
465.0000,469.3000,459.6000,459.6000,747300
456.5000,465.5000,454.0000,463.9000,360500
466.3000,472.3000,459.3000,471.9000,694200
476.9000,485.9000,473.8000,483.7000,641100
484.9000,484.9000,475.7000,481.5000,898900
481.4000,483.9000,464.7600,465.0000,999100
465.0000,467.4000,454.3000,457.8000,1280400
462.1000,463.4000,457.0100,462.0000,746400
462.0000,462.0000,441.0000,449.3000,1062900
449.2000,454.3720,428.7220,439.5000,2257000
437.5000,442.0000,426.9000,428.3000,1652400
430.0000,448.3000,426.5350,447.6000,1114300
447.8000,449.1030,440.8000,445.5000,1129200
442.5000,447.7000,440.0600,445.3000,1013400
444.8000,464.3000,444.2000,459.1000,3835100
457.6000,467.9000,455.5000,461.8000,2565700
461.6000,475.7200,460.0000,466.6000,1375200
468.0000,475.0000,463.9000,467.0000,893300
468.3000,472.0000,466.0000,472.0000,470400
473.6000,482.4000,467.4000,480.3000,689600
479.0000,485.9000,474.5000,478.1000,1008400
478.9000,480.5000,473.8000,477.9000,668800
480.2000,499.7000,476.0000,496.3000,1602000
498.0000,498.0000,485.7000,491.1000,921500
491.5000,495.8000,484.9000,491.0000,792000
493.2000,497.4000,488.5000,490.0000,647500
490.9000,496.0000,482.6000,483.4000,559000
485.9000,494.5000,481.6000,486.4000,794000
488.9000,490.5000,484.4000,488.6000,594100
488.6000,494.1280,487.1000,488.2000,689500
490.0000,495.7000,487.0000,487.0000,1106000
485.5000,490.3000,477.6000,479.5000,770500
479.9000,490.0000,479.9000,487.1000,599500
487.0000,490.8000,477.3000,488.0000,1002700
489.4000,492.3100,485.3800,487.6000,923700
485.3000,486.4720,464.0000,465.6000,1492000
466.3000,470.8000,458.1000,465.8000,979000
465.8000,465.8000,465.8000,465.8000,0
465.8000,465.8000,465.8000,465.8000,0
462.2000,462.2000,446.8000,446.8000,856200
444.5000,466.9000,444.5000,463.7000,1070100
463.0000,478.4000,463.0000,475.3000,783400
475.2000,478.0860,458.2000,460.1000,662100
457.1000,461.7000,453.2000,456.3000,577700
456.2000,474.1000,456.2000,471.5000,775200
469.1000,482.4000,469.1000,481.5000,1671200
490.0000,509.5000,490.0000,508.5000,2322400
510.0000,525.0000,504.8600,521.5000,1279400
521.5000,521.5000,492.7000,496.9000,1633900
501.5000,506.5000,499.0000,506.0000,745100
509.0000,513.5000,504.5000,512.0000,544300
515.5000,517.0000,504.0000,510.0000,510500
507.0000,526.6320,507.0000,526.5000,450500
529.5000,529.5650,521.5000,526.5000,485700
527.0000,530.5000,521.0000,530.5000,714500
530.0000,533.0000,525.0000,529.5000,767700
528.5000,533.0000,527.0000,532.0000,708300
530.0000,530.9600,515.5000,517.0000,793400
517.0000,517.0000,517.0000,517.0000,0
517.0000,520.0000,496.4000,500.0000,855400
502.5000,502.5000,487.4000,496.3000,865900
499.0000,518.0000,496.2000,516.0000,626600
515.0000,515.0000,502.0000,509.5000,568500
507.0000,507.0000,494.5000,499.4000,491700
506.0000,510.0000,491.1000,493.8000,613800
488.3000,506.0000,482.8680,501.5000,659200
501.0000,502.6900,479.1000,480.7000,639100
474.1000,478.0000,465.0000,465.0000,834700
465.8000,469.1000,462.4000,464.9000,491900
476.4000,484.3000,472.3000,481.8000,484100
474.5000,479.2000,468.9000,469.3000,521900
473.5000,473.5000,460.8000,466.1000,552400
468.6000,476.8000,463.7000,474.1000,927300
476.2000,484.3000,475.0400,479.0000,287400
481.4000,485.1000,476.1200,484.1000,285800
478.7000,483.1190,470.8000,471.9000,582200
473.8000,482.4000,470.0000,480.1000,1108100
478.6000,483.8000,460.6030,463.9000,573500
463.9000,463.9000,463.9000,463.9000,0
463.9000,463.9000,463.9000,463.9000,0
466.9000,477.6000,466.9000,474.5000,623500
477.6000,493.0000,476.6000,488.1000,735200
482.2000,486.3800,477.2000,479.8000,493400
491.3000,493.2470,473.9000,474.9000,415300
476.8000,479.0000,469.6000,474.4000,491700
476.4000,479.2000,470.4000,475.3000,349600
473.6000,483.7000,468.7000,481.2000,903000
482.6000,487.8930,475.9000,487.6000,1626000
492.3000,494.9440,482.3000,484.6000,537600
484.9000,498.5000,484.1000,495.9000,495700
497.1000,520.0000,494.5000,518.5000,785900
514.5000,519.5000,508.9500,512.0000,432600
508.5000,508.5000,499.5000,501.0000,396200
500.5000,514.5000,499.2000,513.0000,697200
516.5000,516.5000,504.0000,506.0000,501300
509.5000,514.0000,504.0000,511.0000,520000
512.5000,512.5000,496.4000,503.0000,466800
517.0000,532.0000,512.0000,529.5000,578500
528.0000,539.5000,524.9480,537.0000,460500
523.0000,550.0000,520.5000,548.0000,546500
536.0000,552.0000,536.0000,548.5000,325800
534.5000,552.3150,534.5000,549.0000,466600
542.0000,549.5000,541.5000,545.5000,463900
542.0000,545.1100,538.0000,543.0000,377600
540.0000,552.0000,540.0000,551.0000,314700
547.0000,555.6850,544.5000,552.0000,410900
548.0000,553.5000,542.5000,545.5000,864800
545.0000,554.5000,542.5000,552.0000,628800
556.5000,556.5000,548.5000,551.0000,470400
551.0000,557.0000,548.6100,552.5000,429800
556.0000,575.5580,555.7500,575.5000,1548500
574.5000,583.5580,571.0000,583.5000,388600
580.5000,583.5000,573.5000,574.5000,494100
570.0000,575.5000,546.0000,548.0000,427300
552.5000,557.0650,545.5000,552.5000,422600
552.5000,563.0000,549.5000,562.0000,227000
561.0000,574.5000,558.2470,571.5000,525500
572.5000,572.5000,562.0000,571.5000,398500
566.0000,578.5000,565.5000,575.0000,299200
567.5000,576.5000,566.0000,566.0000,350300
567.5000,577.5000,566.9820,577.5000,240100
575.0000,580.0000,562.5000,562.5000,274800
564.0000,590.0000,563.8100,589.5000,317700
587.5000,597.5000,580.5000,594.0000,293200
593.5000,601.0000,591.6870,598.5000,310600
595.5000,600.0000,589.5000,598.0000,268800
601.0000,604.5000,596.0000,603.5000,176300
602.0000,606.5000,596.5000,602.5000,288700
603.5000,605.5000,598.5000,602.0000,166600
605.5000,609.0000,600.5000,607.0000,212700
607.5000,614.0000,606.0580,610.5000,331900
610.5000,614.7980,605.5000,609.0000,407500
613.0000,614.5000,604.5000,610.0000,389600
612.5000,614.0000,601.5000,606.5000,290400
616.0000,616.5000,603.5000,614.5000,603900
611.0000,612.3000,602.0000,610.5000,376300
617.0000,620.0000,607.5500,613.5000,394500
618.5000,623.0000,611.0000,619.5000,323900
619.5000,619.5000,619.5000,619.5000,0
626.5000,626.5000,600.0000,612.0000,489000
614.5000,618.5000,603.0000,615.0000,474100
613.5000,618.0000,608.5000,617.0000,331500
620.0000,622.5000,608.0000,621.0000,576300
613.0000,634.0000,610.5000,633.0000,401000
640.0000,640.0000,622.0000,630.5000,481400
634.5000,637.5180,622.5000,626.0000,796000
630.0000,653.5000,625.5000,650.5000,1133900
650.5000,665.0000,645.5000,647.5000,1509200
647.0000,660.5000,644.0000,653.5000,659900
656.0000,663.5000,651.0000,654.0000,962000
640.0000,645.0000,625.5000,630.0000,1054200
631.5000,642.5000,629.5620,637.0000,694400
646.5000,650.5000,635.5000,645.5000,675700
642.0000,655.0000,637.4500,652.0000,750900
647.5000,651.5000,642.0000,647.0000,488100
649.5000,660.0000,644.5750,647.5000,377300
644.0000,652.0000,638.0000,640.0000,1090100
643.5000,643.5000,630.0000,639.0000,863700
633.0000,638.5000,632.0000,635.0000,272300
637.0000,642.0000,633.0000,639.0000,374300
634.5000,635.0000,623.5000,624.5000,349000
630.0000,632.5000,625.0000,631.0000,289400
633.5000,636.8390,626.5000,628.5000,409000
629.5000,640.5000,627.5000,638.5000,523400
631.5000,642.0000,631.5000,636.0000,332100
635.5000,649.5000,633.6870,644.5000,468500
645.0000,656.5000,643.6250,649.5000,623000
650.0000,676.5000,647.5000,666.0000,749400
662.5000,675.0000,658.5000,672.0000,1019000
672.0000,676.0000,662.5000,675.0000,635400
675.0000,687.0000,671.0000,679.0000,1163200
677.5000,691.5000,672.1880,688.0000,1037900
689.5000,717.5000,689.0000,712.0000,1761100
711.0000,736.0000,709.4150,725.5000,1617100
716.5000,742.0000,715.5000,737.5000,1490500
740.0000,740.0000,732.6050,737.0000,1265900
741.0000,748.6090,731.0000,742.5000,1225900
740.0000,758.4520,736.5000,753.0000,1919900
750.0000,757.5000,744.5000,754.5000,1003100
754.0000,755.1970,741.5000,744.0000,1214800
744.5000,750.0000,733.5000,742.5000,1345700
744.0000,762.5000,740.0000,752.5000,1854400
748.0000,759.0000,740.0000,759.0000,1239200
744.0000,744.0000,721.0000,727.5000,2048200
730.0000,742.5000,724.8750,738.0000,1081000
736.0000,746.8750,735.1650,738.0000,744800
738.5000,750.5000,733.5000,746.5000,983400
747.5000,778.5000,746.5000,762.0000,1178700
759.0000,785.4800,748.5000,759.5000,750000
762.0000,769.0000,760.0000,766.5000,835900
772.5000,782.0000,767.3860,768.5000,1308300
772.0000,777.0000,765.8560,769.0000,926100
770.0000,776.5000,763.0000,774.0000,991700
771.5000,779.5000,769.5000,775.5000,775400
773.5000,780.0000,770.0000,780.0000,971000
779.5000,785.0000,767.5000,767.5000,971400
765.0000,784.0450,752.5000,759.0000,1722900
762.5000,768.5000,752.0000,752.0000,1438900
759.5000,766.0000,754.1870,765.5000,2124800
761.5000,779.5000,759.5000,775.5000,1362300
774.0000,776.5000,767.0000,770.5000,742700
771.0000,774.5000,763.5000,766.0000,1020600
767.0000,773.5000,761.0000,771.5000,605100
773.5000,782.5000,764.0000,765.5000,952800
770.5000,771.5000,767.5000,770.0000,1414100
769.5000,770.0000,754.5000,763.5000,1075300
768.0000,769.5000,747.5000,750.5000,1897500
753.5000,764.4830,731.0000,757.0000,14852000
757.0000,757.0000,731.0000,736.5000,1427000
737.5000,745.5000,734.7200,744.0000,743800
747.5000,748.0000,735.5000,743.5000,889300
742.0000,742.0000,721.9500,728.5000,1374300
731.5000,735.0000,727.5000,735.0000,679900
734.0000,734.0000,714.0000,716.0000,901300
715.0000,719.1400,708.1250,710.0000,961400
711.5000,714.0000,697.5000,705.0000,964700
707.5000,710.0000,701.0000,702.5000,672300
704.0000,708.3710,700.1870,704.0000,610800
704.5000,704.5000,696.0000,699.0000,589000
701.0000,701.0000,687.0000,694.0000,897300
697.5000,702.5000,693.0000,696.0000,1250400
696.0000,697.0000,692.0000,693.5000,742200
690.5000,692.5000,681.8600,689.0000,755700
690.0000,691.8880,684.0600,685.5000,91900
685.5000,685.5000,685.5000,685.5000,0
685.5000,691.5000,683.0000,685.0000,530500
687.0000,687.0000,673.6870,679.5000,495000
675.0000,684.0000,675.0000,681.0000,185100
681.0000,681.0000,681.0000,681.0000,0
690.0000,700.5000,689.0000,699.0000,678700
695.5000,711.1320,695.5000,704.0000,918500
702.5000,721.0000,698.5000,721.0000,851100
721.5000,729.5000,717.2210,728.5000,974000
726.5000,727.5000,718.0000,719.0000,638900
720.5000,726.0000,720.2180,724.5000,593900
723.0000,727.6770,720.5000,724.0000,507800
728.5000,731.5000,724.6250,731.0000,721100
730.0000,735.0000,726.0000,730.0000,564300
728.0000,728.1420,720.5000,725.0000,537600
725.5000,727.4770,721.0000,722.5000,547700
722.0000,723.5000,714.0000,720.0000,723400
723.5000,725.0000,718.0000,719.0000,702500
721.0000,722.3390,711.0000,717.0000,392500
717.5000,717.5000,709.5640,712.0000,538400
710.5000,716.5000,707.0000,716.0000,712700
713.0000,730.0000,711.5000,725.5000,815200
722.0000,727.5000,708.0000,710.0000,958900
708.0000,710.7800,700.5000,701.0000,502400
700.0000,704.0000,683.6870,693.5000,984500
694.5000,695.0590,686.5000,693.5000,656400
695.0000,701.5000,690.0000,691.0000,924600
694.0000,703.5000,691.5000,702.5000,688200
703.0000,705.6250,692.0000,694.5000,598200
701.5000,740.5000,699.1230,734.5000,1572000
756.0000,818.5000,756.0000,817.0000,2642200
815.0000,815.0000,796.1410,808.5000,1276800
807.0000,813.0000,800.0350,809.0000,685800
807.0000,813.5000,804.9660,809.5000,373700
809.0000,822.3500,806.5000,820.5000,458400
820.0000,838.5000,819.0000,836.0000,644000
833.5000,841.5000,831.1250,838.0000,530400
838.5000,848.5000,831.5000,848.0000,824800
853.5000,853.6400,841.8730,845.0000,327900
843.5000,853.0000,841.5000,848.5000,423800
849.0000,861.5000,846.5000,861.5000,449000
863.5000,863.5000,842.5000,842.5000,504000
846.5000,866.5120,846.5000,856.5000,597700
856.5000,862.5000,840.1500,846.0000,569200
842.5000,843.5000,825.5000,836.5000,616800
840.5000,852.0520,835.5000,849.0000,588100
853.5000,871.0000,852.4380,867.0000,838500
864.0000,871.5000,850.5000,862.5000,431200
866.0000,866.0000,857.0000,861.5000,504900
862.5000,872.0000,862.0000,870.5000,477100
872.5000,876.6420,864.5000,870.0000,650600
870.5000,880.5000,868.0000,880.0000,640100
884.5000,891.5000,845.1870,891.5000,1363900
888.5000,895.0000,884.0000,888.5000,443200
888.5000,898.0000,885.5620,891.5000,564800
887.0000,891.0000,877.5370,891.0000,854000
892.0000,898.0000,887.6870,895.0000,330700
897.0000,929.5000,893.0000,929.5000,1316100
909.5000,924.3750,902.0000,909.0000,943300
917.0000,917.0000,900.5000,903.0000,577000
907.5000,913.0000,889.0000,889.0000,996200
887.5000,893.0000,872.0000,874.0000,890700
872.0000,878.5620,863.5000,869.0000,725800
876.5000,890.0000,864.6250,869.0000,586700
876.0000,876.0000,867.5000,868.5000,539700
872.5000,873.0000,855.0000,861.0000,560400
863.5000,872.4000,861.0000,868.0000,582000
868.0000,868.0000,868.0000,868.0000,0
868.0000,868.0000,868.0000,868.0000,0
873.5000,882.7190,864.1950,868.5000,651300
868.0000,871.5000,861.0000,863.0000,583300
868.5000,868.5000,842.5000,848.0000,584500
850.0000,851.0000,834.0000,841.0000,721600
842.0000,860.0000,835.2500,859.5000,1214700
853.5000,867.0000,847.5000,850.5000,812100
847.5000,870.5000,847.5000,866.5000,710200
862.5000,886.0000,862.5000,881.5000,518300
875.0000,888.7600,868.5000,883.0000,422100
883.5000,895.5000,873.6870,893.0000,915700
887.5000,902.3410,876.0000,900.0000,1090300
920.0000,952.5000,915.5000,949.0000,2033600
958.0000,958.5000,938.0000,952.0000,1238900
952.5000,961.0000,946.5000,960.5000,661500
962.0000,976.0000,946.5000,951.0000,746300
953.5000,980.2330,951.3600,979.0000,766000
978.0000,978.0000,954.5000,960.5000,874000
962.0000,979.5000,962.0000,977.0000,564200
974.0000,985.0000,956.5000,965.5000,905300
968.0000,981.0000,968.0000,977.5000,515600
978.5000,987.0000,970.0000,979.5000,578000
984.5000,984.5000,960.0000,980.0000,252700
979.0000,980.0000,962.5000,976.5000,819100
977.0000,987.5000,972.5000,983.0000,567900
983.0000,983.0000,983.0000,983.0000,0
978.5000,987.3130,973.0000,979.5000,667900
991.0000,991.0000,980.0000,990.0000,566300
991.0000,1001.0000,985.5000,996.0000,410000
994.0000,1003.0000,990.6870,995.0000,558300
994.0000,1003.0000,993.0000,998.0000,367200
1000.0000,1012.0000,995.7500,1009.0000,502100
1005.0000,1029.0000,1005.0000,1024.0000,443200
1024.0000,1025.0000,1005.0000,1016.0000,524500
1014.0000,1020.7500,1008.0000,1019.0000,310300
1023.0000,1024.0000,1002.0000,1018.0000,365700
1016.0000,1037.0000,1008.9800,1034.0000,565100
1025.0000,1036.0000,1022.0000,1033.0000,424800
1015.0000,1019.0000,991.5580,998.5000,606500
1011.0000,1015.2000,983.0000,989.0000,605200
989.0000,989.0000,989.0000,989.0000,0
1004.0000,1022.0000,1001.0000,1011.0000,565600
1006.0000,1010.3800,975.0000,975.0000,518600
975.0000,979.6250,955.5000,963.0000,590600
961.5000,967.0000,948.0000,963.5000,2152400
959.5000,968.0000,944.0000,953.0000,549000
959.0000,967.0000,958.0000,964.0000,483400
958.5000,960.0000,943.1870,946.5000,562500
945.0000,952.5000,920.5000,922.5000,644800
925.5000,927.5000,894.5000,909.0000,1125300
907.5000,935.5000,904.5000,928.0000,679500
925.0000,925.5000,910.0000,920.0000,752800
918.0000,924.5000,906.0000,909.5000,573700
899.5000,904.0000,883.6250,902.0000,561900
905.5000,918.5000,902.3930,911.0000,483000
909.5000,920.5000,904.0000,907.5000,424000
907.0000,929.5000,907.0000,919.5000,522100
917.0000,924.5000,904.0000,920.0000,527200
908.0000,913.5000,881.0000,883.5000,677900
885.0000,901.5000,870.5000,870.5000,973100
872.5000,876.5000,853.0000,855.5000,565300
858.0000,896.5000,852.7500,891.5000,1191600
891.5000,905.0000,887.0000,895.0000,769100
895.0000,910.0000,891.0000,901.0000,585600
900.0000,907.8520,886.0000,888.0000,825100
896.5000,909.5000,891.0000,906.0000,612800
906.5000,909.0000,891.0000,903.0000,418100
895.0000,901.5000,884.5000,900.0000,385600
897.0000,926.5000,897.0000,921.0000,528900
921.0000,937.0000,907.0000,908.0000,357800
912.0000,940.2650,909.0000,932.0000,409200
941.0000,952.5000,936.0000,951.5000,446700
949.0000,956.5000,941.0000,948.5000,497500
955.0000,971.0000,949.5000,968.5000,584100
968.5000,975.5000,967.5000,972.0000,410600
974.5000,985.7500,967.6250,984.5000,328300
985.0000,991.5000,979.7500,986.5000,412700
991.5000,994.5000,976.7280,991.5000,426800
988.0000,1011.0000,988.0000,1007.0000,430100
1002.0000,1008.0000,999.0000,1004.0000,514700
1012.0000,1021.0000,1000.0000,1008.0000,216800
1024.0000,1024.0000,1005.0000,1010.0000,497900
1008.0000,1014.0000,993.5000,996.0000,664300
997.5000,1001.0000,960.5000,968.0000,803000
974.5000,978.5000,950.5000,955.0000,536100
955.0000,967.5000,953.5000,958.0000,285700
962.0000,973.0000,960.0000,966.0000,312900
963.5000,986.0000,963.0000,980.5000,326400
984.5000,1001.0000,981.5000,1000.0000,560700
1001.0000,1007.0000,991.5000,1002.0000,338500
1001.0000,1023.4000,1000.8100,1015.0000,361500
1014.0000,1026.0000,1008.0000,1014.0000,364000
1010.0000,1036.0000,1006.0000,1018.0000,596600
1016.0000,1034.0000,1015.0000,1023.0000,654800
1025.0000,1031.0000,1021.0000,1026.0000,246800
1027.0000,1039.0000,1022.0000,1030.0000,313500
1031.0000,1040.0000,1030.0000,1035.0000,475600
1030.0000,1041.0000,1024.0000,1031.0000,341400
1034.0000,1034.0000,1007.0000,1011.0000,504600
1008.0000,1018.0000,1007.0000,1015.0000,345200
1016.0000,1029.0000,1014.0000,1021.0000,228300
1012.0000,1020.0000,999.6870,1010.0000,268000
1014.0000,1015.0000,996.5000,996.5000,440400
996.5000,1001.2700,990.5000,991.5000,684200
988.5000,996.0000,988.5000,993.5000,969900
993.5000,993.5000,993.5000,993.5000,0
988.5000,994.0000,977.0000,991.5000,581800
987.5000,997.0070,980.0000,993.5000,341100
994.5000,1008.0000,980.0000,1005.0000,307600
1005.0000,1009.0000,990.5000,998.5000,448100
1005.0000,1017.0000,1001.0000,1015.0000,410400
1007.0000,1033.0400,1007.0000,1031.0000,498000
1012.0000,1023.6400,947.0000,1014.0000,995500
1013.0000,1030.0000,1008.0000,1024.0000,638300
1020.0000,1026.5200,1003.0000,1019.0000,461600
1022.0000,1023.0000,1007.0000,1012.0000,613200
1020.0000,1043.0000,1018.0000,1040.0000,515600
1014.0000,1023.0000,1013.0000,1020.0000,1146300
1028.0000,1028.0000,1009.0000,1011.0000,386400
1009.0000,1020.6100,1009.0000,1015.0000,273100
1026.0000,1032.0000,1017.0000,1019.0000,1098200
1023.0000,1028.0000,1017.7000,1018.0000,370700
1021.0000,1024.0000,1006.0000,1012.0000,197200
1014.0000,1044.0000,1014.0000,1034.0000,418500
1031.0000,1044.0000,1025.0000,1040.0000,677800
1039.0000,1039.8000,1028.0000,1030.0000,354100
1024.0000,1037.0000,1024.0000,1028.0000,237300
1025.0000,1031.0000,1005.0000,1012.0000,426000
1015.0000,1016.0000,995.5000,995.5000,412900
997.5000,1003.0000,989.5000,994.5000,315500
988.0000,989.5000,978.0000,979.5000,486600
985.5000,992.7360,982.5000,988.0000,390400
983.0000,993.5000,979.0000,981.5000,433900
977.5000,987.0000,976.5000,978.5000,242600
977.0000,986.2500,970.5000,984.0000,348300
981.0000,982.5000,973.0000,978.5000,181000
976.0000,982.0000,969.1870,979.5000,424600
976.5000,981.5000,966.5000,981.5000,471400
983.0000,998.0000,982.5000,994.5000,603900
988.5000,1004.0000,986.0000,993.0000,370300
992.0000,1009.0000,987.0000,1009.0000,368100
1030.0000,1046.4800,1020.0000,1040.0000,642800
1043.0000,1093.7800,1024.0000,1090.0000,779000
1086.0000,1117.0000,1077.0000,1115.0000,530500
1122.0000,1139.0000,1116.0000,1137.0000,612900
1141.0000,1142.0000,1126.0000,1142.0000,407400
1143.0000,1155.1200,1111.0000,1154.0000,530000
1153.0000,1173.0000,1151.0000,1171.0000,511700
1170.0000,1185.0000,1165.0000,1185.0000,807000
1180.0000,1184.2600,1152.0000,1155.0000,768400
1161.0000,1169.0000,1158.0000,1166.0000,248200
1167.0000,1177.9900,1164.0000,1167.0000,274500
1157.0000,1183.0000,1157.0000,1181.0000,317600
1182.0000,1195.0000,1180.0000,1190.0000,504300
1194.0000,1196.0000,1165.0000,1169.0000,441200
1173.0000,1181.0000,1164.0000,1169.0000,277800
1174.0000,1174.0000,1160.0000,1174.0000,509500
1181.0000,1191.0000,1174.8800,1187.0000,449200
1185.0000,1193.0000,1173.0000,1177.0000,423300
1174.0000,1183.0000,1147.0000,1165.0000,402100
1174.0000,1180.0000,1165.0000,1177.0000,257500
1179.0000,1179.5000,1167.0000,1169.0000,175800
1167.0000,1170.0000,1146.0000,1149.0000,299700
1156.0000,1168.0000,1155.8800,1164.0000,362100
1176.0000,1195.0000,1170.0000,1179.0000,334200
1174.0000,1192.0000,1170.6100,1176.0000,1140800
1167.0000,1176.0000,1157.0000,1176.0000,348300
1178.0000,1178.6200,1163.0000,1172.0000,239000
1166.0000,1190.0000,1164.8800,1182.0000,269800
1186.0000,1186.0000,1170.0000,1173.0000,277200
1179.0000,1190.0000,1177.0000,1190.0000,285100
1188.0000,1193.7500,1179.0000,1183.0000,347900
1182.0000,1195.0000,1182.0000,1191.0000,304100
1184.0000,1226.0000,1184.0000,1222.0000,455200
1220.0000,1225.5699,1212.0000,1212.0000,373300
1214.0000,1224.0000,1203.7200,1212.0000,422200
1206.0000,1225.0000,1205.0000,1209.0000,342000
1207.0000,1215.0000,1197.0000,1214.0000,370100
1207.0000,1213.0000,1200.0000,1200.0000,289700
1195.0000,1216.0000,1192.0000,1209.0000,1778500
1215.0000,1229.0000,1213.0000,1228.0000,275600
1223.0000,1275.0000,1223.0000,1272.0000,617100
1268.0000,1296.0000,1261.0000,1277.0000,397800
1278.0000,1283.1200,1258.0000,1266.0000,537300
1270.0000,1290.0000,1265.0000,1285.0000,619300
1286.0000,1298.0000,1272.0000,1298.0000,366700
1298.0000,1299.2800,1278.0000,1285.0000,354600
1285.0000,1304.7500,1269.0000,1271.0000,658300
1285.0000,1319.0000,1284.6200,1316.0000,591000
1322.0000,1332.0000,1310.0000,1327.0000,572800
1324.0000,1332.0000,1320.1200,1326.0000,710200
1318.0000,1329.9200,1290.0000,1305.0000,329400
1305.0000,1305.0000,1305.0000,1305.0000,0
1305.0000,1305.0000,1305.0000,1305.0000,0
1308.0000,1350.6600,1303.0000,1349.0000,262800
1342.0000,1360.0000,1338.0000,1350.0000,271300
1359.0000,1361.0000,1337.0000,1354.0000,126900
1354.0000,1354.0000,1354.0000,1354.0000,0
1356.0000,1411.0000,1351.4399,1405.0000,777700
1408.0000,1443.0000,1399.0000,1441.0000,992500
1441.0000,1491.0000,1432.0000,1491.0000,746900
1490.0000,1492.0000,1456.0000,1470.0000,971900
1469.0000,1476.0000,1449.0000,1463.0000,546900
1465.0000,1471.0000,1440.0000,1449.0000,688200
1455.0000,1489.0000,1451.5000,1478.0000,678000
1475.0000,1485.0000,1454.1300,1485.0000,442200
1485.0000,1544.0000,1482.0000,1508.0000,1399500
1470.0000,1476.0000,1426.7200,1446.0000,1780800
1445.0000,1477.1200,1432.2500,1476.0000,833600
1470.0000,1495.6200,1445.0000,1453.0000,974200
1473.0000,1509.0000,1453.6600,1509.0000,647400
1519.0000,1580.6200,1518.0000,1549.0000,1061400
1548.0000,1560.0000,1524.0000,1530.0000,3350400
1528.0000,1550.0000,1526.0000,1536.0000,682400
1537.0000,1547.0000,1497.0000,1509.0000,817700
1507.0000,1510.0000,1419.0000,1429.0000,1569400
1439.0000,1486.0000,1435.0000,1485.0000,824700
1493.0000,1523.0000,1470.0000,1483.0000,704400
1480.0000,1515.1600,1457.0000,1514.0000,604900
1510.0000,1513.0000,1469.0000,1486.0000,728500
1487.0000,1501.0000,1446.0000,1449.0000,666600
1443.0000,1502.6100,1428.0000,1497.0000,762600
1453.0000,1463.2500,1326.0000,1345.0000,3056700
1345.0000,1394.3600,1333.0000,1371.0000,1834600
1376.0000,1381.0000,1344.0000,1353.0000,1183200
1360.0000,1362.0000,1295.0000,1304.0000,2272700
1305.0000,1349.6801,1299.0500,1328.0000,1140400
1328.0000,1350.0000,1321.0000,1336.0000,624400
1337.0000,1344.0000,1316.6801,1341.0000,737200
1339.0000,1349.0000,1329.0000,1338.0000,615100
1335.0000,1351.0000,1333.0000,1342.0000,390300
1348.0000,1350.0000,1338.0000,1346.0000,1237200
1347.0000,1356.0000,1342.0000,1352.0000,798400
1343.0000,1350.0000,1318.0000,1321.0000,637400
1328.0000,1333.2400,1312.0000,1314.0000,1023700
1317.0000,1359.1600,1311.7900,1357.0000,983500
1352.0000,1354.0000,1340.0000,1345.0000,798300
1343.0000,1354.0000,1334.0000,1350.0000,916200
1349.0000,1356.0000,1334.0000,1350.0000,749600
1349.0000,1398.0000,1348.0000,1397.0000,846300
1373.0000,1373.0000,1346.2500,1367.0000,901400
1375.0000,1394.9200,1368.0000,1385.0000,646400
1383.0000,1400.0000,1369.2500,1370.0000,608800
1377.0000,1387.3800,1369.0000,1370.0000,610700
1375.0000,1395.0000,1365.6000,1385.0000,711300
1386.0000,1413.0200,1381.0000,1384.0000,789000
1387.0000,1397.9900,1371.0000,1385.0000,384100
1371.0000,1379.0000,1339.0000,1339.0000,665600
1344.0000,1350.0000,1316.0000,1316.0000,529400
1310.0000,1314.2500,1287.0000,1294.0000,535100
1299.0000,1317.0000,1298.0400,1314.0000,380400
1311.0000,1331.0000,1310.0000,1314.0000,471200
1319.0000,1513.0000,1298.0000,1504.0000,2619300
1495.0000,1500.0000,1424.0000,1455.0000,1557100
1458.0000,1473.0000,1410.6899,1414.0000,1220900
1412.0000,1421.7500,1370.0000,1374.0000,846000
1376.0000,1406.0000,1374.0000,1406.0000,538600
1415.0000,1493.0000,1415.0000,1481.0000,1292800
1477.0000,1477.0000,1452.0000,1471.0000,604400
1473.0000,1482.6200,1448.0000,1460.0000,1453900
1466.0000,1476.0000,1456.0000,1458.0000,861800
1466.0000,1470.0000,1445.2500,1450.0000,676300
1450.0000,1451.0000,1414.0000,1424.0000,917400
1423.0000,1441.0000,1418.0000,1428.0000,642700
1427.0000,1445.0000,1422.0000,1436.0000,688100
1421.0000,1427.2500,1364.0000,1365.0000,917400
1363.0000,1369.1200,1309.0000,1315.0000,1091900
1323.0000,1343.2200,1315.0000,1340.0000,940900
1360.0000,1378.0000,1323.0000,1324.0000,573100
1305.0000,1308.0000,1236.1700,1257.0000,1417300
1250.0000,1255.0000,1192.0000,1207.0000,1449300
1205.0000,1240.0000,1194.0000,1211.0000,1609500
1245.0000,1251.0000,1148.0000,1199.0000,1648900
1203.0000,1215.7100,1188.0000,1203.0000,881900
1203.0000,1203.0000,1203.0000,1203.0000,0
1203.0000,1203.0000,1203.0000,1203.0000,0
1203.0000,1256.0000,1197.0000,1247.0000,1296200
1249.0000,1253.0000,1185.1700,1197.0000,913800
1205.0000,1231.7500,1200.0000,1212.0000,746400
1211.0000,1213.0000,1166.0000,1170.0000,631100
1170.0000,1182.8300,1151.0000,1151.0000,797700
1160.0000,1187.0000,1160.0000,1187.0000,839300
1182.0000,1186.0000,1157.0000,1170.0000,680500
1175.0000,1220.0000,1164.0000,1215.0000,2054100
1220.0000,1225.0000,1185.0000,1193.0000,839300
1193.0000,1193.0000,1193.0000,1193.0000,0
1157.0000,1195.0000,1145.0000,1179.0000,962800
1177.0000,1212.0000,1166.3800,1200.0000,1157200
1206.0000,1223.0000,1199.3800,1221.0000,732300
1221.0000,1221.4399,1204.0000,1209.0000,551500
1212.0000,1219.0000,1203.0000,1216.0000,362700
1222.0000,1242.0000,1218.0000,1237.0000,612000
1239.0000,1246.0000,1228.0000,1233.0000,607700
1237.0000,1257.2800,1199.0000,1201.0000,1605900
1202.0000,1212.0000,1148.7500,1173.0000,1173900
1175.0000,1191.0000,1133.1000,1144.0000,1117500
1145.0000,1161.0000,1140.0000,1154.0000,802100
1154.0000,1183.0000,1152.5500,1179.0000,1033100
1184.0000,1195.0000,1176.0000,1193.0000,513900
1198.0000,1198.0000,1176.0000,1178.0000,625300
1178.0000,1178.0000,1178.0000,1178.0000,0
1184.0000,1200.0000,1177.0000,1190.0000,675800
1192.0000,1216.0601,1186.9100,1216.0000,757800
1215.0000,1234.0000,1208.0000,1218.0000,487900
1217.0000,1235.0000,1211.0000,1219.0000,1498200
1224.0000,1245.0601,1212.0000,1245.0000,897100
1244.0000,1252.0000,1236.0000,1250.0000,709100
1251.0000,1259.0000,1242.0000,1254.0000,732300
1251.0000,1272.0000,1228.0000,1268.0000,919200
1273.0000,1299.0000,1264.3500,1299.0000,658900
1299.0000,1300.0000,1282.2000,1294.0000,790900
1294.0000,1297.0000,1280.0000,1294.0000,456200
1295.0000,1300.0000,1276.0000,1295.0000,782600
1300.0000,1300.0000,1285.0000,1289.0000,576600
1286.0000,1286.0000,1247.0000,1267.0000,679200
1264.0000,1272.0000,1253.0000,1265.0000,613300
1272.0000,1294.0000,1263.0000,1271.0000,1036300
1271.0000,1276.0000,1263.0000,1267.0000,415200
1278.0000,1286.0000,1259.0000,1259.0000,599200
1257.0000,1271.0000,1255.0000,1265.0000,523200
1292.0000,1295.0000,1261.0000,1267.0000,635900
1274.0000,1274.0000,1248.0000,1257.0000,1035500
1255.0000,1265.0000,1251.0000,1254.0000,482000
1261.0000,1278.0000,1255.1600,1266.0000,546600
1271.0000,1271.0000,1254.0000,1262.0000,519600
1264.0000,1266.0000,1233.2500,1238.0000,1191200
1244.0000,1253.0000,1230.0000,1250.0000,665100
1246.0000,1260.0000,1245.1000,1251.0000,536700
1252.0000,1277.0000,1243.0000,1269.0000,701700
1273.0000,1281.0000,1258.0000,1263.0000,467900
1263.0000,1266.0000,1237.0000,1241.0000,466600
1249.0000,1249.0000,1182.0000,1182.0000,805100
1183.0000,1185.0000,1144.0000,1180.0000,930300
1177.0000,1178.3800,1117.8300,1128.0000,892100
1129.0000,1139.0000,1110.6400,1124.0000,1057100
1127.0000,1156.0000,1123.4399,1153.0000,635100
1151.0000,1155.0900,1121.0000,1136.0000,2126500
1143.0000,1163.0000,1131.0000,1162.0000,567300
1154.0000,1157.5699,1112.6500,1115.0000,764500
1110.0000,1113.2800,1094.8800,1101.0000,764100
1102.0000,1102.4000,1080.0000,1085.0000,685900
1095.0000,1095.4900,1085.0000,1092.0000,654300
1081.0000,1094.0000,1068.0000,1072.0000,802300
1071.0000,1079.0000,1045.0000,1070.0000,1490700
1068.0000,1083.6600,1064.6899,1068.0000,635500
1069.0000,1069.9500,1046.0000,1047.0000,640800
1049.0000,1084.0000,1046.4399,1066.0000,944900
1067.0000,1069.0000,1045.0000,1050.0000,565000
1050.0000,1052.7000,1020.0000,1025.0000,913700
1022.0000,1028.0000,1001.7200,1017.0000,766900
1020.0000,1025.0000,993.3180,995.5000,851800
999.5000,1015.2800,996.0000,1008.0000,1014500
1004.0000,1051.0000,1002.0800,1033.0000,1440100
1031.0000,1058.0000,1028.0000,1050.0000,1031900
1034.0000,1093.8800,1033.0000,1084.0000,1758600
1096.0000,1098.0000,1077.0000,1081.0000,683800
1058.0000,1060.0000,1032.0000,1050.0000,1229400
1049.0000,1061.0000,1037.0000,1056.0000,754100
1056.0000,1080.0000,1052.0000,1078.0000,574500
1079.0000,1089.1100,1073.0000,1080.0000,595100
1091.0000,1112.0000,1088.0000,1109.0000,881700
1112.0000,1114.0000,1102.0000,1107.0000,349300
1105.0000,1124.0000,1104.0000,1109.0000,406400
1114.0000,1134.0000,1106.0000,1133.0000,654300
1132.0000,1156.0000,1129.0000,1154.0000,520700
1154.0000,1154.0000,1154.0000,1154.0000,0
1157.0000,1180.0000,1149.8101,1175.0000,792000
1172.0000,1192.0000,1160.3199,1174.0000,560400
1172.0000,1172.0400,1113.0000,1117.0000,725600
1122.0000,1130.0000,1103.0000,1122.0000,882300
1118.0000,1142.0000,1101.0000,1117.0000,722900
1119.0000,1139.0000,1111.4500,1139.0000,942600
1135.0000,1161.0000,1072.0000,1073.0000,2448200
1070.0000,1079.0000,1028.0000,1049.0000,2074000
1048.0000,1066.0000,1047.0000,1061.0000,4901400
1053.0000,1053.0000,1031.3700,1033.0000,2195500
1031.0000,1043.4200,1027.0000,1033.0000,1204900
1019.0000,1029.0000,997.4760,1022.0000,1901200
1028.0000,1032.0000,994.5000,1004.0000,728700
1007.0000,1009.0000,996.5000,1005.0000,564600
999.0000,1006.2000,981.5000,987.5000,775600
986.5000,990.1740,961.0000,971.5000,1124400
976.0000,987.0000,970.0000,978.5000,698300
981.0000,985.0000,971.0000,983.0000,1340900
992.5000,1008.0000,982.5000,986.0000,1768300
982.5000,994.0000,977.0000,992.0000,554100
992.0000,994.2700,963.0000,965.5000,551400
963.5000,970.5740,953.5000,964.0000,1813400
945.5000,946.5000,912.8200,923.5000,3560100
924.0000,931.5000,904.5000,924.0000,2815500
926.0000,941.5000,924.0000,937.5000,1216600
939.5000,950.0000,929.5000,945.0000,2267000
940.5000,942.5000,919.5000,929.0000,1194900
943.0000,946.5000,924.0000,933.0000,1304700
936.5000,945.5000,928.5000,942.5000,1626500
944.5000,950.0000,938.5000,944.0000,1749600
941.5000,949.0000,931.0000,940.5000,1342300
936.5000,936.5000,924.5000,929.0000,1072800
938.5000,946.5000,919.5000,922.5000,1512400
906.0000,909.3970,880.5000,884.0000,2288500
876.0000,893.5000,870.5000,875.0000,1831800
855.0000,877.0000,827.0000,872.0000,2762900
880.0000,894.0000,850.0000,851.5000,2533700
860.0000,874.0000,839.7470,871.0000,2521100
870.0000,922.5000,870.0000,921.0000,2341400
917.5000,917.6800,901.5000,912.5000,1300000
908.0000,946.0000,906.4000,942.0000,1371600
946.0000,959.6800,939.9380,948.5000,1072500
951.0000,958.0000,935.5000,948.5000,1038700
941.5000,952.5000,935.5000,943.0000,864600
951.0000,955.5000,928.0000,937.0000,718900
942.0000,953.5000,941.1880,951.5000,744500
956.0000,983.5000,953.5000,968.0000,1501300
969.5000,975.5000,957.0000,966.5000,1390900
979.5000,1003.0000,970.5000,993.5000,1326800
992.0000,1007.0000,984.0000,1000.0000,931100
989.0000,1001.0000,977.0000,981.5000,1019100
984.5000,1008.5000,983.0000,1006.0000,666300
1020.0000,1035.0000,1007.0000,1033.0000,1042100
1037.0000,1063.0000,1034.0000,1042.0000,1147100
1035.0000,1044.0000,1021.2500,1044.0000,814200
1039.0000,1051.0000,1019.0000,1020.0000,995800
1018.0000,1018.3800,982.5000,985.0000,1510800
989.0000,1012.0000,983.0000,986.0000,907500
988.0000,995.0000,979.5000,985.5000,937900
978.0000,989.5000,975.0000,985.5000,540300
990.0000,995.5000,986.7320,995.5000,446600
1001.0000,1001.0000,975.5000,977.0000,828000
977.0000,984.5000,960.0000,979.0000,732100
984.0000,1027.9700,981.8000,1012.0000,2051000
992.5000,1002.0000,956.5000,958.5000,1541500
961.0000,968.0000,957.0000,968.0000,1069200
973.0000,989.0000,966.0000,984.0000,1403200
984.5000,991.5000,971.0000,986.0000,602700
984.5000,989.5000,961.0000,975.5000,878900
969.0000,985.5000,958.0000,960.0000,822900
960.5000,989.5000,960.4500,989.5000,879000
985.5000,997.0000,976.0000,992.5000,746900
999.0000,1016.8200,991.5000,993.5000,784900
1002.0000,1019.0000,986.5000,991.0000,1020800
991.5000,991.5000,938.0000,962.5000,2061300
952.0000,970.0000,929.0000,932.5000,1479000
937.5000,955.0000,936.8500,949.0000,784000
947.5000,960.5000,935.5000,953.0000,1154700
948.0000,948.0000,914.3570,921.5000,1162100
919.0000,928.5000,909.0000,909.0000,1006800
911.0000,941.0000,911.0000,940.0000,1294100
924.5000,962.5000,923.5000,952.5000,1276000
965.0000,989.5000,954.5000,988.5000,1082100
995.0000,1008.0000,987.5000,1002.0000,1871200
1009.0000,1021.0000,1001.0000,1009.0000,511100
1008.0000,1020.0000,1003.0000,1010.0000,488000
989.5000,1021.1000,989.5000,1015.0000,132900
1015.0000,1015.0000,1015.0000,1015.0000,0
1015.0000,1015.0000,1015.0000,1015.0000,0
1020.0000,1027.0000,1012.0000,1019.0000,348100
1016.0000,1021.0000,992.5000,1000.0000,317300
1008.0000,1024.0000,1006.0000,1012.0000,174200
1012.0000,1012.0000,1012.0000,1012.0000,0
1020.0000,1020.0000,995.5000,1007.0000,500000
998.5000,1020.0000,982.0000,984.0000,539800
981.5000,982.7760,950.5000,956.5000,1216500
959.0000,969.5000,945.0000,950.0000,829200
960.0000,978.0000,951.0000,977.5000,1065200
959.0000,976.5000,943.5000,947.5000,897200
950.5000,963.0000,932.5000,936.5000,826100
931.5000,958.0000,928.9630,958.0000,692800
941.5000,961.0000,912.5000,914.5000,932900
918.5000,942.5000,914.5000,939.5000,1332400
928.5000,938.0000,914.0000,935.5000,949300
931.5000,955.0000,928.6000,950.5000,553400
954.0000,967.1630,951.5000,954.0000,618700
951.5000,979.5000,943.3500,979.5000,1859800
977.5000,1005.0000,977.5000,1004.0000,818800
1010.0000,1028.0000,1005.0000,1022.0000,1833000
1013.0000,1021.1200,1001.0000,1013.0000,2066600
1016.0000,1027.0000,993.5000,1003.0000,601400
1003.0000,1011.0000,972.0000,995.0000,971500
989.5000,1033.0000,983.3620,1033.0000,1458100
1036.0000,1037.1400,1008.0000,1011.0000,884400
1011.0000,1023.0000,989.5000,996.5000,1225200
995.5000,1050.3199,995.5000,1045.0000,1861400
1007.0000,1020.0000,936.3000,966.0000,3406000
965.0000,1006.0000,952.0000,1000.0000,2616200
995.0000,1001.0000,981.5000,990.0000,1234700
987.0000,1002.0000,980.5000,1000.0000,1065900
997.0000,1003.0000,989.5630,995.5000,978500
991.0000,996.6600,957.5000,968.0000,1023000
965.5000,1007.0000,965.5000,1001.0000,1459400
1002.0000,1013.0000,992.0000,1006.0000,1151700
1003.0000,1028.0000,1000.0000,1022.0000,861100
1016.0000,1026.3600,1012.0000,1018.0000,709900
1015.0000,1054.0000,1015.0000,1053.0000,1227500
1049.0000,1057.0000,1043.0000,1053.0000,707000
1047.0000,1069.0000,1046.8000,1066.0000,944600
1071.0000,1080.0000,1060.2500,1080.0000,1614100
1081.0000,1108.0000,1081.0000,1108.0000,1231300
1108.0000,1108.0000,1086.1200,1102.0000,658200
1098.0000,1121.0000,1096.0000,1118.0000,603200
1116.0000,1132.0000,1111.0000,1130.0000,782900
1130.0000,1163.0000,1129.5000,1160.0000,1066000
1160.0000,1193.0000,1157.4500,1171.0000,2917900
1168.0000,1173.0000,1125.0000,1138.0000,1807000
1137.0000,1153.0000,1137.0000,1151.0000,1971000
1148.0000,1178.0000,1147.0000,1170.0000,801600
1163.0000,1169.0000,1156.3700,1160.0000,646700
1154.0000,1165.0000,1115.0000,1115.0000,938800
1115.0000,1129.0000,1097.0000,1116.0000,849800
1111.0000,1124.0000,1098.5601,1117.0000,721200
1116.0000,1125.0000,1114.0000,1120.0000,394000
1122.0000,1152.0000,1116.8101,1149.0000,611700
1147.0000,1180.0000,1147.0000,1174.0000,1488400
1169.0000,1247.0000,1168.9000,1206.0000,2026500
1203.0000,1217.0000,1183.0000,1189.0000,1275500
1195.0000,1196.0000,1184.0000,1195.0000,912100
1193.0000,1217.0000,1185.0000,1214.0000,562900
1214.0000,1225.0000,1208.7600,1209.0000,556600
1210.0000,1218.0000,1199.0000,1207.0000,584200
1199.0000,1199.0000,1151.0000,1166.0000,717200
1170.0000,1176.0000,1154.0000,1155.0000,726300
1168.0000,1169.7500,1154.0000,1161.0000,665500
1157.0000,1165.0000,1136.0000,1152.0000,958900
1153.0000,1166.0000,1147.7500,1162.0000,2137900
1147.0000,1165.0000,1140.0000,1162.0000,702300
1162.0000,1162.0000,1162.0000,1162.0000,0
1162.0000,1162.0000,1162.0000,1162.0000,0
1168.0000,1171.0000,1155.0000,1167.0000,656800
1169.0000,1188.0000,1166.5100,1185.0000,2094900
1192.0000,1214.0000,1188.6000,1212.0000,859700
1217.0000,1232.0000,1210.0000,1229.0000,869100
1225.0000,1242.0000,1214.5601,1237.0000,835500
1232.0000,1238.0000,1169.0000,1210.0000,1833800
1213.0000,1245.1801,1208.1000,1242.0000,1120300
1248.0000,1248.0000,1222.0000,1237.0000,744800
1232.0000,1239.0000,1206.5000,1209.0000,739300
1211.0000,1223.0000,1199.0000,1209.0000,612400
1216.0000,1239.0000,1211.9500,1234.0000,686700
1227.0000,1230.0000,1167.8400,1198.0000,1822400
1199.0000,1208.0000,1189.0000,1201.0000,561000
1203.0000,1207.0000,1177.0000,1181.0000,535700
1181.0000,1222.0000,1167.0000,1215.0000,1082900
1210.0000,1224.2500,1208.6300,1224.0000,1154900
1231.0000,1244.1100,1214.5400,1231.0000,2128100
1230.0000,1237.7000,1206.0000,1230.0000,1430600
1223.0000,1234.0000,1193.0000,1199.0000,578200
1199.0000,1199.0000,1199.0000,1199.0000,0
1208.0000,1214.0000,1185.0000,1188.0000,889900
1182.0000,1191.0000,1168.0000,1174.0000,822900
1169.0000,1170.0000,1126.0000,1155.0000,1426600
1196.0000,1224.1700,1193.0000,1213.0000,2831200
1208.0000,1242.1500,1208.0000,1235.0000,982600
1229.0000,1229.3800,1183.0000,1198.0000,1108200
1198.0000,1231.0000,1198.0000,1221.0000,1109300
1221.0000,1237.0000,1208.0000,1235.0000,638600
1231.0000,1261.6400,1231.0000,1249.0000,732600
1253.0000,1266.0000,1236.0000,1265.0000,725300
1270.0000,1290.0000,1267.0000,1280.0000,933900
1260.0000,1269.0000,1224.7800,1256.0000,1450000
1262.0000,1282.0000,1257.0000,1277.0000,855600
1283.0000,1287.0000,1265.7000,1274.0000,590300
1274.0000,1274.0000,1274.0000,1274.0000,0
1278.0000,1278.0000,1256.0000,1271.0000,498300
1271.0000,1298.0000,1267.0000,1291.0000,1025700
1285.0000,1295.0000,1276.0000,1293.0000,569500
1285.0000,1299.0000,1267.3700,1268.0000,2008500
1266.0000,1282.0000,1264.3000,1275.0000,788500
1281.0000,1281.0000,1256.0000,1270.0000,624900
1270.0000,1292.0000,1267.0000,1285.0000,845800
1279.0000,1282.0000,1257.0000,1261.0000,658400
1259.0000,1279.0000,1230.0000,1238.0000,751600
1231.0000,1247.0000,1222.0000,1230.0000,623000
1226.0000,1235.0000,1216.0000,1222.0000,539000
1223.0000,1256.0000,1213.0000,1251.0000,812200
1245.0000,1279.0000,1245.0000,1259.0000,1732700
1252.0000,1260.0000,1230.0000,1241.0000,623300
1231.0000,1236.0000,1202.0000,1210.0000,714100
1206.0000,1221.0000,1191.0000,1207.0000,735500
1210.0000,1217.0000,1194.0000,1199.0000,641500
1192.0000,1211.0000,1178.0000,1210.0000,528800
1211.0000,1224.0000,1205.0000,1209.0000,737000
1225.0000,1239.0000,1215.0000,1239.0000,484800
1250.0000,1258.1000,1246.0000,1249.0000,519300
1251.0000,1251.6000,1220.0000,1223.0000,921400
1216.0000,1229.0000,1215.9000,1223.0000,504800
1222.0000,1223.0000,1195.0000,1195.0000,735700
1167.0000,1181.0000,1147.0000,1165.0000,920500
1157.0000,1170.2800,1142.0000,1153.0000,1439800
1163.0000,1177.0000,1154.0000,1169.0000,2226900
1171.0000,1176.0000,1133.0000,1140.0000,761600
1136.0000,1145.0000,1127.7200,1135.0000,539800
1123.0000,1142.9200,1102.3000,1109.0000,863200
1111.0000,1118.3300,1098.0000,1099.0000,974500
1099.0000,1108.0000,1085.0000,1091.0000,686600
1096.0000,1149.0000,1096.0000,1142.0000,909200
1162.0000,1174.0000,1143.6100,1164.0000,662800
1175.0000,1196.8700,1172.2800,1192.0000,431000
1194.0000,1195.5601,1178.0000,1190.0000,489300
1193.0000,1198.0000,1184.0000,1186.0000,648100
1195.0000,1201.0000,1187.0000,1192.0000,377800
1189.0000,1211.0000,1189.0000,1197.0000,497500
1200.0000,1218.0000,1197.0000,1210.0000,466100
1213.0000,1213.0000,1186.0000,1192.0000,490700
1185.0000,1207.0000,1185.0000,1198.0000,594300
1207.0000,1209.0000,1195.0000,1197.0000,524200
1200.0000,1207.0000,1177.0000,1179.0000,510200
1176.0000,1180.0000,1146.0000,1150.0000,625400
1156.0000,1160.0000,1145.0000,1153.0000,555000
1159.0000,1181.0000,1156.9399,1174.0000,632900
1180.0000,1201.0000,1174.0000,1182.0000,626000
1190.0000,1201.0000,1184.0000,1198.0000,646900
1191.0000,1204.0000,1190.0000,1195.0000,497800
1193.0000,1198.0000,1181.0000,1187.0000,600000
1185.0000,1201.0000,1185.0000,1194.0000,772100
1190.0000,1200.0000,1187.0000,1192.0000,403100
1196.0000,1196.0000,1173.0000,1181.0000,450300
1190.0000,1197.0000,1179.0000,1197.0000,529300
1196.0000,1199.0000,1189.0000,1193.0000,428600
1186.0000,1194.8101,1147.0000,1155.0000,744500
1169.0000,1177.0000,1159.0000,1168.0000,629700
1173.0000,1181.0000,1164.0000,1169.0000,403900
1181.0000,1181.2000,1164.0000,1175.0000,333000
1173.0000,1184.0000,1170.0000,1176.0000,463600
1174.0000,1175.0000,1156.0000,1156.0000,369900
1146.0000,1158.0000,1129.0000,1131.0000,544900
1116.0000,1126.0000,1092.0000,1092.0000,696000
1068.0000,1082.0000,1024.0000,1054.0000,1211000
1063.0000,1085.0000,1057.0000,1077.0000,1135500
1064.0000,1082.2800,1055.0000,1061.0000,749300
1085.0000,1102.6400,1079.0000,1099.0000,588700
1097.0000,1125.0000,1097.0000,1125.0000,964100
1125.0000,1125.0000,1125.0000,1125.0000,0
1110.0000,1123.0000,1075.0000,1080.0000,833100
1083.0000,1102.0000,1073.0000,1097.0000,632300
1105.0000,1115.0000,1100.0000,1105.0000,494200
1094.0000,1097.0000,1079.0000,1085.0000,490100
1100.0000,1103.0000,1082.0000,1089.0000,311600
1092.0000,1132.0000,1092.0000,1115.0000,831800
1144.0000,1204.0000,1144.0000,1193.0000,2131751
1185.0000,1188.0000,1161.0000,1170.0000,1287206
1177.0000,1180.0000,1166.0000,1168.0000,698367
1173.0000,1203.0000,1171.0000,1180.0000,1138233
1179.0000,1190.5000,1166.0000,1186.0000,1048728
1195.0000,1236.0000,1195.0000,1234.0000,1748659
1212.0000,1230.0000,1202.0000,1205.0000,1007552
1200.0000,1207.0000,1191.0000,1201.0000,1239621
1201.0000,1253.4800,1199.0000,1223.0000,1979132
1228.0000,1234.0300,1191.0000,1191.0000,2245847
1188.0000,1214.0000,1183.0000,1205.0000,567036
1205.0000,1213.0000,1186.0000,1191.0000,910938
1214.0000,1230.0000,1208.0000,1229.0000,541330
