156.7730,156.7730,83.9850,155.9690,18222600
155.1650,156.7730,155.1650,156.7730,2183400
156.7730,160.7930,156.7730,156.7730,4010100
157.5770,157.5770,156.6770,156.7730,9432800
157.5770,158.3810,156.7730,157.9790,1541300
159.1850,159.1850,157.9790,157.9790,386200
158.3810,159.1850,156.7730,156.7730,1110400
158.3810,159.1850,157.5770,157.9790,4170800
159.1850,159.9890,158.3810,158.7830,386500
159.1850,159.1850,157.9790,157.9790,31000
157.5770,158.3810,157.1750,157.1750,1115100
159.1850,159.1850,157.5770,157.5770,5600
158.3810,158.3810,156.7730,156.7730,0
156.7730,157.1750,155.1650,155.9690,77800
155.1650,157.5770,152.7530,157.5770,63400
155.1650,156.3710,155.1650,156.3710,10300
155.1650,155.1650,151.1450,153.9590,343500
152.7530,153.9590,149.5370,152.7530,364900
152.7530,154.7630,152.5240,153.7580,3432000
154.3610,154.3610,154.3610,154.3610,1600
153.5570,153.5570,151.1450,153.5570,341000
152.7530,155.5670,152.7530,153.5570,15700
153.5570,156.7730,153.5570,153.9590,3735000
156.7730,156.7730,156.7730,156.7730,124300
155.9690,155.9690,155.9690,155.9690,18600
158.3810,158.3810,156.7730,156.7730,373400
156.7730,158.3810,156.7730,156.9740,728100
156.7730,156.7730,144.7140,146.7230,245000
151.1450,152.7530,147.1250,150.7430,87000
151.1450,153.1550,151.1450,153.1550,84500
153.5570,153.5570,151.9490,152.3510,199100
153.5570,155.1650,152.7530,155.1650,500
155.9690,159.9890,155.9690,158.3810,3149300
158.3810,158.3810,157.5770,157.5770,23300
157.5770,156.7730,156.7730,156.7730,0
156.7730,158.3810,156.7730,157.1750,1179000
158.3810,158.3810,157.5770,157.5770,276700
157.5770,156.7730,156.7730,156.7730,0
158.3810,158.3810,157.5770,157.5770,263600
158.3810,158.3810,156.7730,156.7730,15600
156.7730,156.7730,156.7730,156.7730,0
162.4010,168.0290,158.3810,164.8130,1109600
168.8320,168.8320,162.4010,168.0290,2881500
166.0190,168.0290,160.7930,165.2150,24700
164.8130,165.6170,164.5630,165.6170,382400
164.8130,168.0290,164.5630,166.4210,185000
168.8320,176.8720,168.0290,176.8720,1324800
175.2640,176.4700,175.2640,176.4700,192300
177.6760,178.4800,177.6760,178.4800,6200
180.0880,192.9510,180.0880,190.9410,3307500
195.3630,196.9710,190.5400,190.9410,117900
192.9510,192.9510,188.5300,192.9510,192300
192.9510,190.7400,190.7400,190.7400,0
190.7400,190.7400,190.7400,190.7400,0
190.7400,190.7400,190.7400,190.7400,0
190.5400,190.5400,189.7360,189.7360,7700
190.5400,192.1470,189.7360,189.7360,18000
190.5400,194.5590,188.9320,194.5590,84500
194.5590,194.5590,194.5590,194.5590,0
196.9710,196.9710,196.9710,196.9710,7700
196.9710,209.0310,194.5590,196.9710,457000
192.9510,192.9510,184.9120,189.7360,848500
188.9320,188.9320,184.9120,186.1180,125200
188.9320,194.5590,184.9120,186.9220,190100
188.9320,190.5400,182.0980,182.0980,864000
176.8720,183.3040,176.8720,179.6860,8900
180.0880,184.9120,179.2840,182.9020,117400
184.9120,190.5400,184.9120,188.5300,21200
190.5400,191.3430,188.9320,189.7360,9100
188.1280,191.3430,187.3240,188.1280,36700
188.9320,188.9320,181.6960,187.7260,53600
193.1520,195.3630,183.3040,183.3040,0
184.1080,190.5400,183.5370,186.9220,3637000
184.9120,190.5400,184.9120,188.1280,22500
191.3430,191.3430,188.9320,190.9410,4800
188.9320,192.9510,188.9320,192.1470,1553500
188.9320,192.9510,188.9320,188.9320,69900
192.9510,192.9510,186.5200,190.1380,66100
187.3240,190.5400,183.3040,190.5400,31400
192.1470,192.1470,188.1280,188.9320,1300
192.1470,192.9510,192.1470,192.9510,34400
192.9510,208.8300,192.9510,205.0110,5852200
205.0110,209.0310,195.3630,205.0110,1240600
205.0110,211.4430,204.6090,210.2370,151600
205.0110,209.0310,205.0110,205.0110,73600
207.4230,209.0310,198.5790,200.9910,111200
205.0110,206.6190,205.0110,205.0110,6100
200.9910,205.0110,200.9910,203.0010,263700
205.0110,205.0110,196.9710,201.7950,15200
205.0110,205.0110,198.5790,205.0110,3056100
205.0110,215.4620,202.6960,215.4620,631200
217.0700,223.5020,215.4620,221.0900,1393900
216.2660,220.2860,215.8640,215.8640,6900
218.6780,219.5920,216.2660,216.2660,7400
216.3750,218.6780,216.2660,218.6780,1251700
213.0500,221.0900,209.0310,213.0500,1316000
212.8500,213.0500,212.2470,212.8500,0
214.6580,215.4620,205.8150,215.4620,22300
215.4620,215.4620,207.4230,215.4620,10700
215.4620,205.0110,205.0110,205.0110,0
202.5990,209.0310,189.7360,205.0110,355500
209.0310,213.0500,205.0110,213.0500,135700
210.6390,215.4620,203.8050,213.0500,74200
205.0110,213.0500,203.4030,203.4030,215800
209.0310,209.0310,202.1970,202.1970,259200
205.0110,209.0310,200.9910,208.8300,203300
209.0310,217.0700,209.0310,217.0700,1274300
217.0700,218.6780,216.8690,217.0700,21100
218.6780,221.0900,213.0500,218.6780,29400
221.0900,221.0900,216.2660,216.2660,100
215.4620,218.6780,214.6580,215.0600,25800
217.0700,217.0700,214.6580,214.6580,19600
217.0700,217.0700,204.8100,217.0700,32000
213.0500,217.0700,213.0500,215.4620,79200
217.0700,217.0700,209.0310,217.0700,67800
217.0700,217.0700,207.4230,217.0700,7913300
217.0700,217.0700,213.0500,217.0700,457100
214.6580,217.0700,213.0500,217.0700,240800
217.0700,217.0700,213.8540,217.0700,19500
217.0700,217.0700,213.0500,217.0700,4400
217.0700,217.0700,212.8500,217.0700,476600
217.0700,221.0900,213.6530,217.0700,2832500
222.6980,237.1690,219.8840,236.3650,89200
233.1500,237.1690,222.6980,225.9140,69400
230.7380,233.1500,221.0900,225.1100,74100
227.1200,229.9340,221.0900,229.9340,5060700
231.5420,231.5420,225.1100,230.7380,70800
230.7380,230.7380,230.7380,230.7380,0
230.7380,230.7380,230.7380,230.7380,0
225.1100,231.5420,217.0700,229.7330,275900
231.5420,231.5420,221.0900,231.3410,392100
243.6010,247.6210,225.1100,236.9680,9731200
237.1690,241.1890,230.7380,239.5810,4329900
239.5810,243.6010,237.1690,241.1890,852500
241.1890,241.1890,237.1690,241.1890,347600
245.2090,245.2090,237.5230,241.1890,920400
245.2090,245.2090,241.5910,245.2090,88800
245.2090,249.2290,241.5910,249.2290,1015100
249.2290,253.2490,247.6210,251.6410,793100
251.6410,253.2490,247.6210,247.6210,552200
249.2290,249.2290,247.4200,247.6210,69700
247.6210,247.6210,247.4200,247.4200,21500
247.6210,247.6210,241.1890,247.6210,52600
242.7970,249.2290,242.5960,246.8170,134500
247.6210,254.8570,237.9730,253.2490,11488100
257.2690,265.3080,251.6410,261.2880,1001200
255.6610,265.3080,253.2490,261.2880,225800
265.3080,265.3080,259.6800,265.3080,121800
265.3080,265.3080,265.3080,265.3080,0
265.3080,265.3080,259.2780,262.8960,50900
257.2690,261.2880,252.4450,255.6610,293300
255.6610,257.2690,245.2090,253.2490,31800
251.4400,264.7780,247.6210,252.4450,1372500
254.0530,265.3080,250.0330,261.2880,72800
257.2690,265.3080,257.2690,258.8760,472100
255.0580,261.2880,254.8570,257.2690,933300
257.2690,261.2880,253.2490,258.8760,121700
256.0630,261.2880,253.4740,261.2880,126800
263.7000,263.7000,255.6610,261.2880,1000400
258.8760,263.7000,258.8760,263.7000,121400
259.6800,263.7000,257.2690,263.7000,134600
257.4700,265.3080,256.6660,263.7000,51300
259.6800,269.3280,253.2490,265.3080,49400
265.3080,265.3080,265.3080,265.3080,0
269.3280,275.6950,263.9010,271.7400,374400
265.5090,273.3480,257.4700,267.7200,113300
269.3280,273.3480,261.6900,264.5040,86100
273.3480,273.3480,265.3080,268.5240,240600
269.3280,269.3280,266.9160,268.5240,131900
265.3080,266.9160,261.2880,264.5040,75000
260.4840,265.3080,260.4840,261.2880,75300
257.2690,266.9160,253.2490,261.2880,97700
261.2880,262.8960,257.2690,261.2880,157700
263.7000,267.7200,256.6660,263.2980,510600
259.6800,263.2980,254.0530,259.6800,201400
261.2880,261.2880,254.0530,259.6800,43000
261.2880,263.7000,254.8570,259.6800,199400
261.2880,261.2880,254.0530,254.0530,59900
261.2880,261.2880,254.0530,257.2690,134600
259.6800,259.6800,254.2540,257.0680,164100
258.8760,258.8760,254.0530,257.2690,6600
255.6610,260.4840,254.0530,260.4840,174300
254.8570,257.2690,254.0530,257.2690,1000700
254.0530,261.2880,245.2090,254.8570,586100
250.8370,257.2690,247.6210,254.8570,62900
250.8370,262.0920,249.2290,259.2780,46200
259.2780,261.2880,254.0530,257.2690,71700
259.6800,277.3680,254.0530,277.3680,6909800
275.7600,277.3680,268.9260,268.9260,47600
277.3680,277.3680,267.7200,273.3480,55400
277.3680,277.3680,268.5240,268.5240,470900
270.5340,270.5340,267.7200,267.7200,15000
285.4070,314.5510,281.3870,314.5510,4173400
303.0940,319.1740,303.0940,319.1740,108300
315.7570,319.9780,301.4870,313.5460,658900
309.5260,313.5460,295.0550,301.4870,852600
303.8980,304.7020,294.0500,301.4870,22500
305.5060,305.5060,299.8790,301.4870,2842100
305.5060,305.5060,297.4670,301.4870,492100
303.4960,305.5060,297.4670,301.4870,302200
305.5060,309.5260,297.4670,309.5260,1588200
309.5260,313.5460,305.6270,313.3450,522200
313.5460,315.1540,305.5060,313.5460,17000
313.5460,313.5460,305.5060,313.5460,24500
311.1340,313.5460,305.5060,309.5260,15900
313.5460,319.3750,303.0940,313.5460,5446500
313.5460,313.5460,299.2760,305.5060,217500
305.5060,308.1190,297.4670,305.5060,258400
309.5260,309.5260,301.2860,309.5260,38200
309.5260,321.5860,309.5260,321.5860,2478900
309.9280,321.5860,307.1140,313.5460,175300
308.7220,317.5660,305.3050,313.3450,83000
313.5460,313.5460,305.5060,313.5460,1380200
303.0940,315.9580,282.9950,309.5260,99200
301.4870,315.9580,301.4870,315.9580,83200
313.3450,315.9580,305.3050,315.9580,727400
309.5260,315.9580,298.0700,299.4770,99200
301.4870,312.1790,287.0150,301.4870,174600
301.4870,311.1340,299.0750,301.4870,457500
303.8980,305.5060,301.2860,303.8980,183300
299.0750,305.5060,293.4470,303.0940,23400
289.4270,301.4870,278.1720,280.1820,501300
281.3870,281.3870,265.3080,270.1320,1101800
273.3480,273.3480,264.1020,269.7300,334800
273.3480,273.3480,261.2880,261.2880,150800
261.2880,289.4270,257.2690,289.4270,260600
293.4470,302.0900,263.6840,297.4670,258300
297.4670,297.4670,291.4370,296.6630,81500
296.6630,296.6630,296.6630,296.6630,0
293.8490,298.6730,292.9770,297.4670,2256300
287.8190,302.2910,287.8190,302.2910,231400
297.6680,307.1140,297.6680,301.4870,186800
296.8640,309.5260,296.8640,309.5260,217900
305.3050,307.5160,299.8790,303.8980,33200
299.2760,305.5060,299.2760,305.5060,80700
295.8590,305.5060,292.6430,301.2860,1735200
296.6630,305.3050,291.4370,300.6830,143100
296.0600,301.4870,296.0600,299.8790,32700
295.2560,301.0850,292.8440,299.0750,25700
294.4520,301.4870,293.4470,297.4670,32400
299.0750,299.0750,293.4470,295.0550,66500
297.4670,297.4670,292.8440,295.8590,21400
297.4670,297.4670,289.4270,295.4570,187900
297.4670,297.4670,289.4270,290.6330,357600
297.4670,299.0750,290.8340,299.0750,2553000
299.0750,307.1140,299.0750,305.5060,94500
303.8980,308.1190,299.8790,299.8790,3516300
308.7220,308.7220,301.4870,304.7020,704500
307.9180,309.5260,297.4670,309.5260,1182900
310.3300,310.3300,301.4870,305.5060,2469100
299.8790,307.1140,299.6780,305.5060,804600
310.3300,335.2530,310.3300,328.2180,13733800
329.6250,341.6850,323.3950,337.6650,911100
337.6650,341.6850,329.6250,341.6850,1651100
341.6850,353.7440,334.0470,341.6850,665500
337.6650,344.0970,337.6650,341.6850,243400
343.6950,356.1560,343.6950,348.9200,687900
351.3320,351.3320,340.0770,340.0770,35300
345.3030,345.3030,335.0520,335.6550,438600
337.6650,337.6650,333.6450,335.2530,251900
340.4790,345.5040,329.6250,343.6950,663500
335.6550,349.7240,335.6550,348.9200,365400
341.6850,353.7440,341.6850,353.7440,680100
349.7240,353.7440,344.7000,352.9400,268200
345.7050,353.7440,341.6850,344.0970,962600
349.7240,349.7240,337.6650,344.9010,1958100
347.3130,353.7440,342.0870,353.7440,1314500
344.9010,357.7640,337.6650,357.7640,198200
345.7050,349.7240,337.8660,345.7050,162900
353.7440,361.7840,349.7240,356.1560,2803000
349.7240,357.7640,343.2930,357.7640,1219300
348.1160,382.2850,348.1160,377.8630,275800
369.8240,385.9030,350.5280,385.9030,629300
385.9030,397.9620,377.8630,397.1580,1639600
391.1290,397.5600,381.4810,385.9030,1183500
380.0740,389.9230,380.0740,385.9030,531800
383.8930,389.9230,379.4710,384.2950,409200
378.4660,384.8980,377.8630,383.8930,232500
385.9030,385.9030,377.8630,381.8830,64200
379.4710,385.9030,297.4670,381.8830,755400
377.8630,393.9420,377.8630,393.9420,46100
387.5110,399.9720,377.8630,382.6870,116400
388.3150,388.3150,367.4120,381.8830,365200
381.8830,381.8830,365.8040,375.6520,560600
366.6080,366.6080,337.6650,351.3320,1191000
352.9400,355.5530,341.6850,350.5280,350200
345.1020,353.3420,319.1740,329.6250,470700
329.6250,339.2730,311.9380,320.7820,765000
325.6050,328.0170,317.5660,323.1940,170400
319.1740,325.6050,304.7020,304.7020,431900
309.5260,339.2730,307.9180,330.4290,602800
329.6250,329.6250,300.0800,300.0800,358800
309.5260,317.5660,302.2910,303.8980,1137300
311.1340,320.3800,307.5160,315.9580,821500
309.5260,311.1340,301.4870,303.8980,438900
309.1240,313.1440,301.4870,301.4870,449400
300.6830,300.6830,278.9760,283.7990,441400
289.4270,291.2360,282.1910,289.4270,2180300
289.4270,301.4870,285.6080,297.4670,1425700
294.8540,302.8930,267.7200,267.7200,224800
275.3580,281.3870,270.1320,273.5490,1762400
273.3480,285.4070,273.3480,285.0050,1669500
278.1720,303.0940,275.5590,289.4270,503600
287.8190,294.8540,285.8090,293.4470,361600
287.6180,293.4470,286.2110,290.2310,611600
286.2110,301.2860,286.2110,297.4670,424000
301.4870,316.7620,301.4870,313.7470,1186200
308.3200,328.6200,308.1190,321.5860,1101700
316.7620,328.4190,309.1240,313.5460,1070200
313.5460,329.6250,303.0940,328.4190,771400
323.3950,337.6650,321.3850,329.6250,610200
329.6250,336.0570,317.5660,329.6250,492000
323.1940,335.0520,317.7670,321.5860,118600
329.8260,345.7050,329.6250,345.7050,44800
345.7050,345.7050,345.7050,345.7050,0
345.7050,345.7050,345.7050,345.7050,0
345.7050,345.7050,335.2530,337.6650,27500
349.7240,356.1560,325.7680,355.3520,403500
355.3520,369.8240,345.7050,345.7050,173500
345.7050,345.7050,345.7050,345.7050,0
353.7440,353.7440,335.4540,341.6850,170400
345.7050,356.9600,336.6600,356.9600,314300
353.5430,369.4220,341.6850,342.4890,269000
337.6650,359.5730,329.6250,347.3130,455900
361.7840,370.0240,350.1260,353.7440,380800
357.7640,360.1760,347.3130,352.1360,384500
352.1360,352.9400,327.0120,329.6250,808400
334.6500,341.8860,331.2330,331.2330,243100
336.6600,339.2730,317.5660,317.5660,171800
325.8060,325.8060,317.5660,320.7820,88000
309.5260,310.3300,293.4470,293.4470,151300
298.2710,307.1140,288.6230,297.4670,1193000
297.4670,297.4670,277.3680,285.4070,237000
289.8290,295.8590,275.5590,278.1720,211500
276.5640,285.6080,253.2490,285.6080,921800
277.3680,299.8790,275.7600,277.3680,535600
281.5880,294.2510,280.7840,289.4270,492700
293.4470,313.5460,283.1960,301.4870,794800
297.4670,297.4670,283.5980,289.4270,389000
293.4470,301.4870,290.6330,301.4870,717200
297.0650,303.6970,294.2510,294.2510,175600
295.0550,297.4670,285.2060,287.0150,389600
293.4470,293.4470,287.8190,291.8390,177500
287.4170,313.1440,287.4170,297.4670,501200
289.6280,297.4670,289.6280,292.0400,167300
293.4470,303.0940,288.6230,301.4870,360100
301.4870,301.4870,279.7800,287.8190,6887400
293.2460,294.1300,285.6080,293.4470,117600
295.8590,295.8590,268.5240,291.8390,932500
284.2010,293.6480,284.0000,287.8190,299200
293.4470,304.0990,281.3870,283.1960,465900
290.6330,308.7220,286.0100,297.4670,1223300
306.1090,327.6150,306.1090,311.9380,2022700
309.5260,317.1640,309.5260,312.7420,1018700
307.9180,327.8160,307.9180,322.1890,758200
321.5860,330.6300,315.1540,320.1790,495100
322.1890,331.4340,315.9580,321.5860,688300
321.5860,328.6200,311.4770,328.6200,428900
328.6200,341.6850,323.5960,328.4190,628300
331.2330,340.0770,323.2740,336.0570,684500
332.4390,334.8510,306.7120,325.6050,957300
328.8210,335.8560,322.7920,327.2130,846400
325.8060,341.8860,318.9730,341.6850,1397400
337.6650,345.5040,333.6450,343.6950,2740200
345.7050,345.7050,316.7620,325.6050,1344700
331.2330,343.2930,317.5660,340.8810,621700
341.4840,353.7440,331.4340,339.2730,850700
339.2730,339.2730,325.6050,328.0170,287400
323.9980,333.6450,303.8980,315.5560,344100
317.5660,319.9780,309.7270,311.7370,358300
319.1740,321.5860,293.4470,311.9380,830800
311.9380,329.6250,305.7070,329.6250,292600
314.5510,323.9980,299.8790,303.0940,436200
297.6680,301.4870,280.5830,287.2160,955800
292.2410,305.9080,291.8390,297.4670,1766300
295.2560,311.7370,295.2560,305.5060,238900
305.5060,311.1660,291.0350,291.0350,383300
291.0350,291.0350,291.0350,291.0350,0
291.0350,291.0350,291.0350,291.0350,0
289.4270,302.8930,280.7840,297.4670,2039000
301.4870,337.4640,301.4870,325.6050,1576600
323.9980,332.6400,321.9880,324.8020,772000
329.6250,333.6450,322.3900,330.0270,934800
321.5860,339.2730,317.7670,321.5860,3173200
317.5660,323.1940,303.0940,317.1640,1239700
319.7770,325.0030,313.5460,321.5860,638900
325.6050,327.0120,320.7820,321.5860,370200
327.2130,328.0170,321.2240,323.3950,720000
328.0170,330.8310,321.5860,326.2080,596400
328.0170,334.4490,325.6050,332.6400,233000
327.8160,344.9010,327.5030,335.4540,510800
337.6650,356.1560,337.0620,342.4890,1273400
339.4740,355.9550,339.2730,350.9300,1267700
346.9110,361.7840,346.1070,359.3720,780400
349.7240,361.7840,346.5090,349.1210,1232200
352.5380,357.7640,347.7140,353.1410,218300
357.7640,369.8240,347.7140,352.9400,1409500
365.8040,368.2160,357.7640,357.7640,823900
365.0000,366.9130,356.9600,359.3720,283900
356.9600,361.5830,354.6040,357.7640,329100
354.9500,358.5680,345.7050,353.7440,270300
353.1410,353.7440,343.0920,346.5090,379000
352.1360,352.1360,342.2880,349.7240,345800
352.1360,357.7640,341.8860,353.7440,453300
350.3270,361.5830,349.7240,356.9600,357100
360.1760,368.8190,355.7540,364.3970,618200
369.0200,369.0200,357.9650,361.7840,352300
359.1710,369.2210,359.1710,366.0050,435200
366.0050,366.0050,366.0050,366.0050,0
363.3920,389.7220,363.3920,384.2950,406600
389.9230,411.6300,386.2320,407.2080,1202800
407.6100,420.0710,400.4300,415.2470,905700
416.0510,436.9550,416.0510,418.0610,1358200
418.0610,426.1010,412.8360,416.4530,394700
415.6490,426.1010,410.4240,422.0810,132200
424.4930,428.5130,414.0420,426.1010,714800
430.1210,430.1210,420.4730,422.8850,223100
430.1210,430.1210,421.2770,426.1010,221900
431.7290,431.7290,419.6690,419.6690,562300
420.4730,426.1010,417.2570,422.0810,543600
418.0610,428.5130,418.0610,426.5030,867200
428.1110,430.1210,413.2380,414.0420,946200
415.2470,422.9740,410.1340,415.2470,504700
415.2470,415.2470,415.2470,415.2470,0
420.4730,428.9150,416.4530,425.6990,294600
418.0610,441.3760,418.0610,438.1600,585100
434.9450,440.5720,419.2670,436.5530,621300
430.5230,436.5530,418.4630,422.0810,247100
429.7190,430.1210,420.4730,428.9150,129000
419.6690,428.5130,419.6690,423.6890,283300
419.2670,427.7090,419.2670,423.6890,567100
426.9050,458.2600,426.9050,438.5620,933700
437.3560,453.8380,434.9450,451.0240,749600
446.2000,474.3390,445.7980,445.7980,506100
447.0040,449.8180,432.9350,434.9450,406800
434.1410,461.4750,428.9150,457.8580,1147400
458.2600,458.2600,450.2200,453.4360,646400
450.2200,456.2500,434.1410,440.9740,0
442.1800,450.2200,434.2450,442.1800,356000
442.1800,456.1690,439.7680,443.7880,295800
441.3760,448.6120,439.3660,442.1800,1470600
438.9640,438.9640,418.0610,430.1210,1298700
430.9250,431.7290,423.2870,427.3070,706100
428.5130,434.1410,410.4240,429.7190,988600
434.1410,458.2600,434.1410,450.2200,1694800
446.2000,458.2600,446.2000,456.6520,397900
452.6320,456.6520,437.7580,447.0040,601000
445.7980,459.0640,438.1600,458.2600,624200
453.8380,463.8870,449.0140,462.2790,557200
458.2600,466.2990,444.1900,446.2000,684800
449.4160,453.8380,438.9640,442.1800,411200
444.5920,445.7980,414.8460,426.1010,0
422.8850,425.2970,394.2560,422.0810,656400
426.1010,431.7290,412.0320,426.1010,466300
426.1010,426.1010,393.9420,401.5800,0
397.9620,409.6200,397.9620,406.8060,635200
398.3640,429.7190,398.3640,403.5900,316400
405.1980,406.8060,385.9030,388.3150,581300
393.9420,393.9420,360.1760,363.5930,826700
368.2160,369.8240,344.0970,349.7240,1147800
353.7440,364.3970,345.9060,353.7440,718700
353.7440,366.0050,353.7440,355.9550,297600
353.7440,361.7840,343.2930,348.9200,859300
349.7240,373.8430,345.9060,352.1360,663100
345.7050,356.1560,345.7050,348.7190,570600
350.3270,355.5530,345.7050,352.9400,422200
345.7050,365.8040,345.7050,349.7240,595100
353.3420,356.9600,349.7240,353.7440,515600
349.7240,360.5780,349.7240,358.9700,273400
352.1360,377.8630,352.1360,370.6270,733800
368.2160,379.4870,368.2160,377.4610,280000
379.4710,401.9820,374.0440,401.9820,329400
401.1780,432.5330,401.1780,411.6300,595200
417.2570,417.2570,376.2550,376.2550,405400
380.2750,380.2750,349.7240,349.9250,619700
359.1710,359.3720,346.1070,347.5140,981100
351.1310,353.7440,347.7710,350.5280,351000
345.7050,365.8040,345.7050,357.9650,197500
357.7640,361.3820,324.4000,339.0720,311300
336.2580,341.8860,310.3300,325.4040,556900
319.9780,325.6050,309.1240,317.7670,1117900
321.5860,332.6400,314.3500,327.2130,638500
329.6250,343.2930,329.4240,336.0570,233600
339.4740,339.4740,328.0170,335.8560,140600
333.6450,355.7540,329.6250,345.7050,282700
345.7050,358.9700,345.7050,350.9300,315200
346.7100,378.6670,346.7100,368.8190,347800
370.6270,381.8830,368.4170,380.4760,269300
380.4760,380.4760,380.4760,380.4760,0
377.8630,377.8630,365.0000,368.0150,321200
365.0000,377.8630,363.3920,374.4460,183900
375.4510,375.4510,363.5930,367.8140,168700
373.8430,388.1140,370.0240,385.9030,307100
387.5110,389.9230,374.4460,379.4710,163400
373.8430,379.2700,353.7440,357.7640,495300
351.7340,376.4560,351.5820,356.3570,514100
363.3920,363.3920,342.0870,346.7100,350000
349.5230,349.5230,329.6250,337.8660,405300
341.6850,352.5380,337.6650,348.9200,299100
345.7050,355.7540,322.7920,330.4290,462300
321.9880,329.4240,302.4920,309.5260,985500
315.9580,316.7620,297.8690,303.2950,321500
308.3200,321.5860,304.5010,321.5860,511600
311.1340,318.5710,293.6480,298.2710,504800
301.4870,305.5060,273.3480,288.6230,517200
285.4070,295.8590,282.9950,285.4070,478800
277.3680,285.2060,273.7500,284.2010,272700
281.3870,329.6250,281.3870,318.5710,526700
321.5860,321.5860,307.5160,312.3400,136000
311.9380,319.5600,297.6680,315.5560,254300
314.5510,317.5660,298.8740,300.0800,289300
313.5460,313.5460,289.4270,289.4270,331200
293.6480,303.0300,213.0500,295.0550,194200
306.7120,309.1240,272.5440,276.5640,297800
269.3280,269.3280,257.9280,258.4740,742300
258.4740,274.7550,250.8370,261.2880,2068900
250.0330,269.3280,249.8320,250.8370,1298900
250.6360,261.2980,228.3260,240.5860,513500
228.9290,228.9290,180.8920,184.9120,1130100
184.9120,191.3430,161.3960,172.6510,1791000
172.8520,185.7160,156.9740,159.1850,1746100
163.8080,176.8720,156.7730,164.0090,554800
164.0090,164.0090,143.9100,155.9690,293400
159.1850,171.0430,155.9690,157.5770,2832400
164.0090,180.8920,160.7930,170.4400,9725800
168.8320,175.4650,157.9790,159.1850,7421300
150.1400,150.1400,121.3990,121.3990,2149500
132.4530,137.3850,87.6320,104.1130,4931500
100.4960,116.5750,95.6720,114.1630,1813400
111.7510,135.8700,111.7510,133.4580,7481400
132.6540,144.7140,123.2080,142.3020,7269200
142.3020,142.3020,116.5750,119.1880,1804900
123.6090,123.6090,104.9170,113.7610,1941600
112.5550,116.5750,100.6970,101.5000,1328400
108.5350,112.5550,88.4360,96.4760,1167900
97.4810,109.3390,95.6720,103.7110,1659400
108.5350,134.4630,108.5350,120.9970,6922700
128.6340,128.6340,110.1430,115.1680,2099500
116.5750,132.6540,115.7710,130.4430,5683100
128.6340,151.9490,127.8300,146.3210,2604700
150.3410,158.3810,144.7140,148.7330,3935900
138.2820,159.1850,120.5950,124.6140,2237900
130.2420,143.9100,120.5950,126.4230,2153900
132.2520,139.0860,127.4280,128.6340,1032300
131.4480,138.2820,129.6390,133.4580,922700
131.0460,133.4580,107.7310,120.7960,723600
114.7660,125.4180,109.5400,115.3690,930400
119.9920,135.4680,119.9920,130.6440,1433600
127.2270,135.8700,116.5750,126.6240,446500
123.0070,125.0160,99.6920,102.7060,1638200
105.3190,105.3190,73.1610,90.2450,2800600
88.4360,94.4660,68.3370,77.9850,3416000
77.3820,84.4160,69.5430,70.5480,2655500
70.7490,78.7880,70.7490,75.5730,2064600
78.7880,80.3960,69.3420,72.5580,1552600
72.3570,76.9800,58.2870,63.5130,2823500
64.3170,68.3370,61.3020,64.3170,1789700
65.1210,78.7880,62.7090,75.5730,2103600
77.1810,82.6150,69.9450,71.5530,1404700
70.7490,73.9650,65.1210,69.1410,929300
68.7390,72.5580,64.7190,68.3370,460100
68.5380,68.7390,64.5180,66.1260,666600
68.3370,68.3370,56.3500,58.8900,772800
62.1060,65.5230,59.2920,62.5080,1453100
64.3170,68.3370,61.1010,61.7040,1081000
60.9000,64.7190,54.8710,60.6990,2472000
59.2920,67.5330,59.2920,63.1110,2820700
61.1010,66.7290,59.2920,60.6990,1647000
63.1110,70.7490,62.1060,68.1360,2181000
66.7290,79.7930,66.7290,77.9850,2759600
79.5920,91.8530,71.7540,89.6420,2640900
92.4560,104.5150,92.3750,102.3040,2442900
97.2800,106.9270,92.4560,104.5150,6210900
104.9170,106.5250,86.0240,86.6270,3001800
88.4360,92.6570,83.8130,92.6570,1935400
93.2600,95.8730,93.2600,94.8680,466300
94.8680,94.8680,94.8680,94.8680,0
94.8680,94.8680,94.8680,94.8680,0
89.2400,98.2850,87.2300,89.4410,891400
93.6620,93.8630,86.0240,92.4560,1788300
90.4460,94.4660,88.4360,94.4660,473300
94.4660,94.4660,94.4660,94.4660,0
94.0640,100.0940,92.2550,100.0940,823300
96.4760,110.9470,96.4760,103.3090,1546800
98.2850,118.1830,98.2850,108.5350,4502900
104.9170,120.3940,102.7060,104.9170,1186700
102.1030,102.9070,96.4760,99.4910,1651400
103.7110,103.7110,94.8680,95.0690,1713000
96.4760,96.6970,87.8330,89.2400,2780900
89.6420,89.6420,80.9990,84.4160,2260700
83.0090,86.0240,73.9650,77.9850,3956300
78.3870,80.3960,73.9650,74.3670,2892400
79.5920,80.3960,76.3770,77.9850,1442200
80.3960,82.0040,73.3620,74.5680,954000
74.7690,77.1810,64.3170,70.1460,1600600
72.3570,75.5730,68.3370,72.3570,1493400
72.7590,75.5730,69.3420,71.5530,1013600
68.3370,70.1460,62.3070,65.9250,412100
64.3170,68.5380,64.3170,66.7290,1634500
65.9250,68.3370,65.9250,68.1360,1796600
68.3370,71.3520,67.5330,68.3370,1138800
67.5330,72.3570,61.1010,62.7090,1286800
63.1110,67.5330,62.3070,66.7290,2080400
64.3170,66.3270,62.3070,63.7140,225900
63.5130,65.7240,55.8760,57.0810,0
59.6940,68.3370,57.0810,65.9250,0
65.1210,75.5730,64.7190,73.1610,0
75.1710,83.4110,75.1710,80.3960,2001000
79.7930,88.6370,79.7930,86.0240,1675900
88.4360,89.2400,78.8610,81.4010,1014600
77.9850,82.0040,73.2410,80.3960,1329400
79.5920,84.4160,77.3820,80.3960,746000
80.1950,83.8130,79.7930,81.2000,1186100
81.2000,81.8030,78.9890,80.3960,580300
74.7690,78.3870,69.9450,73.5630,1065100
74.7690,76.3770,70.7490,73.9650,374700
74.3670,76.1760,72.1560,72.9600,173900
72.7590,74.3670,68.5380,71.1510,977200
73.9650,76.9310,68.9400,71.5530,1017800
72.7590,74.7690,68.3370,69.7440,553700
68.9400,72.3570,65.5230,66.3270,529000
66.5280,68.3370,65.0290,68.3370,464200
64.9200,68.3370,64.7190,66.7290,243900
66.1260,67.1310,58.4880,60.9000,1184800
61.1010,63.5130,59.5130,60.2970,612300
68.3370,68.3370,68.3370,68.3370,2058500
64.7190,69.9450,63.1110,63.5130,1393500
64.9200,66.3270,61.8050,64.3170,2149400
66.3270,66.3270,60.9000,61.9050,1667300
62.3070,63.1110,58.6890,60.6990,2185000
62.1060,63.1110,56.0760,58.0860,1408200
58.2870,61.1010,54.6700,60.2970,1416700
60.4980,65.7240,60.2970,64.3170,2238600
65.7240,69.1410,65.1210,66.7290,0
66.7290,68.1360,64.3170,64.3170,1085900
64.3170,67.9350,63.1110,65.5230,595700
66.7290,72.3570,65.3020,68.7390,1377000
47.8360,56.8800,41.8060,56.4780,7038200
54.6700,59.4930,50.4490,54.6700,2709400
54.6700,56.2770,51.2530,53.8660,723700
52.2580,56.4780,52.2580,55.0720,652700
53.0620,55.4740,52.0570,54.0670,421000
54.8710,56.2770,49.8460,52.6600,927400
52.2580,52.6600,43.4140,46.0270,2288000
47.2330,54.6700,46.6300,53.0620,3909900
54.4690,57.4830,52.6110,54.8710,1981600
59.4930,62.3840,57.0810,62.3070,1441400
58.8900,69.7480,58.8900,65.7240,2811100
67.5330,68.2650,62.7090,63.5130,1104600
63.5130,66.4980,57.9260,62.1060,750100
64.7190,66.7290,60.0960,65.9250,1646600
64.3170,68.1360,64.3170,66.3270,2061400
66.3270,66.3270,66.3270,66.3270,0
66.3270,66.3270,66.3270,66.3270,0
67.1310,71.5530,67.1310,70.1460,1634400
66.5280,76.3770,66.5280,75.3720,824800
74.3670,75.5730,72.1560,74.7690,584300
76.3770,77.5830,72.7590,73.7640,1654600
76.1760,76.5010,70.9500,70.9500,1461900
73.9650,73.9650,66.9460,69.1410,1833000
71.7540,71.7540,67.1310,68.1360,1464000
69.9450,69.9450,63.5130,68.3370,1155300
68.9400,71.3520,68.5380,71.3520,695600
68.3370,72.5580,68.3370,69.5430,1444700
66.7290,75.6800,66.7290,72.5580,797200
72.1560,77.7840,70.9500,76.3770,1370100
74.7690,79.7930,74.7690,77.9850,767700
75.5730,80.3960,75.5730,77.9850,396000
77.9850,77.9850,77.9850,77.9850,0
80.7980,85.6220,78.9890,81.2000,1529200
83.6120,84.4160,78.1860,81.6020,818000
82.8080,91.6520,82.8080,84.6170,1272400
86.0240,87.4310,79.7930,80.3960,892700
79.5920,83.0090,78.2180,80.3960,3266100
77.9850,92.4560,77.1810,92.4560,6063300
91.6520,94.4660,86.0240,88.4360,3460800
84.4160,89.2400,83.0090,86.8280,1120500
89.0390,89.8430,85.2200,88.6370,1223400
88.4360,89.6420,85.0190,87.4310,762400
86.0240,95.2700,86.0240,91.6520,1121600
91.6520,92.4560,87.4310,90.8480,643700
86.2250,91.6520,86.2250,89.2400,4685100
90.0440,90.0440,87.8330,88.4360,549500
88.4360,88.4360,88.4360,88.4360,0
90.0440,90.0440,74.5680,84.6170,1320200
83.2100,92.4560,83.2100,90.4460,673700
86.6270,89.8430,86.0240,88.2350,211900
88.4360,94.0640,56.0570,94.0640,1370800
96.4760,97.6820,92.4560,96.6770,461700
99.6920,106.9270,95.6920,102.3040,1243200
102.9070,105.3190,95.6720,96.8780,759500
95.6720,103.5100,95.6720,100.6970,928600
95.6720,113.3470,95.6720,99.4910,1280500
98.0840,103.7110,98.0840,100.2950,571600
102.9070,102.9070,97.2800,98.4860,759100
101.0980,102.9070,98.8880,99.6920,1528300
98.6870,102.3040,98.6870,102.3040,743400
101.0980,103.0680,98.2850,101.0980,785300
98.8880,102.3040,97.4810,99.2900,567300
98.4860,102.9070,96.4760,100.2950,635500
100.0940,100.4960,96.4760,98.4860,1657400
97.2800,100.8980,90.0440,95.6720,1618200
96.4760,96.4760,92.6570,92.6570,409300
94.6670,95.2700,88.4360,93.2600,832300
93.0590,95.8730,90.4460,92.4560,283300
91.2500,91.2500,88.4360,89.4410,772600
90.0440,95.6720,88.4360,89.0390,448300
89.0390,91.6520,88.4360,89.8430,1794700
89.6420,93.6620,89.2400,93.6620,602900
93.2600,95.4710,90.2450,91.6520,375200
91.0490,93.4610,90.2450,92.4560,785900
91.2500,94.8680,87.8330,90.0440,259500
90.4460,91.0490,89.2400,90.0440,179100
86.0240,88.4360,83.0090,87.0290,965800
86.8280,87.0290,80.3960,82.4060,1018300
82.4060,82.4060,76.7790,78.3870,3295500
78.7880,82.6070,77.7840,77.7840,2583900
78.7880,78.9890,77.9850,78.7880,753700
80.1950,84.1190,78.7880,80.3960,848400
81.6020,87.0290,80.7980,85.2200,988400
87.4310,95.6720,86.8280,95.4710,1555700
95.6720,98.4860,93.6620,93.8630,979900
93.2600,94.2650,90.8480,91.8530,581700
92.8580,94.8680,91.4510,92.4560,1318900
97.2800,97.2800,90.0420,91.2500,1027400
91.6520,92.0540,88.4360,89.0390,896500
88.8380,93.8310,88.2350,91.2500,1637300
91.0490,98.6870,88.8380,93.0590,1839200
93.4610,97.2800,91.8530,92.4560,922000
91.8530,94.0640,86.0790,90.0440,2352500
90.0440,90.0440,87.4310,88.4360,1220900
90.8480,90.8480,86.2250,87.6320,343800
87.8330,91.4090,83.6430,84.2150,1215800
85.2200,91.0490,83.1970,88.0340,943300
88.8380,93.9950,88.2350,90.0440,733200
90.6470,96.2750,89.0450,93.8630,1013800
94.0640,94.4660,91.6520,92.2550,366600
92.8580,96.2750,89.8430,94.8680,669200
95.8730,97.8830,92.7720,97.2800,1084900
96.6770,98.0840,91.0490,93.2600,0
93.4610,95.2400,92.4560,94.6670,767000
95.0690,99.6920,94.3070,95.8730,657100
96.8780,98.3650,92.1020,93.4610,423000
93.6620,93.8630,88.4360,89.8430,103300
91.4510,94.0640,88.6370,91.8530,97400
92.4560,95.2700,91.7360,95.2700,496800
96.8780,97.0790,91.8530,96.6770,749300
96.4760,99.0590,95.0690,98.2850,659200
98.2850,114.1630,98.2850,109.9420,1812400
109.3390,112.6190,106.2840,112.5550,1272300
101.2990,115.0550,98.0840,113.1580,2522800
112.7560,120.3940,111.3490,118.1830,1711200
117.1780,136.6740,116.3220,126.6240,2139400
126.6240,126.6240,126.6240,126.6240,0
123.0070,125.6190,116.9770,118.3840,2408400
117.7810,117.7810,109.9420,115.1680,934200
114.7660,117.9420,112.6150,114.3640,667200
112.7560,119.7910,112.5190,117.5800,739700
118.3840,120.5950,117.7810,120.1930,653400
121.6000,128.1720,117.5550,125.8200,1379400
125.2170,132.5940,123.2710,127.4280,375200
127.4280,130.6440,120.1930,127.6290,1133600
129.2370,134.6640,127.8300,132.4530,525900
133.2570,133.5140,123.0070,127.0260,1007200
129.8400,142.1010,129.8400,139.0860,2623700
138.2820,150.7430,133.4580,145.3170,1516000
146.5220,154.9640,140.6940,147.9290,1375700
148.9340,154.1600,144.7140,147.5270,3806800
148.7330,148.7330,138.3620,142.3020,876100
139.4880,153.1550,139.4880,143.1060,2029100
144.8740,146.7300,131.5700,135.5480,1222900
133.6990,135.5480,129.4880,130.1620,1550000
129.5190,130.3890,125.4360,129.8400,706300
134.2620,136.9150,128.7700,136.6740,947100
135.8700,140.6130,132.7180,139.3270,1377700
138.9250,141.9800,136.6740,139.6490,1171700
139.0860,142.7040,137.4780,139.0860,2047100
132.2520,138.2820,131.7700,136.6740,1709300
136.2720,140.4530,136.2720,139.8900,919200
141.0960,153.2360,141.0960,153.2360,1007300
150.6630,156.8820,146.6990,149.3770,3459700
152.6730,154.4420,148.0900,153.5570,1258900
152.9140,158.2200,148.8660,154.5220,537400
148.7330,154.6830,148.1290,151.8690,657800
153.9590,155.8080,149.1760,155.0040,422500
156.0490,164.8130,155.3260,163.3660,1099800
165.9380,166.7380,160.4710,162.4010,1135500
160.3910,174.4600,160.3100,174.0580,1747500
173.1740,179.4050,169.3150,178.4000,832900
177.5960,180.0160,175.3450,177.6760,416700
176.2290,179.7580,174.9430,177.4350,950500
176.0680,178.8020,174.4600,176.3900,644100
182.5000,183.1450,176.8720,179.2840,574500
176.1490,177.5150,170.9230,173.0130,854600
170.1990,171.8070,167.8460,169.3150,781100
166.9830,169.3050,161.9990,164.0090,1435000
159.5870,172.2900,159.3460,170.8420,570700
172.7720,175.4250,162.4010,163.0440,471300
160.9540,166.6620,158.3810,164.0090,461000
159.9080,162.2400,157.9790,160.3910,432400
160.3910,174.4600,160.3910,172.8520,660000
167.4660,179.4450,167.4660,176.7920,1414700
178.4800,178.4800,169.8780,174.8620,377700
176.8720,182.9820,173.0930,181.8570,931200
181.8570,183.4650,176.8720,176.8720,872300
178.9620,178.9620,169.4760,177.2740,1835800
174.9430,179.2840,172.2060,177.0330,356200
178.4800,180.4100,170.6590,179.2040,647100
183.3040,183.3040,170.9470,180.0080,215000
175.5050,178.7610,166.0190,166.9830,1371800
168.7520,175.9070,166.4740,168.4300,484700
159.1850,168.0290,156.2100,164.6520,1496700
165.4560,166.6620,162.2400,163.6070,512600
164.5710,164.8130,151.1080,153.7180,965000
149.6980,158.0830,145.5580,149.6180,2048200
150.0200,150.5020,138.0410,140.3720,1085800
138.2820,138.2820,126.4640,131.0460,3039800
127.5090,146.6430,127.0260,144.7140,3049600
149.6980,155.2450,142.7840,142.7840,1477700
143.2660,149.7790,141.3370,147.9290,1637900
147.2860,148.7330,142.3020,144.7140,551300
146.5630,153.0750,145.2090,151.7080,802100
152.5920,153.2770,147.9290,149.5370,304800
147.1250,149.3770,144.7140,148.7330,390800
147.5270,154.3610,143.5880,143.7490,863200
143.6680,146.3210,137.7190,138.2820,766000
138.1210,140.2110,134.5030,137.3970,375300
135.0660,139.6310,131.6290,133.6990,552800
135.7900,137.7670,133.7800,136.6740,358000
136.7540,138.7640,133.4580,133.4580,323700
132.9760,141.4170,131.7700,140.7740,1394600
141.9000,141.9000,138.2820,139.6490,240900
138.5230,141.4980,136.6740,140.4530,1311400
143.1060,145.4370,139.1660,139.8090,624000
139.7290,147.6080,139.7290,146.4020,511400
149.8590,152.3510,145.5980,148.1710,307800
148.8940,149.5370,144.5530,146.1610,29700
146.1610,146.1610,146.1610,146.1610,0
151.1450,154.2810,144.2310,152.7530,720600
155.2450,155.6720,149.3770,151.4670,138200
155.0850,155.1650,148.4920,148.4920,139800
148.4920,148.4920,148.4920,148.4920,0
152.2710,160.7930,151.8690,160.7930,680200
157.9790,166.7420,157.9790,164.0890,401700
167.2250,168.5910,161.1790,163.2050,515700
165.6970,165.6970,159.3650,162.6420,469400
162.0790,163.6070,157.6570,161.7580,418400
168.2700,170.4400,160.7930,169.6360,662800
165.6970,167.3850,158.5420,161.5970,541400
158.3810,163.2050,150.3410,159.9080,469800
162.3200,164.1690,157.7380,163.0440,831800
163.3660,164.9730,159.7480,161.1950,679800
163.2050,167.7510,162.2400,166.4210,347300
164.5710,171.0030,163.2050,170.3600,520000
170.9230,173.7370,163.2050,164.3300,424400
169.9580,169.9580,157.2550,157.9790,476700
156.9340,157.4970,152.7530,152.7530,389600
152.7530,160.1500,152.2710,157.9790,487000
157.5770,161.5970,151.9490,153.4770,182000
152.0300,152.2100,146.5630,149.4570,361300
149.4570,154.0400,149.4570,151.7880,340300
151.2260,157.6570,149.3770,154.6020,579900
152.9940,160.2320,144.3920,148.8940,451900
147.7690,159.9890,147.7690,153.2360,282600
155.1650,156.6120,150.1810,154.3610,799800
204.6890,204.6890,204.6890,204.6890,411700
154.6020,154.6830,139.6490,153.6380,1577400
153.3160,157.1750,145.9190,150.3410,425900
146.8840,181.6960,146.3210,176.5510,1721100
180.0080,182.5000,176.9620,179.6060,1205600
179.6060,185.7160,178.8820,184.9120,951100
184.9120,187.7290,176.8720,178.1580,1115600
179.9270,180.7310,177.3540,177.5960,104600
178.2390,180.8920,176.9530,178.1580,343300
178.1580,184.6710,177.7560,182.5000,401600
183.5450,192.6300,182.5000,188.9320,403600
188.9320,206.4580,187.6450,193.1120,824100
192.3080,199.1420,192.3080,196.9710,654900
199.4640,200.9910,196.1670,199.9460,596800
198.0160,198.0420,189.1730,191.3430,560400
186.5200,190.6200,181.7760,188.6900,524700
194.3180,198.5790,193.2730,198.5790,463300
201.3930,205.0110,195.9260,196.1670,628700
200.5890,202.9210,192.9510,199.3830,823100
200.0260,204.6090,200.0260,203.4830,342000
201.3130,204.4880,194.5590,195.7650,629500
190.5400,190.5400,190.5400,190.5400,505100
191.5040,200.6690,191.5040,192.5490,208200
190.0570,196.4080,189.9770,196.4080,85300
188.9320,203.7250,188.9320,196.3280,94700
197.6140,201.7950,196.2480,201.7150,85900
200.6690,202.1970,198.5790,199.7850,99400
196.9710,204.1260,194.7200,196.9710,276400
199.7050,201.4730,198.3380,198.4180,831300
200.9910,202.4380,189.6550,201.1520,896800
203.9660,204.3680,198.7400,202.1970,440800
204.6890,207.2620,202.9210,204.2070,597000
209.0310,209.0310,196.4080,202.1970,410900
203.8050,204.7700,198.8200,203.0810,482300
203.4030,211.6840,200.5890,205.8950,472200
198.2580,216.5080,198.2580,205.1720,313700
205.8150,208.4680,201.3130,201.3130,161400
207.3420,212.7650,189.0920,197.7750,425400
197.7750,207.1820,193.3920,200.1870,777600
200.1870,200.1870,193.8360,194.5590,328100
197.3730,204.7700,193.8360,204.6890,285400
204.6890,204.6890,204.6890,204.6890,0
204.6890,204.6890,204.6890,204.6890,0
198.6600,210.2370,198.6600,206.2170,338300
204.8500,225.0300,203.4790,219.0800,552900
220.6880,225.1100,210.9600,213.4520,746300
215.9450,217.0700,209.1110,210.5580,600800
210.5580,212.1660,206.8600,207.9050,184600
207.4230,209.6740,203.8850,205.4930,274400
207.7440,210.0760,199.8650,205.0110,758500
207.9860,215.8640,207.9860,215.0600,831100
216.1060,222.6980,209.1810,222.2960,593500
221.0900,225.0300,212.3890,216.1860,353100
224.1450,224.1450,211.2820,214.2560,354200
214.7390,225.1100,213.2100,217.4720,393200
217.7940,219.1610,211.1210,213.2110,216700
215.3020,215.3020,208.2270,214.2560,287800
212.8090,220.8490,209.1910,217.3920,265500
210.9600,215.4620,209.0310,209.0310,201100
209.0310,209.0310,195.3630,198.5790,518000
197.7750,204.2070,193.0320,195.3630,435500
203.6440,203.7250,190.2980,190.5400,293800
190.5400,190.5400,190.5400,190.5400,0
204.6890,204.6890,204.6890,204.6890,1100000
180.0080,181.6960,163.3660,178.2390,951100
175.8270,185.9570,171.2440,179.6060,522500
176.9530,183.7860,166.7420,173.4150,829000
175.9880,196.8910,175.9880,194.2380,884700
195.2020,195.2020,183.7060,187.5650,569000
184.9920,196.7300,182.0980,193.0320,590800
196.5690,196.5690,190.1380,193.0320,319700
189.0120,191.3430,180.8920,181.2940,409900
180.0880,186.9220,177.4350,178.9620,411100
178.1580,182.7410,177.6760,178.3190,196100
176.8720,179.8470,160.8730,162.6420,643200
163.2050,171.1640,155.5670,159.8280,959300
157.6570,163.8480,156.6930,161.4360,692000
161.2750,164.8130,157.1750,162.4010,377000
155.7280,162.2400,148.8140,160.2300,733600
162.4010,167.7070,161.1950,163.7670,524600
164.5710,174.4600,164.4910,173.5760,533900
172.1290,176.0680,169.2340,171.0030,314600
171.0030,171.0030,171.0030,171.0030,0
178.1580,178.1580,160.8730,164.0090,425100
160.7930,163.5260,157.2550,157.7380,795400
160.7120,165.7770,159.6670,165.6970,2355200
167.6270,176.8720,167.6270,172.8520,754600
167.9480,172.6110,162.4010,162.6420,580800
161.2750,161.2750,157.3360,159.9890,325600
161.9180,163.4460,157.0140,157.8990,452700
152.5120,159.5060,152.5120,157.0140,633000
158.7830,160.8730,154.2810,160.1500,696600
160.3910,161.6770,159.5870,160.7930,1501300
160.1500,168.6720,159.9890,168.0290,1430400
167.9480,169.6360,166.4210,168.9130,384500
166.7420,171.7270,166.7420,167.6270,332400
173.6560,185.9570,173.6560,182.9820,1716100
188.9320,196.5690,188.9320,193.9160,959900
194.6400,195.9260,184.9120,187.0820,349900
185.0730,190.0570,182.5800,182.5800,353600
185.8770,185.8770,172.8520,174.5410,572000
173.0130,177.7560,171.3250,173.1740,253300
179.0430,184.9120,178.8820,181.6960,383100
177.4350,178.8820,173.4880,174.6210,278100
169.7170,179.6860,169.7170,173.2540,488600
169.7970,175.5860,162.4810,164.7320,552800
165.7770,180.2490,165.2950,176.8720,579300
184.0270,184.1080,176.8720,177.0330,291800
176.3090,182.2590,176.3090,180.8920,531500
185.7160,185.7160,179.6860,184.2690,210400
186.6000,192.4690,186.1180,189.4140,136400
188.1280,195.3630,188.1280,190.2980,326300
190.1380,194.7550,186.1180,190.7000,152300
190.0570,191.1830,188.2080,190.8610,164800
190.2980,191.3430,182.8210,182.8210,130100
183.8670,188.4490,181.8570,187.4040,274000
187.3240,190.1380,186.4390,189.0120,125800
189.0120,192.9510,183.6250,184.5900,111600
188.4490,188.4490,180.4100,181.6960,103700
184.2690,190.7000,181.2140,189.3340,346400
190.4590,194.0770,186.6000,192.5490,146100
192.9510,203.0810,190.5400,201.7950,283900
204.4480,207.2620,195.7650,202.5990,656100
205.4130,208.4680,196.0870,197.8560,244300
203.7250,214.6580,203.4830,212.2470,1160700
215.2210,230.0140,210.6390,223.2610,784500
220.2060,222.8590,217.0700,219.4820,264200
222.2960,223.5820,213.3720,216.1860,313100
221.3310,222.5370,215.1410,217.9550,65700
222.5370,222.5370,215.3820,219.4820,71000
222.6180,224.0650,216.3470,224.0650,401500
226.7180,228.6470,218.5980,218.5980,248000
222.0550,222.6980,217.0700,217.5530,121100
213.5330,220.8490,213.5330,217.3920,105300
217.4720,221.4920,214.5780,217.3120,332200
211.9250,214.6580,209.0310,213.8540,174100
210.4780,216.2660,210.4780,214.3370,75100
212.3270,215.5020,205.8150,207.6640,199900
207.7440,212.7290,205.1720,212.0860,38200
212.0050,217.7130,211.4430,215.2210,121600
218.5980,228.2450,212.6490,220.2860,181100
221.0100,221.0100,204.2870,212.1660,115900
211.8450,218.5980,206.6990,209.3520,329900
209.6740,214.5780,201.3130,208.2270,673600
216.6680,216.6680,198.0160,200.9910,584800
198.0160,202.7600,195.6850,198.0160,170400
202.9210,207.6530,190.7000,207.3420,357200
207.3420,207.3420,207.3420,207.3420,0
201.5540,215.2210,201.5540,210.6390,354200
218.2760,218.2760,209.0310,218.1150,296200
222.6980,222.6980,213.3720,215.1410,87000
221.0100,249.2290,219.8840,248.6660,1061400
251.6410,251.6410,237.2500,238.3750,350900
235.6420,239.6620,232.9890,237.7320,698200
231.4610,247.7820,231.4610,244.9680,136500
241.9130,247.7010,241.2700,245.8520,139300
239.2600,262.8160,239.2600,257.1080,297900
251.2390,272.4630,251.2390,264.9870,492200
257.9120,264.9060,257.9120,258.2330,91600
257.2690,263.9410,251.6210,258.8760,186400
261.2880,262.7350,250.9980,255.6610,155900
254.0530,265.0870,252.5250,256.4650,665400
255.5000,262.8160,255.5000,260.4840,172200
271.8200,276.8050,249.2290,259.6800,615400
256.8670,264.1830,250.0330,257.2690,167100
256.3840,269.7300,245.6630,265.2280,286100
261.9320,274.9560,261.9320,274.9560,245500
271.6590,281.3070,270.9360,274.9560,290400
269.4890,277.6090,269.4890,274.1520,305700
276.4030,279.7800,270.6140,278.4930,333500
275.1970,299.3160,275.1970,286.5330,769300
282.9150,287.4980,278.8950,283.3970,261800
288.8640,288.8640,279.6190,281.3870,580700
273.3480,281.3870,269.1680,279.8600,397500
281.3870,288.6230,278.3320,279.4580,275100
281.3870,281.3870,277.2870,278.1720,99400
279.2970,284.2010,276.2420,278.1720,344200
277.2070,280.8250,276.5640,277.3680,133300
278.8950,287.0960,275.3580,286.2920,171900
284.6030,293.8490,281.3870,287.5780,214300
286.1310,289.1060,285.4070,288.1410,386100
291.1150,296.1520,283.5580,293.6080,213300
295.9390,295.9390,275.9200,291.7590,178500
292.8040,310.9730,289.2260,308.7220,264700
304.6220,304.6220,294.9630,298.2710,239700
294.9740,297.8690,284.7640,286.2110,200300
287.2560,289.1860,273.3480,284.6840,254500
287.8190,287.8190,284.6030,284.6030,128700
286.3720,286.3720,266.1120,283.1560,606200
283.3970,290.3920,278.9760,281.3870,543700
284.1210,284.1210,275.8400,278.0110,273100
279.6990,279.6990,259.5130,270.1320,722400
273.1070,289.4270,271.0970,288.7040,594700
287.1760,300.1200,285.0050,291.8390,459400
292.4020,302.2910,292.4020,301.8890,377100
295.0550,308.5210,294.9740,305.9890,891300
301.5670,311.9380,301.5670,308.7220,418000
315.8780,316.1990,310.0410,311.9380,292000
309.7670,315.6360,309.7670,313.5460,825300
315.1540,316.6810,306.6320,309.6070,227500
313.8680,313.8680,289.9900,291.9190,1058100
289.4270,294.4920,282.1910,283.7990,647600
284.1210,286.5330,280.1820,285.3270,201500
293.8490,298.5120,278.5740,283.2370,332800
276.9660,288.6230,273.9110,274.9560,162800
276.6440,286.2920,235.0790,237.1690,2123500
246.8170,260.1630,238.2150,252.3640,6000200
252.2040,260.8060,246.8170,254.8570,1853400
254.6960,262.5750,245.3700,248.9880,595100
252.6860,265.2280,249.6310,262.8160,724900
255.0170,263.5390,255.0170,261.1280,239500
261.6100,262.0920,253.6510,253.6510,131000
256.8670,256.8670,246.0130,246.0130,689700
245.6110,246.4950,229.3710,236.4460,1125900
238.0540,239.9030,224.5640,234.3560,393300
237.1690,248.2640,229.1300,247.9430,777000
245.2890,250.8370,242.8780,243.6010,240000
244.4050,247.4440,243.6010,244.4050,132100
247.2990,250.0330,235.8750,244.9680,501600
245.9330,249.6310,241.9130,243.6010,561400
242.3150,247.2190,239.6620,242.1540,416600
241.1890,247.6210,240.3850,247.6210,158400
249.7110,257.2690,247.3800,253.8920,404500
255.9820,257.2690,246.8170,257.0270,430900
255.8210,257.2690,247.6210,257.2690,411000
259.6800,259.6800,259.6800,259.6800,556800
257.8310,267.9610,255.9820,265.6300,821000
262.8960,269.6500,257.0270,257.5900,382200
251.8020,259.9220,250.8370,257.5900,379000
256.7060,257.2690,254.4550,254.4550,399400
249.3900,258.3140,249.3900,256.3040,152100
252.4450,260.3240,252.4450,255.9820,51200
255.9820,255.9820,255.9820,255.9820,0
263.6200,265.7910,253.9720,260.2430,92700
263.3790,266.0720,256.3040,259.3590,87000
254.0530,261.2080,254.0530,258.4740,39400
260.7260,269.2480,260.1410,266.4340,225300
267.7200,268.2210,262.2690,264.9060,131200
262.0120,269.2480,260.5850,263.7000,251800
262.3340,267.5590,260.5770,265.4690,523400
266.1120,266.1120,262.6550,264.5040,337200
268.2020,268.4440,262.4140,264.4240,1272700
266.4340,273.6690,263.8850,271.8200,275200
270.3730,274.5300,258.9570,259.8410,1217600
257.2690,260.7260,255.0980,259.3590,154000
246.4950,262.2530,246.4220,257.3490,120600
257.3490,264.2360,254.9370,256.8670,150100
258.3940,261.6730,255.2590,257.8310,174000
253.5700,254.9770,246.0130,247.2190,199100
254.1330,254.1330,254.1330,254.1330,150300
256.6250,262.8160,254.2940,258.8760,327600
260.6450,261.6900,253.4560,257.1880,390900
260.7260,261.2880,252.3640,254.0530,133000
255.6610,258.3140,249.7920,251.7210,232600
255.1780,260.4840,241.1890,243.6010,265700
241.1890,249.3090,236.5260,237.6520,468200
240.2240,250.8370,229.2910,245.2090,707900
247.6210,247.6210,239.7420,244.4050,205900
242.2340,251.5600,240.5460,242.7970,398700
244.1640,246.5760,239.4210,241.9930,349700
244.7270,245.2090,239.4970,242.7970,251500
244.6460,245.2090,239.1790,240.3850,163000
246.8170,246.8170,236.1240,240.0640,179300
239.1790,245.1290,228.3260,233.9540,777800
240.1440,243.2800,237.4110,241.5110,198100
247.6210,247.7010,235.8030,242.5560,408700
244.7270,250.1940,235.7220,241.9930,157500
243.2800,243.2800,237.7130,240.1440,207300
241.1890,241.1890,221.0900,226.2360,930500
227.2810,228.0850,209.2720,225.7530,2144000
225.5120,228.8890,222.7380,225.1100,310600
225.1100,249.2290,225.1100,245.2090,700000
245.2090,245.2090,234.7580,238.5360,334900
233.5520,239.5810,229.6930,235.5610,310200
237.0890,241.5910,234.7580,240.7870,209400
238.8580,243.8420,238.6970,241.9930,129000
241.9930,250.1130,241.6720,245.2090,649600
248.1840,248.1840,241.1090,246.5760,308500
243.7620,249.7110,243.7620,246.1740,314500
246.1740,253.2490,246.1740,251.1580,241300
252.2040,257.8310,250.1940,250.9980,811800
254.3740,255.0980,249.2290,253.9720,523300
255.7410,255.7410,244.0030,246.0930,227400
247.7820,247.7820,232.0240,235.6420,303300
236.8480,237.4910,231.5420,233.3100,93600
234.9990,234.9990,230.2550,233.2300,96600
228.3260,234.7580,221.5730,234.2750,216400
231.8630,237.2500,227.9240,232.0240,122700
230.5770,235.8830,229.9340,232.3460,314200
235.1600,235.5610,226.9590,232.3460,351100
237.1690,237.1690,221.7330,232.1850,344400
236.2850,236.2850,231.1400,233.1500,124000
232.1040,236.5260,231.4610,235.5610,61800
235.5610,246.5760,231.3810,245.2090,406100
242.8520,257.2690,242.8520,252.4450,503000
260.4840,278.1720,260.4840,266.1120,1410300
266.9160,269.2570,252.9270,259.2780,653100
264.4240,278.0110,264.3430,271.7400,699900
271.7400,283.3970,269.7300,283.3970,577700
281.4680,288.3820,274.7950,285.8900,523700
281.3870,299.0750,281.3870,295.5370,589000
294.8140,297.9490,291.8390,293.4470,472400
294.6530,296.4220,285.5680,288.8640,777900
289.5880,289.5880,272.5440,274.0710,423200
276.8050,294.8140,274.5540,289.6680,660800
292.1610,297.8690,284.8440,296.5820,266200
297.3060,298.0300,287.8190,289.8290,264000
291.4370,298.5120,291.4370,297.0650,241200
297.9490,297.9490,288.8640,289.9090,214300
288.3820,291.8950,284.2820,287.9800,220500
288.7040,289.8290,275.5150,279.1360,402900
282.8350,285.4880,279.1360,282.4330,416700
286.7740,290.2310,284.9250,287.3370,405400
291.4370,300.0390,288.4620,294.1700,82600
289.6680,297.8690,289.6680,297.8690,277600
300.2810,302.6120,295.7780,297.7080,619300
297.4670,301.8890,297.1450,298.4310,152000
291.0350,300.4260,287.1760,291.6780,379700
292.1610,296.0200,287.4170,291.8390,255500
291.5980,293.4470,273.3480,276.1620,373800
276.6440,291.0350,267.8000,290.6330,429100
291.0350,292.9650,278.2520,280.6640,326400
287.1760,289.3470,280.5830,285.9700,194100
284.8440,289.0260,281.3870,283.6390,351900
284.1210,284.1210,276.5640,280.5830,819400
283.5580,283.7990,280.9050,283.7990,302100
280.1010,284.9250,280.1010,283.7990,267400
283.9600,287.4980,281.9500,282.3520,279100
286.4520,286.4520,278.4130,282.4330,104700
289.7490,325.6050,281.3870,309.6070,1327600
308.3200,311.3750,305.0240,308.3200,153600
308.6420,309.2850,302.2910,307.1140,124800
306.8730,311.1340,302.1300,308.3200,594900
308.1590,308.4010,302.1300,304.7020,436200
307.7570,309.3650,305.4260,307.9180,334500
309.0440,309.4460,305.0240,306.1500,185400
301.5670,314.3500,301.5670,314.3500,597000
317.8070,329.3040,310.8130,322.3090,407600
314.8320,323.4350,314.8320,318.3700,369500
321.1030,321.1030,309.7670,316.7620,252900
318.2890,320.7010,305.7480,313.5460,227600
316.4400,316.4400,313.7870,314.7520,149500
311.2150,311.2950,302.8530,304.2200,176100
304.6220,311.2950,302.4510,307.1140,223400
308.7220,309.6070,301.0040,301.0040,114900
304.8630,315.5560,300.6020,307.9180,473500
312.5590,315.6720,307.6060,314.3270,479900
321.3140,321.3140,304.2450,304.2450,273400
306.8980,306.8980,297.9650,299.5570,321900
300.7070,302.4760,291.0670,295.4890,1019300
290.4480,298.4960,285.2300,294.9580,1307400
294.9580,299.7340,292.2170,297.3460,4507400
298.9380,306.7210,295.1350,305.2180,1065400
305.3060,309.1090,300.9010,303.3600,343100
303.3600,310.1880,301.5920,303.3600,516900
301.4150,308.8440,301.4150,308.8440,329500
307.4290,313.2660,307.4290,312.7350,196800
313.9740,322.1990,313.9740,320.2530,573200
321.7570,333.5200,319.5460,333.5200,338600
334.4930,342.8950,331.9280,342.0100,648700
343.9560,352.3580,341.2140,348.7320,243400
345.3710,353.7730,345.3710,348.1130,231100
349.6160,349.6160,341.3910,344.3980,199200
343.3370,349.3510,343.2480,348.2900,190600
349.3510,349.3510,340.8600,343.1600,372000
342.2760,342.9830,329.8930,332.9890,204000
330.0700,330.0700,318.1110,324.8520,311100
328.2130,339.7110,327.2400,337.2340,538400
340.4180,340.4180,329.9820,334.0500,159300
330.3360,336.7920,327.0630,336.2610,222800
335.2000,337.2340,331.6620,336.0850,270400
339.5340,340.2410,333.5200,337.8530,225800
336.6150,349.3510,336.6150,347.5820,278000
348.4670,349.3510,341.4310,341.9220,2921500
343.6020,348.7320,341.6560,342.2760,227600
338.8260,349.5280,334.3090,349.5280,246200
350.9430,352.1050,343.5140,349.3510,266500
347.5820,348.2010,341.7450,343.9560,234400
342.2760,344.9290,329.9820,344.9290,171200
337.9420,344.8400,335.8190,339.5340,179200
344.9290,344.9290,328.2130,342.6290,231700
341.5680,341.5680,325.2940,325.7370,421900
319.8990,334.2270,307.7830,308.4020,215100
312.4700,312.4700,268.4250,284.1680,375700
279.4810,299.3810,271.6090,293.6320,670000
285.1410,294.5160,251.6210,252.0630,768500
251.6210,274.2760,231.0140,272.1400,698700
278.3310,289.1210,268.1600,269.4870,334600
275.3240,288.9440,263.4730,276.3850,242200
278.1540,295.4890,269.6640,294.5160,167100
293.9860,294.6050,282.3990,283.9030,160000
285.4070,285.4070,277.7120,282.9300,242400
285.4070,288.6790,280.7190,284.7870,158100
290.3590,290.3590,260.0230,262.5880,293400
260.7310,260.7310,241.7160,243.7500,413300
245.3420,262.5000,245.1650,252.9480,472000
257.8120,265.5070,239.4160,241.8920,352300
244.1030,250.3830,237.2050,240.9200,562300
245.6070,245.6950,238.4430,243.0420,570500
243.2190,243.2190,228.7410,240.5660,245000
246.7570,263.6490,236.0550,263.2960,470400
275.0590,285.7600,266.2140,281.3380,783000
286.9980,286.9980,276.5620,281.3380,258400
282.3110,282.3110,261.4380,262.5880,203100
265.0650,265.0650,243.2190,248.6140,149600
250.5600,254.9780,239.3280,245.7840,336400
247.1990,247.6410,238.7970,239.7700,647300
245.8720,253.3900,241.5490,249.2330,270200
247.1110,252.0630,243.2190,244.9880,303300
244.9880,244.9880,233.7560,237.0280,149400
237.8240,245.6950,234.9940,236.9400,314800
238.0890,249.0560,236.4090,246.7570,201900
245.5190,259.2270,245.5190,252.7710,194600
256.4860,261.2610,255.0700,258.2540,410700
252.5060,252.9480,243.6610,247.1990,218100
244.9880,253.9210,244.9880,247.9070,170200
247.6410,248.3490,238.7970,242.3350,394100
240.1240,241.0960,209.0800,232.7830,385100
236.4970,236.4970,201.6510,220.4010,773800
214.2980,225.1770,212.2640,218.9860,183600
220.2240,231.1020,216.6860,230.6600,198600
226.1490,235.6170,226.1490,229.9530,296600
231.1020,232.5170,225.0880,232.0750,123100
232.8710,232.8710,226.5920,228.1840,342100
226.6800,234.4630,213.6790,220.1350,310300
215.8020,216.4210,200.5890,202.2700,697500
205.5420,221.1970,194.0450,218.4550,577500
220.8430,235.5020,214.0330,232.6060,680300
234.1980,234.3750,228.8030,230.8370,267900
234.8170,245.8720,229.4640,243.4840,211900
245.5190,245.5190,233.4900,233.4900,170800
203.4200,216.6860,196.1320,198.5550,4159600
200.3240,206.6920,196.4330,198.2900,1188300
202.8000,205.8960,198.2900,198.9970,528400
201.8280,203.6500,191.2140,198.1130,470400
203.2430,206.9570,199.9700,201.8280,3485400
203.7730,205.4540,196.9630,202.3580,668100
202.5350,203.4200,190.0220,195.1940,603300
198.9970,285.2300,195.9020,199.7050,516500
202.0040,202.0040,195.9900,200.7660,1106000
200.5890,207.4000,199.0560,201.5620,2246700
204.8350,213.5910,200.9430,208.7260,1219800
212.2640,218.1020,210.4950,216.7750,879600
217.1280,228.0950,215.0060,225.5300,447700
224.0270,224.6460,207.8420,213.2370,433200
210.5830,212.8830,204.1270,205.8960,663000
212.2640,219.3390,209.6110,213.7670,784200
210.5830,220.1350,210.5830,218.4550,436300
220.4010,223.8500,215.0940,217.0400,865500
213.5020,215.3590,209.3450,212.3520,674400
213.1480,225.3540,213.1480,223.4080,1731500
225.5300,231.0460,222.2580,226.1490,931200
220.8430,227.3350,215.5360,218.1010,519400
219.3390,225.5300,218.7730,224.6460,556000
226.8570,229.9530,223.4520,229.7760,171700
229.0680,229.4400,224.5580,224.8230,347600
225.3540,234.6310,222.2180,233.4020,518900
238.7970,239.4690,229.5810,229.0680,626400
229.8640,231.4560,225.5300,229.2450,272200
228.3610,231.9870,222.0810,222.9660,609300
225.8840,225.8840,217.7260,218.7200,961300
218.4550,219.2950,208.0190,211.3790,853400
215.8900,220.9490,206.9820,216.5980,467400
215.8020,221.6390,210.4070,219.8700,296000
222.0810,231.5800,222.0810,230.5720,789200
229.4220,240.2120,226.9450,239.7700,481400
238.7080,257.4580,236.0550,248.7030,950200
250.7370,252.4790,241.4500,242.3350,353000
253.9210,253.9210,241.9590,246.6680,947700
251.9750,254.8940,244.1720,251.1790,431200
250.2950,254.2740,247.5790,249.8520,766000
252.0630,252.0630,245.6070,249.1450,530200
254.0090,254.0090,244.8110,248.0830,532500
244.8990,253.1650,239.3740,248.7030,213700
243.7500,249.1450,234.9940,234.9940,569300
234.9050,243.1390,234.7280,239.9470,483600
237.6470,239.8580,228.5370,229.4220,366800
229.4220,235.8780,227.9180,233.8440,319400
234.1980,237.5590,228.7140,228.7140,354100
227.9180,233.7710,222.8350,226.2380,164400
229.3330,229.3330,225.0880,226.5030,264400
227.6530,233.1370,225.8900,230.6600,147900
232.2520,235.0120,230.9250,231.6330,149500
234.7280,236.4970,230.9250,234.3750,58300
234.3750,234.3750,234.3750,234.3750,0
234.3750,234.3750,234.3750,234.3750,0
233.0480,243.3960,231.0140,235.3480,224200
236.4970,240.8310,236.4970,238.6200,122300
240.0350,241.9810,236.3200,237.6470,46900
237.6470,237.6470,237.6470,237.6470,0
243.4840,252.7710,242.4230,252.0630,423300
252.0630,258.5200,245.7130,256.3970,356600
250.2060,257.1050,241.0170,252.2400,365800
254.4510,258.1660,245.9610,256.2200,287100
258.5200,264.0210,257.1930,262.4110,516100
263.9150,266.4800,260.3510,262.1460,481700
261.0850,262.7430,252.0630,252.9480,372800
253.5670,259.9080,253.5670,257.6350,193800
258.6970,259.4370,255.6280,257.8120,241700
258.6970,260.9080,257.8120,260.0230,238800
264.3570,264.3570,252.0630,255.4240,637400
256.5740,259.5810,252.0630,258.6970,228800
260.3770,264.4450,256.3970,258.2540,403100
260.1120,261.3500,256.6090,258.7850,192000
260.2000,265.6840,255.6010,264.8880,408700
262.5880,262.9420,259.5810,261.7920,177500
263.6490,265.4820,253.2130,255.7780,205600
258.0780,260.4300,256.2200,259.4040,167800
259.6700,261.2610,257.2820,259.1390,105900
258.2540,261.3250,255.5130,255.5130,236800
257.9010,267.5410,257.9010,264.8880,182000
256.7510,285.6720,256.7510,283.9910,745100
282.8420,293.2140,282.8420,292.8360,444700
290.9780,296.0120,282.7760,290.0940,455000
290.9780,295.1350,290.0940,292.1280,180300
293.4550,298.6730,282.4640,287.8830,212200
289.4750,292.4820,281.4340,283.9910,194200
283.3720,293.4830,280.3650,292.9240,428600
290.2710,296.1110,285.2300,287.6180,416700
288.6790,296.4620,288.6790,290.0940,239800
288.9440,293.2870,285.4070,291.8630,487200
295.4010,299.3810,284.7580,289.2100,333600
288.9440,288.9440,277.7310,283.9030,317900
284.9640,284.9640,277.0900,283.0190,359000
281.5150,290.9780,279.5250,289.2100,203300
285.9370,288.9440,282.3110,285.7600,268500
286.9980,297.2580,284.9550,295.5770,189200
293.6320,309.2860,293.6320,307.4290,693000
307.2520,308.5520,302.4160,304.4220,216900
302.1220,309.5250,301.1950,304.2450,132000
305.1290,306.4560,295.3120,301.1490,246400
303.8910,307.4290,300.2650,300.7070,187400
301.8570,304.5990,293.0130,294.0740,447400
295.4010,297.7000,293.7200,295.4010,467900
295.1350,295.2310,290.1820,290.9780,244500
291.0670,291.1550,275.6870,288.2370,402700
287.0870,291.0400,279.3040,288.7670,350500
289.0330,298.9380,289.0330,297.1690,345000
299.0270,302.7520,295.6130,298.3190,257600
299.0270,300.7070,293.2870,297.4350,244800
300.1770,301.3260,296.9040,300.0000,346800
300.7070,305.8370,297.5230,300.0880,295100
301.5920,301.5920,291.3460,295.6660,325500
298.1420,301.0930,293.4550,300.9730,560800
301.5920,306.7210,296.7270,298.4960,298100
298.3190,298.9380,287.9710,291.8630,372000
298.7610,303.2720,297.2580,299.7340,438200
300.7070,302.1220,297.7890,298.0540,440300
297.2580,301.5920,294.0740,298.0540,491400
302.3880,313.5350,298.3230,309.5520,1162000
309.5520,316.5690,308.0820,314.8580,1974400
313.2660,315.6280,299.8230,299.8230,532100
298.4080,300.6810,274.7600,294.5160,1401500
296.2850,303.0950,294.1620,303.0950,603700
302.6530,309.8170,298.4170,309.0210,833400
307.6940,312.2050,302.6530,305.0410,606100
302.4760,305.2180,284.7870,286.9980,580000
286.5560,295.5860,284.6110,292.9240,624100
292.9240,292.9240,292.9240,292.9240,0
292.9240,292.9240,292.9240,292.9240,0
289.2100,294.9580,278.9500,280.8960,716400
280.9840,289.3860,279.5620,289.1210,404200
289.1210,293.6320,285.0530,289.0330,432900
287.5290,292.0360,284.6110,286.5560,356300
284.9640,288.3250,280.2570,282.2230,496800
281.0730,286.5560,280.9740,284.6110,306500
282.5760,292.3060,275.8310,292.3050,599400
294.3390,294.3390,281.3380,288.3250,466300
287.5290,295.8430,285.5830,293.1900,569800
289.0330,291.6210,283.1950,285.7600,876000
286.2020,288.2970,280.8070,285.3180,516700
291.8630,307.4910,291.8630,303.8910,1427000
304.4220,309.9470,301.4150,308.6670,536600
305.0410,311.2320,304.9520,306.6330,419000
307.6060,311.4090,306.0400,307.7830,232100
313.0890,321.2260,312.4700,320.1650,598000
323.3490,326.0900,317.8650,324.3220,1103800
324.1450,326.0050,318.3070,322.7300,561800
320.3420,320.3420,295.2680,298.8500,1460000
298.8500,298.8500,298.8500,298.8500,0
298.7610,300.1080,282.9920,283.9030,1027300
284.3450,287.4410,266.0370,270.2830,989400
271.8750,280.8960,268.7790,275.8550,611100
275.6780,277.7210,269.2210,276.0320,499200
272.6710,272.6710,261.7920,263.2070,404900
265.8610,266.5680,256.3090,260.7310,591100
95.6070,117.9800,81.3680,112.3230,23856300
111.4390,121.8750,111.1800,113.6500,7192100
111.4390,113.7200,105.1330,107.0160,3861100
102.4170,106.3690,98.3490,103.4790,3943400
103.3020,104.4520,88.7970,89.3280,6950700
85.6130,92.2460,84.2510,91.0970,9922800
91.5390,97.2880,89.8440,92.1580,5920900
91.9810,94.2810,90.3450,90.5660,2789800
89.9470,95.6690,89.9470,92.4230,3852300
93.0420,96.8450,91.4500,95.8730,2958800
94.5460,96.8190,89.4160,91.1850,1492100
92.0690,94.3690,88.0260,89.1510,1186900
88.2660,90.4770,85.1270,88.0010,1815500
88.0010,88.0010,88.0010,88.0010,0
88.0010,88.0010,88.0010,88.0010,0
86.2760,91.9540,86.2760,90.2120,2187600
90.9200,100.4360,86.5720,96.1380,3874400
66.5090,84.0120,60.1410,74.7350,22356800
75.7960,85.5690,69.4280,69.6490,5409400
69.2510,73.4080,65.4920,68.1010,4588300
68.1010,72.5230,64.6960,68.8970,2787200
68.8090,70.5340,64.4310,69.9140,2551200
71.6390,84.4690,71.6390,84.0210,7156700
85.7900,93.7230,85.4380,89.7700,3194200
89.7700,104.3630,89.5920,94.6340,4469300
95.0770,96.3770,88.8860,90.2120,2510900
89.5490,92.4230,84.4630,91.0970,1508800
90.6540,92.3130,85.7900,86.2320,1293200
85.3480,88.4430,81.3680,81.3680,1169600
83.3580,85.5600,79.7980,80.0410,1170700
78.7150,85.1270,78.2990,84.0210,885100
83.8000,84.9060,81.3680,83.5790,642500
84.9060,89.3280,82.0980,88.8860,1393900
89.3280,91.7600,86.8960,91.0970,968600
91.7600,95.7400,89.3280,94.8550,2178600
95.2980,96.8450,90.2120,94.4130,1225100
95.7400,99.2780,93.3080,95.7400,1247900
96.8450,96.8450,92.6440,93.9710,737200
94.4130,94.4130,88.8860,89.3280,824100
90.4330,93.8290,88.4430,89.5490,756300
89.5490,92.2020,86.8960,90.2120,848500
90.2120,90.4330,86.6740,87.5590,805200
88.4430,92.4230,86.6740,91.3180,686900
91.9810,92.4720,89.1070,90.6540,503000
91.0970,108.1310,90.8750,100.8250,3767300
102.1520,102.1520,97.5090,98.1720,842100
99.0560,113.2070,97.6940,109.6700,2004500
110.5540,112.5440,107.0160,112.3230,1254900
112.1020,112.1020,103.5890,105.0260,969000
104.5840,112.7650,104.5840,105.0260,1065600
105.9110,112.3230,104.3100,109.0060,1490100
61.6890,80.4250,59.2570,74.9560,20196100
73.6290,75.1770,68.1010,70.0910,4629800
72.5230,74.9560,69.8970,72.0810,2643400
72.5230,73.1870,68.1010,69.8700,1692100
69.2070,71.8600,68.5440,70.5340,1119900
71.6390,73.4080,69.2070,70.0910,1805800
69.8700,72.9660,69.2070,70.3120,1433700
70.7550,73.9390,70.0910,72.3020,1188900
72.9660,74.0910,70.9760,72.0810,2386600
72.3020,75.1770,71.1970,72.9660,1883300
73.1870,76.0610,72.1080,74.7350,1847900
74.7350,78.7150,73.9560,76.2820,2650500
76.7250,77.8300,73.8110,76.5030,2269400
77.3880,78.7150,76.9460,78.2720,1380000
77.6090,82.9160,76.7250,82.6940,1636500
82.2520,83.1280,79.8200,80.0410,2009500
80.7050,82.2520,79.8290,81.5890,1650500
82.9160,84.0210,81.3680,82.2520,1096900
83.1370,83.1370,80.4830,82.4730,791500
81.5890,82.4360,80.4350,81.3680,593000
81.8100,82.4260,80.0410,81.3680,737000
81.5890,83.1370,75.5040,79.5990,1985300
79.5990,79.5990,79.5990,79.5990,0
78.4930,79.6520,76.5030,79.3780,1254200
78.9360,82.2520,77.8300,81.8100,1771400
81.8100,84.7200,80.7380,83.1370,1905000
82.6940,84.9060,80.8370,81.1470,1274400
82.6940,83.8000,81.1470,83.5790,842100
84.0210,84.0210,81.3680,82.6940,650700
82.9160,85.1270,82.2520,84.9060,906800
86.4530,90.6540,85.5690,89.7700,1745300
89.3280,100.7720,89.3280,99.0560,2682200
98.3930,110.9960,96.7040,102.5940,2321000
104.5840,104.5840,98.6140,99.7200,1631900
100.1620,105.2480,99.9410,102.8150,1415000
103.7000,104.8050,101.9310,103.0360,1094600
105.2480,105.9110,102.8150,103.7000,1721400
103.9210,108.5640,103.0360,106.1320,1948800
104.3630,105.2920,99.2780,99.2780,1471400
98.8350,103.7550,98.2830,100.1620,919700
99.4990,101.4890,98.1720,98.8350,1163300
99.7200,101.8500,98.2560,100.8250,691100
100.6040,102.5940,97.9510,97.9510,899800
98.6140,100.3830,97.2880,98.3930,552100
98.3930,98.3930,93.3080,94.4130,1009300
92.8650,98.6140,92.8650,97.5090,772400
98.3930,101.4440,97.2880,97.2880,817900
97.7300,99.2780,96.1820,98.8350,1012600
99.0560,99.0560,96.8450,97.2880,993400
58.3730,84.0210,56.6040,61.9100,22604600
65.6690,67.2170,61.0260,63.9000,8738400
64.3420,69.2070,63.8120,67.4380,4735500
67.6590,75.6190,67.6590,73.1870,7678200
74.2920,76.0970,70.5340,74.7350,4161800
74.0710,74.3720,70.7550,70.7550,2929600
71.4180,72.5230,68.4640,69.6490,3729400
68.7650,72.1170,67.1430,68.5440,3968700
69.8700,72.7450,68.9860,69.4280,2664900
70.9760,72.5230,69.4280,70.0910,1964300
69.8700,71.5510,69.3170,70.0910,1428500
68.5440,70.8250,68.3220,70.3120,2318800
70.5340,72.0810,69.8170,71.6390,1747500
72.5230,72.9660,70.6440,70.9760,757400
71.4180,71.4180,67.6590,67.6590,2102000
67.8800,68.9860,64.9170,66.3320,2571200
67.4380,68.2030,66.2840,66.9960,709900
66.5540,67.3520,64.5640,65.4480,1026000
65.6690,66.5090,63.9000,65.0060,1450200
65.4480,66.1030,64.3500,65.0060,932600
65.4480,69.5340,64.7850,65.4480,2715000
65.6690,70.3120,64.5640,69.6490,2505900
70.0910,72.5230,68.9310,70.5340,692300
70.9760,73.4080,69.8700,70.9760,2121000
70.5340,73.4080,69.2730,71.8600,1924800
71.6390,74.0710,68.5440,69.2070,2493300
69.2070,70.5420,66.1110,67.2170,2719200
66.5540,68.0200,65.0060,65.6690,2001900
65.8900,67.2170,64.6170,65.0060,1680400
65.2270,65.2270,62.7950,63.6790,2174300
63.9000,65.6690,62.5740,62.7950,1409600
65.2270,65.2270,62.3530,63.2370,1265200
63.4580,64.5640,60.2520,61.2470,3081800
54.8350,74.6800,53.0660,71.8600,11663600
72.3020,74.0710,69.8080,71.1970,2652500
70.7550,71.3540,69.4280,70.7550,1649200
70.7550,72.5230,70.0910,71.8600,815200
71.8600,77.8300,70.8410,74.5130,3685800
74.9560,76.8840,74.2350,75.3980,1919000
75.1770,78.0510,74.2920,76.0610,1819400
76.2820,76.6320,73.4080,75.1770,1315900
74.7350,79.8690,74.7350,78.2720,2606900
78.0510,79.5990,77.3880,78.0510,1340300
77.8300,79.6620,74.6800,76.2820,2321800
76.5030,78.9710,75.6040,76.9460,940500
77.8300,78.7630,76.9990,78.7150,1751800
78.2720,84.2950,78.2720,83.1370,2387900
82.4730,88.0010,82.2520,83.5790,3568800
84.4630,91.5390,83.1370,91.5390,4341300
90.8750,96.8290,90.3090,92.8650,6185800
92.2020,93.7500,89.5490,89.5490,2396900
90.2120,90.2120,84.0210,84.4630,2450400
85.1270,87.7800,84.8510,87.3380,619400
88.8860,89.5490,84.2420,84.2420,1430900
84.9060,85.6570,81.5890,81.8100,1324400
81.3680,82.3320,77.0560,78.2720,2618200
79.5990,80.9260,78.1620,80.2620,1686600
80.9260,80.9260,78.0510,78.9360,896900
79.5990,79.5990,78.0990,79.1570,217200
79.1570,79.1570,79.1570,79.1570,0
79.1570,79.1570,79.1570,79.1570,0
78.9360,81.0330,78.4930,79.5990,645400
80.7050,82.6940,78.9360,82.6940,1050200
79.8200,83.8000,79.8200,83.1370,376100
83.1370,83.1370,83.1370,83.1370,0
86.6740,100.6040,86.5680,100.1620,7391800
99.7200,104.3630,96.2970,100.8250,3796200
100.6040,102.6740,94.6340,97.7300,2521100
98.6140,102.1870,97.9510,101.2680,1995700
100.8250,104.1420,100.6040,103.7000,1393500
104.3630,112.3230,103.3680,110.5540,3380800
111.4390,112.9860,109.0060,109.0060,2261100
108.7850,112.5110,108.7850,111.8810,1463200
111.2170,114.6140,102.7000,105.2480,3937900
104.5840,108.4580,103.7000,107.9010,1713400
107.2370,108.3430,104.8050,107.9010,1371700
107.4590,108.8520,105.2480,105.6900,1129700
107.9010,107.9010,105.2480,106.3530,1113600
104.5840,112.1020,104.5840,112.1020,1807300
112.3230,116.3030,110.5540,114.7550,1495300
116.7450,117.6300,114.2020,115.4180,1879100
115.1970,115.1970,111.8280,113.2070,1382600
115.8610,115.8610,111.2170,111.8810,1263800
113.8710,116.0820,111.5180,114.9760,1759100
115.4180,115.8060,111.8810,114.5340,1104700
113.2070,113.2070,107.3680,108.3430,2589100
110.1120,116.7450,109.4490,114.0920,2506500
113.2070,118.2930,113.2070,118.0720,3306200
117.1870,123.6000,115.1660,119.1770,2541500
118.5140,120.5920,118.2930,119.3980,1529000
122.0520,131.8360,121.7760,127.1370,4502100
129.5690,131.3380,122.0520,122.7150,4005300
123.6000,130.7900,122.6050,128.6850,2290500
128.2430,131.1080,127.8010,130.0120,1505500
129.7910,134.5970,126.9960,132.6650,2301100
132.2230,136.2030,130.6750,131.1170,1754900
131.5590,133.7260,126.0320,127.5790,2216000
128.6850,132.0020,126.9160,131.1170,1406600
132.6650,133.1960,128.9060,131.7810,2324700
131.1170,131.9470,129.3480,130.8960,550700
131.5590,132.2230,128.0220,129.5690,920700
128.2430,128.2430,122.2730,124.2630,1345400
124.2630,127.9160,122.0520,123.8210,1049700
126.4740,127.3580,121.9970,122.0520,703200
118.5140,120.5040,111.9360,116.5240,2488500
116.5240,119.1770,115.6570,118.9560,1891500
120.7250,123.1570,117.6300,120.9460,1012900
121.3880,122.4940,114.9760,115.6400,1509100
115.8610,116.4130,110.1120,114.3130,2197400
114.5340,117.4080,114.5340,116.3030,790500
117.1870,122.1070,116.3030,121.1670,1275500
121.6100,124.4840,120.3930,123.3780,1242600
124.7050,126.2530,122.7150,125.1470,1417800
124.0420,126.0320,120.2830,122.0520,1056300
121.3880,125.4040,121.3880,124.4840,966100
125.1470,127.8010,123.1570,127.8010,1092300
129.3480,130.8960,126.9160,129.3480,1422200
130.0120,130.8960,127.2520,130.6750,793200
127.5790,129.3390,123.8210,127.8010,988700
126.9160,132.8860,126.9160,127.8010,1840800
128.0220,129.2350,123.8210,124.9260,1343800
123.8210,132.8860,117.6300,128.2430,4827800
129.1270,129.5690,122.2730,123.3780,1494100
124.2630,128.4640,124.2630,125.3680,1331400
124.7050,127.3580,123.3780,124.7050,1026300
126.0320,126.2530,120.9460,122.0520,1306500
121.3880,123.3780,114.5340,115.4180,2239300
115.4180,115.4180,115.4180,115.4180,0
115.4180,115.4180,115.4180,115.4180,0
116.9660,120.7030,114.8380,119.3980,1521900
121.1670,121.1670,115.8610,117.4080,943900
119.1770,119.1770,112.3230,115.6400,1287000
116.7450,116.7450,105.4010,107.2370,1948000
109.2270,114.3690,107.9010,113.2070,1901400
114.7550,118.0720,114.1580,117.4080,1491200
118.5140,123.8210,117.6300,120.5040,1414800
121.8310,127.8010,121.1670,125.8110,1244300
127.1370,127.1370,123.8210,124.7050,1230100
124.0420,125.1870,118.6800,119.8410,1427100
119.3980,125.0940,118.0720,124.2630,1137600
124.9260,126.2110,119.6200,120.0620,1928000
122.4940,122.4940,118.5140,119.8410,1016900
119.3980,123.6000,118.7350,119.3980,790300
122.0520,122.0520,115.8610,116.7450,1520300
119.1770,122.2730,115.1490,121.8310,1476400
122.0520,127.0720,121.1670,123.1570,1284100
125.5890,132.0020,123.3780,131.1170,1618800
131.3380,133.1070,128.5740,131.7810,1601800
130.2330,132.2230,127.1370,127.8010,997200
128.2430,129.3480,126.2530,127.8010,922200
130.8960,130.8960,126.2530,126.6950,582100
128.2430,128.9060,126.2530,128.0220,720700
128.2430,132.6650,126.8060,131.5590,2025300
131.5590,131.5590,131.5590,131.5590,0
132.6650,132.6650,130.7860,131.5590,948200
132.2230,132.9310,129.7910,132.6650,1752600
132.6650,132.8860,130.8960,131.7810,881100
132.6650,151.2380,130.8960,147.4790,5151600
149.6900,150.4600,141.7300,148.8060,1780000
150.3540,150.3540,144.0480,145.0470,1586100
146.5950,156.4960,144.8260,155.2180,2041400
154.3340,161.9260,152.5650,158.0920,2425100
157.4290,158.0920,145.0470,150.1320,2961500
147.7000,147.7000,137.7500,138.1930,4170800
138.6350,144.6050,136.3990,143.9410,2487400
142.3940,146.1530,140.1560,143.2780,1762200
141.5090,141.5090,133.1070,136.4240,2290400
135.3180,140.5140,134.8760,134.8760,1416800
134.8760,134.8760,134.8760,134.8760,0
138.4140,143.4990,136.6450,142.3940,2010300
141.5090,142.3940,136.1480,139.5190,874000
140.8460,142.8360,139.0770,141.5090,831500
143.2780,143.7200,139.1070,141.2880,1204300
142.1730,145.1030,138.4140,142.6150,1223100
142.3940,145.7190,139.9620,139.9620,733000
139.7400,140.6250,135.3180,135.3180,982100
135.3180,137.8260,128.6850,128.9060,1187200
128.2430,135.2610,127.5790,132.6650,1363000
130.8960,135.0970,130.0120,130.0120,629300
128.2430,130.7860,123.1570,124.7050,1777500
123.8210,129.3520,122.4940,124.2630,944800
121.3880,123.5770,115.7500,122.9360,1393700
121.6100,126.8100,121.6100,126.0320,682300
128.2430,133.5490,128.2430,129.3480,1964200
128.2430,129.8510,126.0320,127.3580,1107800
126.4740,128.4640,125.3680,126.4740,1209400
125.5890,128.2430,122.0620,123.8210,1290700
125.1470,129.5690,123.1570,123.3780,1666000
123.8210,123.8210,114.7550,119.8410,1733900
119.8410,124.2630,119.6200,123.3780,1379100
121.6100,126.4740,121.6100,123.3780,869100
122.0520,127.3580,122.0520,126.9160,1484900
127.1370,130.2330,122.7150,124.0420,906000
122.9360,127.8560,122.9360,126.4740,983600
123.8210,127.8010,123.8210,126.4740,684000
124.9260,126.9160,123.1570,126.4740,811500
126.2530,129.7910,124.7050,128.9060,664800
127.3580,128.3530,120.2830,121.6100,2066200
122.0520,123.9380,121.2750,122.0520,771200
121.6100,125.1470,121.1670,121.8310,829600
121.1670,123.6000,120.5040,121.3880,724500
122.7150,125.5890,122.7150,125.5890,1838000
124.4840,128.0220,124.4840,124.4840,1046100
123.8210,125.8110,123.6000,123.8210,685400
123.3780,125.1470,123.3780,124.2630,891400
122.4940,128.2430,122.4940,127.3580,1410100
126.4740,129.3480,126.4740,128.4640,587600
129.7910,135.8160,128.2430,130.0120,1598000
130.2330,131.1170,128.0220,130.2330,810600
130.0120,132.2230,129.7910,131.7810,571300
132.0020,132.6650,130.1770,131.3380,647200
128.6850,132.4440,127.8010,132.4440,639400
132.6650,134.6020,130.3670,131.7810,953200
130.6750,133.2620,130.6750,132.4440,877300
131.5590,132.6650,129.3480,129.5690,222800
131.1170,131.1170,127.5790,128.0220,493600
128.0220,131.1170,127.4160,129.5690,693100
131.3380,131.3380,127.8870,130.0120,323800
130.4540,130.6750,126.6950,126.6950,531900
126.4740,127.5790,121.9410,123.8210,1073600
123.8210,124.0420,122.2730,122.4940,557400
122.9360,123.5550,122.0520,122.0520,271900
122.0520,124.2630,122.0520,123.3780,279700
122.9360,125.5890,122.9360,123.6000,411300
123.3780,125.3680,122.2730,124.0420,322400
123.3780,125.1470,122.7150,124.7050,549400
122.9360,124.7050,120.7250,121.1670,485200
120.5040,122.2730,120.5040,120.9460,194200
121.1670,124.4840,121.1670,123.6000,378700
121.8310,125.6870,121.0010,124.9260,381500
124.0420,124.7050,122.0520,123.3780,436500
122.4940,124.2630,122.4940,123.3780,179300
122.7150,123.8210,122.2730,122.2730,191500
122.2730,122.2730,122.2730,122.2730,0
122.0520,125.5890,120.5840,124.9260,761300
123.8210,123.8210,118.4590,119.3980,1587500
124.9260,132.6650,122.9360,126.2530,1601900
130.0120,133.1070,126.6950,130.8960,1700700
132.6650,132.6650,128.6850,129.3480,868500
132.2230,132.2230,126.7950,129.1270,667400
128.2430,128.4290,126.5840,127.3580,383500
126.4740,127.1370,122.7150,122.7150,1101000
122.0520,124.8710,122.0520,123.3780,557500
123.3780,125.1470,120.9460,122.9360,591400
124.4840,126.3680,122.7150,124.7050,1015000
125.5890,125.9250,123.8210,124.9260,690300
124.7050,126.0320,123.8210,124.0420,655800
127.3580,127.8010,125.4020,127.3580,1541600
129.5690,129.5690,125.8110,126.9160,359700
127.1370,128.2430,126.9160,127.5790,544300
127.1370,128.2430,126.2530,128.2430,323500
129.1270,129.1270,126.9160,127.3580,165100
126.9160,128.0220,126.6950,126.9160,219400
125.8110,127.2480,125.8110,126.2530,354500
126.2530,126.2530,124.5100,125.3680,154500
126.0320,126.9710,125.1470,125.8110,65300
129.1270,129.5690,126.6880,127.3580,487100
128.4640,128.4640,123.8210,125.8110,361900
123.8210,124.7050,122.7430,123.3780,617800
125.1470,126.4740,124.0420,126.0320,285100
125.8110,127.1370,124.4930,127.1370,323100
127.5790,128.2430,125.5890,126.4740,394900
126.4740,127.1370,124.8730,127.1370,276800
125.5890,126.6950,125.5890,126.0320,283900
126.0320,127.5790,126.0320,127.5790,598000
125.8110,126.8940,125.3680,125.5890,1648400
124.9260,127.8010,124.9260,127.1370,822700
125.8110,130.4540,125.8110,130.4540,564400
128.2430,131.7810,127.3580,131.7810,330800
129.7910,138.1930,129.7910,137.9720,1088900
135.9820,136.5900,132.6650,135.0970,625700
134.2130,136.2030,131.7810,132.6650,432900
131.7810,137.9720,131.7810,136.4240,362600
133.5490,137.0870,133.5490,135.7600,566300
135.5390,144.3840,135.5390,141.7300,1090000
139.9620,147.0370,139.9620,146.5950,924700
145.4890,147.4240,143.7200,145.9310,505600
145.2680,145.9310,143.4990,145.4890,340500
145.0470,145.2680,143.2780,145.0470,432900
143.7200,145.4890,143.4280,144.8260,275000
146.8160,146.8160,144.1630,144.6050,479600
142.1730,145.4890,141.7300,145.0470,264500
147.4790,147.4790,142.8360,143.4990,373100
142.3940,145.3230,142.3940,142.8360,192800
143.2780,143.4990,138.4140,141.5090,432100
141.5090,143.9970,141.5090,142.6150,195400
145.0470,145.0470,142.6150,142.6150,289000
141.5090,144.6050,139.7400,141.0670,308300
139.7400,142.3940,139.7400,141.5090,178400
141.2880,142.3940,138.8560,142.3940,328800
139.7400,141.7300,138.1970,140.8460,347000
144.3840,144.3840,133.8910,133.9920,709400
135.7600,136.2030,134.6550,135.3180,277700
134.8760,136.3710,130.4540,133.7700,541200
132.6650,134.4340,130.8870,131.3380,225700
130.4540,131.1170,126.6950,129.5690,803900
128.2430,129.8130,126.0320,129.3480,634100
128.2430,129.5690,126.2530,128.2430,598400
128.2430,129.9560,126.9160,128.2430,183400
127.3580,129.6520,127.3580,129.5690,237300
128.4640,130.6750,128.4640,130.4540,81100
130.4540,131.6700,129.6740,130.4540,983400
130.4540,132.6650,129.3480,131.5590,164400
131.5590,133.7700,128.4640,132.2230,370900
131.1170,135.0970,129.5690,135.0970,302600
135.9820,135.9820,129.4590,129.5690,290800
128.9060,129.9560,127.3580,128.2430,221800
128.9060,130.6750,128.2430,128.2430,59600
128.4640,131.3380,127.5790,128.6850,89000
128.2430,130.1220,127.3580,128.2430,259400
128.2430,129.3480,125.1470,125.1470,461100
124.9260,125.5890,120.8670,122.9360,377700
122.0520,123.3340,117.4080,122.0520,899300
121.6100,121.8310,120.0620,121.6100,542600
122.0520,122.4390,119.3980,119.3980,278100
119.3980,122.0430,119.3980,119.3980,374900
119.3980,122.9360,119.3980,121.6100,355500
123.8210,123.8210,119.6200,119.8410,336900
120.2830,120.2830,116.9660,118.0720,311600
117.6300,119.3980,117.6300,117.6300,130300
117.6300,117.6300,117.6300,117.6300,0
117.6300,117.6300,117.6300,117.6300,0
117.6300,121.9530,117.6300,118.5140,217700
119.6200,122.9360,119.3980,122.0520,192400
125.3680,126.4740,122.4940,124.0420,163800
124.0420,124.0420,124.0420,124.0420,0
126.2530,126.4740,123.3780,124.7050,152800
123.8210,124.7050,123.5440,124.2630,127900
124.2630,124.2630,120.9460,121.1670,205200
120.9460,122.9360,120.9460,122.0520,1019000
122.0520,123.7590,119.3980,120.5040,190900
121.1670,122.0520,114.3440,116.5240,336700
116.5240,119.8410,115.5250,119.3980,354100
119.3980,122.7420,118.2380,120.7250,291800
120.7250,124.0420,119.7640,122.4940,499300
122.4940,124.2630,122.0520,124.2630,394100
130.0120,138.6350,129.3480,136.4240,1245300
134.4340,137.8260,134.4340,136.6450,324500
133.9920,138.7760,133.9920,137.0870,333500
140.6250,140.6250,137.0870,139.2980,351500
139.7400,141.0670,136.2030,140.1830,200900
140.6250,140.6250,137.3080,138.6350,297700
137.5290,138.4140,130.4540,133.1070,518700
130.0120,133.1070,128.2430,131.7810,226300
134.4340,135.3180,131.5590,135.3180,171500
131.7810,136.8660,130.8960,130.8960,252400
134.8760,134.8760,129.1270,130.4540,96100
133.1070,133.1070,125.8110,126.6950,212300
129.7910,129.7910,122.7150,125.5890,270400
123.8210,128.2430,123.0470,125.8110,211800
126.4740,126.9160,125.5890,126.0320,157700
127.1370,127.8010,126.4740,127.1370,220000
126.6950,128.9060,125.8110,128.6850,119400
128.4640,128.4640,126.2530,127.5790,174600
126.4740,128.4640,126.0320,126.9160,244200
125.5890,126.6950,125.1470,125.5890,196400
126.0320,128.2430,124.9260,126.2530,151800
126.6950,127.1370,124.7050,124.9260,173100
126.6950,126.6950,123.6440,124.7050,268700
125.5890,128.2430,123.7650,128.2430,311200
124.9260,127.5790,124.4840,124.9260,154600
126.0320,127.8010,124.7050,127.8010,90400
129.5690,129.5690,125.3680,126.0320,513500
124.4840,125.5890,122.7150,123.8210,269900
122.9360,127.1370,122.0520,126.4740,539500
123.6000,127.3580,123.2190,124.9260,111800
123.8210,124.4840,122.6250,124.0420,144700
126.4740,127.1370,124.4290,127.1370,57600
123.8210,126.4740,123.3780,124.2630,169100
124.4840,126.9160,123.8760,125.1470,129300
127.1370,127.1830,123.8450,125.1470,213800
126.4740,129.3480,125.9210,129.3480,937700
130.0120,130.7720,127.5790,128.6850,327500
127.3580,127.3580,126.0320,126.4740,139700
127.3580,129.5140,122.7150,122.9360,546300
123.8210,123.8210,119.6200,120.2830,350700
120.2830,120.5040,115.4180,116.9660,627400
118.5140,118.5140,110.9960,113.2070,582100
113.6500,115.8610,113.4290,114.0920,251300
114.9760,115.4180,113.0420,114.0920,163800
112.7650,114.9760,110.7750,113.6500,157700
111.4390,116.0820,111.4390,113.8710,185600
112.3230,125.1470,112.3230,122.4940,876400
122.4940,130.8960,121.3880,127.8010,938300
128.2430,131.7810,126.4740,131.7810,689900
128.2430,128.2430,117.1870,122.9360,3395600
123.6000,123.6000,117.6300,118.9560,747300
117.1870,121.8310,117.1870,120.2830,599000
122.7150,124.0420,120.2830,122.9360,778700
125.5890,125.5890,123.1570,123.8210,1338600
125.5890,127.8010,123.6000,125.5890,735300
126.0320,126.6950,123.1570,126.4740,640700
127.5790,127.5790,124.2630,124.9260,396800
125.3680,125.5890,122.0520,125.5890,656200
126.2530,126.2530,123.5440,124.4840,329800
124.7050,128.9060,124.7050,125.8110,425200
127.8010,127.8010,125.1470,127.5790,718000
124.0420,127.3580,123.9860,127.1370,513400
128.2430,128.2430,124.7050,126.9160,540600
125.1470,133.3280,125.1470,127.3580,869400
128.6850,129.1270,124.0420,124.7050,273100
124.4840,125.5890,123.6000,123.8210,448200
123.8210,123.8210,123.8210,123.8210,0
123.8210,123.8210,123.8210,123.8210,0
127.1370,129.3480,124.9260,128.0220,811500
128.4640,128.9060,126.9500,127.3580,307000
128.6850,129.7910,126.9500,128.2430,611400
127.3580,129.7910,127.3580,128.2430,294600
130.2330,130.2330,126.0760,127.3580,396500
129.1270,135.3180,127.3580,135.3180,852200
135.3180,136.2030,132.7710,135.7600,801400
132.8860,135.3180,132.4440,134.2130,340800
134.8760,137.2530,134.3630,136.6450,493100
136.6450,136.6450,136.6450,136.6450,0
138.4140,138.4140,134.1910,136.2030,150500
134.2130,135.0970,132.8860,133.1070,645600
135.7600,135.7600,133.9920,135.3180,276900
134.4340,134.6550,132.8860,134.4340,310100
133.3280,136.4240,132.8860,135.7600,264200
134.4340,137.3080,133.9920,134.8760,222300
136.2030,137.7500,132.3820,134.4340,238800
132.6650,133.9920,128.6850,129.1270,256800
126.4740,128.0220,116.9660,127.3580,903900
126.4740,129.7910,126.4740,129.7910,451000
128.4640,132.6650,128.2430,130.8960,279400
132.4440,132.8860,129.3480,132.2230,404200
130.8960,131.5590,128.2430,128.2430,90300
130.0120,130.2330,127.5790,128.2430,151600
128.2430,128.2430,128.2430,128.2430,0
130.2330,138.1930,128.9060,138.1930,562500
138.6350,140.1830,135.3180,139.5190,581200
136.8660,145.9310,136.3130,145.9310,474000
143.2780,146.8160,143.2780,146.5950,556600
144.8260,148.5850,144.8260,147.7000,219700
148.5850,149.2480,145.2340,148.3640,189500
146.8160,148.5850,146.8160,147.2580,2933100
149.4690,154.8850,146.3740,152.5650,727400
150.7960,153.8910,147.9210,148.1430,341600
152.1220,154.1120,147.2200,153.8910,353900
149.9110,153.8910,149.9110,151.2380,239300
151.0000,152.1300,145.5000,149.0000,1126000
150.0000,156.0000,145.2500,153.0000,401400
152.0000,154.6250,150.7500,151.7500,423300
153.2500,153.2500,147.5000,147.5000,1137700
149.7500,149.7500,145.7500,146.0000,1279400
148.0000,148.0000,145.7500,146.0000,1530300
147.2500,157.0000,145.7500,155.0000,825000
156.2500,156.2500,147.2500,147.2500,1000200
147.2500,151.7500,147.0000,151.2500,606400
151.2500,156.5000,151.2500,156.5000,361600
157.0000,157.0000,150.2500,150.2500,125100
149.0000,154.0000,149.0000,153.5000,316000
155.0000,156.6250,151.5000,155.5000,381200
159.7500,166.0000,155.2500,155.5000,688500
158.0000,158.0000,153.0000,156.7500,579700
158.0000,158.0000,155.0000,156.0000,443500
157.5000,157.7500,154.5000,155.7500,333500
155.5000,156.2500,153.9710,155.5000,133800
155.7500,155.7500,151.2500,155.0000,255700
156.5000,156.5000,153.5900,156.0000,361800
156.0000,156.2500,153.4150,155.5000,219400
156.7500,156.7500,152.5000,154.7500,414300
155.7500,155.7500,152.7500,154.5000,169900
151.2500,155.2500,151.2500,153.7500,246600
155.0000,155.0000,149.2500,151.2500,216600
153.2500,153.2500,146.2500,146.7500,503100
147.7500,149.2500,146.8750,148.2500,176000
148.0000,149.5000,147.7500,148.7500,118800
148.5000,149.7500,147.0000,148.5000,231000
147.7500,150.0630,147.7500,148.7500,68700
148.0000,149.8750,148.0000,148.0000,371600
148.0000,150.0000,148.0000,150.0000,219500
148.2500,150.0000,148.0000,149.0000,97900
148.2500,148.8130,147.7500,148.2500,214400
147.5000,150.0000,147.5000,149.5000,102000
147.5000,152.2500,147.5000,151.7500,98100
151.5000,153.6500,150.1250,151.7500,283900
151.0000,152.7500,147.7500,151.7500,234700
152.2500,154.1250,151.5000,152.0000,154600
151.5000,154.0000,151.5000,151.7500,120600
150.5000,153.7500,149.5000,151.0000,139100
151.0000,152.5000,148.5000,148.7500,143900
146.0000,148.7500,146.0000,148.0000,76200
147.2500,150.0000,147.2500,148.0000,38500
148.7500,150.2500,148.0000,148.0000,66000
147.0000,149.7500,147.0000,148.2500,23200
147.5000,151.2500,147.5000,150.0000,56800
147.7500,152.2500,147.7500,149.5000,95400
150.0000,151.2500,148.2000,150.0000,67400
150.0000,154.2500,150.0000,150.0000,180300
147.2500,152.5000,147.2500,152.0000,111300
147.5000,152.0000,147.5000,150.0000,213300
150.5000,153.9900,150.0000,150.0000,386700
150.0000,150.0000,150.0000,150.0000,0
150.0000,153.7500,149.7500,152.7500,1640900
153.2500,157.5000,153.2500,156.2500,501400
161.0000,164.2500,153.0000,155.0000,567400
155.2500,160.0000,153.3750,159.0000,349200
158.5000,161.0000,158.0000,160.2500,580100
161.5000,170.5000,160.6500,170.0000,1613300
171.2500,173.4380,167.5000,172.0000,1884600
170.2500,178.0000,170.2500,172.0000,594200
171.2500,178.0000,168.7500,178.0000,876300
174.0000,176.0000,165.2500,171.0000,1246700
168.0000,173.0000,168.0000,172.5000,653600
168.0000,172.0000,168.0000,169.5000,216800
167.0000,170.0000,165.2500,166.5000,207300
165.2500,169.2500,164.0000,168.2500,886600
169.5000,171.9640,165.4000,171.7500,226600
172.0000,172.0000,166.5000,167.0000,165000
171.5000,171.5000,165.0000,165.0000,195900
167.0000,171.5000,163.6000,170.0000,300000
169.7500,170.7500,163.7500,163.7500,996900
165.0000,166.2500,163.7500,165.5000,636300
166.5000,166.5000,159.5000,162.2500,436200
162.5000,165.0000,161.7500,165.0000,163500
163.0000,166.2500,162.0000,162.5000,191100
162.7500,164.3130,161.0000,162.0000,178900
163.2500,167.7500,163.2500,167.0000,136300
169.5000,169.5000,161.7500,163.2500,306500
163.0000,163.5000,160.0000,160.0000,242500
161.5000,161.5000,156.0000,157.2500,149300
158.5000,164.7500,157.7500,163.7500,594300
161.2500,163.7500,158.5000,162.0000,240400
164.0000,164.0000,158.2500,162.0000,250600
158.0000,161.5000,157.1000,159.5000,375400
159.2500,162.2500,156.0000,157.0000,192700
156.0000,156.0000,140.1880,148.0000,1008500
143.5000,147.2500,143.5000,146.5000,618100
147.0000,150.7500,144.7000,150.2500,258800
151.5000,151.5000,147.0000,148.7500,545900
145.0000,149.0000,141.0000,143.2500,417100
141.0000,147.5000,141.0000,144.7500,253400
142.2500,143.2500,137.0000,137.0000,242100
143.0000,151.7500,141.7500,151.2500,664900
151.5000,152.0000,148.8200,150.5000,124000
151.5000,154.7500,146.0000,154.0000,256100
151.0000,155.0000,150.0000,154.5000,182700
155.0000,155.0000,150.2500,153.5000,174800
153.0000,157.2500,149.4900,157.0000,394500
154.0000,156.7500,153.7500,156.0000,267100
157.0000,157.5000,150.5000,150.7500,275200
151.7500,152.0000,146.0000,146.7500,137700
149.0000,149.0000,145.0000,145.0000,157700
144.5000,145.5000,140.6250,143.7500,560800
144.7500,144.7500,140.0000,140.0000,359800
143.0000,143.0000,138.0000,140.0000,291900
142.2500,142.2500,138.0000,139.2500,144600
140.5000,144.7500,140.5000,144.5000,189200
145.0000,145.0000,140.7400,142.0000,214100
143.7500,150.5900,141.7500,143.7500,443500
144.7500,148.5000,143.6500,147.0000,1114900
143.0000,147.7500,143.0000,145.2500,547700
146.7500,146.7500,144.0000,144.0000,188500
144.7500,144.7500,140.1100,141.2500,146100
143.0000,143.0000,138.0000,138.0000,159100
142.0000,142.0000,139.2410,140.0000,137500
142.0000,144.7500,139.5000,144.7500,216100
142.0000,144.1750,141.7500,143.5000,162500
142.0000,143.5000,139.3050,141.5000,1064400
138.5000,141.0000,138.5000,140.0000,515900
138.0000,139.2500,132.7500,133.2500,347400
138.0000,138.0000,118.3500,119.5000,1247700
120.0000,123.7500,115.0000,120.2500,1121900
118.0000,131.0000,118.0000,129.5000,1225700
129.0000,130.0000,126.2500,127.5000,194700
126.0000,127.7500,124.0000,124.5000,194800
127.7500,127.7500,122.0000,124.2500,459400
121.0000,125.0000,120.5000,121.5000,244100
122.0000,125.2500,116.0000,124.5000,2166600
121.0000,130.0000,121.0000,128.5000,914700
127.7500,127.7500,122.2500,122.2500,862200
121.2500,121.5000,117.7500,120.2500,214000
115.0000,121.0000,115.0000,115.7500,89200
121.0000,121.5000,116.2500,119.0000,429800
121.0000,122.7500,117.3000,119.0000,262700
123.0000,125.0000,121.0000,122.2500,220600
126.0000,126.0000,120.7500,124.7500,216800
127.0000,127.0000,121.5000,122.2500,242600
125.0000,125.0000,121.7500,125.0000,90200
128.0000,128.0000,122.2500,122.2500,46000
122.2500,122.2500,122.2500,122.2500,0
122.2500,122.2500,122.2500,122.2500,0
127.0000,127.0000,121.2500,121.7500,128600
125.0000,125.0000,119.2500,122.5000,209700
123.0000,123.0000,121.0000,121.0000,16300
121.0000,121.0000,121.0000,121.0000,0
124.0000,125.0000,122.2500,125.0000,173600
121.5000,125.0000,119.7500,119.7500,253200
121.7500,121.7500,119.5400,120.7500,578200
118.0000,122.0000,114.5000,115.7500,178900
118.0000,118.0000,112.2500,113.0000,185600
115.5000,116.2500,112.5000,112.5000,246800
105.7500,105.7500,95.0000,95.2500,2191000
98.7500,101.7500,93.5000,100.5000,1145300
99.5000,102.5000,96.7500,100.5000,450900
102.7500,103.7500,97.0000,100.7500,651300
101.5000,101.5000,98.0000,100.0000,1277800
102.0000,102.0000,99.0000,100.0000,143300
103.0000,104.8690,99.7500,103.2500,1110300
104.0000,109.0000,102.2500,106.2500,586400
109.7500,109.7500,105.1880,105.2500,266000
110.0000,110.0000,103.0000,104.5000,188900
107.0000,113.5000,104.5000,113.5000,391600
113.7500,113.7500,108.1100,109.7500,187800
112.0000,113.7500,109.0000,109.2500,155300
108.0000,111.0630,108.0000,109.5000,168500
106.2500,109.0000,106.2500,109.0000,70900
111.2500,117.5000,110.3130,116.0000,360100
113.0000,118.0000,113.0000,113.5000,122600
118.0000,118.0000,111.0000,112.5000,117800
114.0000,114.0000,106.0000,112.7500,211200
113.5000,113.7500,110.0000,111.7500,82900
109.0000,117.7500,109.0000,114.2500,250900
119.0000,119.0000,112.7500,113.2500,128800
112.0000,113.2500,109.0000,109.0000,231100
109.0000,112.2500,108.5000,110.2500,245300
113.0000,113.0000,109.7500,112.0000,377400
108.2500,113.6050,108.2500,113.5000,70500
114.0000,117.7500,111.7500,114.5000,99900
118.0000,118.0000,113.2500,114.0000,65700
117.0000,117.0000,112.5000,112.5000,22400
113.0000,117.0000,113.0000,113.2500,62600
118.0000,118.0000,113.0000,114.0000,73000
118.0000,118.0000,112.6880,117.0000,180000
117.0000,117.0000,111.0000,114.0000,93200
114.5000,115.0000,110.0000,111.7500,120100
115.0000,115.0000,108.5000,108.5000,104700
112.0000,113.5000,107.5000,108.0000,170200
113.7500,113.7500,105.3500,105.7500,557300
109.7500,109.7500,101.0000,103.0000,177500
101.0000,106.7500,101.0000,105.7500,423900
108.0000,109.5000,105.7710,108.5000,200500
110.0000,110.0000,106.6880,107.2500,90900
109.0000,109.7500,106.7500,107.0000,106700
110.0000,110.0000,106.0000,106.5000,227800
110.0000,110.0000,106.9400,108.0000,334500
107.0000,109.2500,104.0000,105.0000,507300
101.7500,105.9380,101.0000,102.0000,233000
102.7500,102.7500,99.8700,101.5000,174800
99.7500,102.7500,99.7500,102.0000,495500
108.7500,119.2500,107.9560,118.0000,1271900
117.5000,122.0000,116.5000,122.0000,800900
120.0000,128.2500,120.0000,128.2500,543600
128.2500,128.2500,123.7500,123.7500,212100
120.0000,128.0000,120.0000,122.7500,231400
128.2500,128.2500,121.7500,126.0000,187600
128.2500,128.2500,121.5000,122.0000,159300
120.0000,123.0000,119.0000,120.0000,95900
119.0000,121.0000,118.7500,119.5000,62000
119.0000,121.7500,118.5000,118.7500,212100
116.7500,118.7500,112.0000,114.0000,571700
114.0000,114.0000,114.0000,114.0000,0
114.0000,114.0000,114.0000,114.0000,0
112.0000,121.2500,112.0000,120.5000,708500
124.5000,125.0000,119.0000,123.7500,174600
125.0000,125.0000,117.5000,120.0000,265400
118.7500,123.5000,112.7500,114.5000,299300
117.5000,125.0000,115.7500,122.2500,620200
124.0000,125.1500,120.0000,125.0000,331500
126.0000,133.0000,122.6750,129.5000,420200
133.0000,133.0000,126.8000,128.0000,143800
132.0000,135.0000,128.6250,131.0000,261900
132.5000,135.0000,127.6000,135.0000,213000
131.2500,135.0000,131.0000,132.0000,244300
133.0000,133.0000,128.0000,130.5000,342000
133.0000,133.7060,128.2500,130.0000,312200
134.0000,134.0000,127.0000,129.0000,104000
127.0000,132.0000,125.0000,130.7500,282100
126.2500,137.7500,126.2500,133.7500,264000
138.0000,145.0000,132.0000,145.0000,782700
144.7500,144.7500,137.5000,140.7500,621300
141.0000,142.0000,137.0000,139.2500,49200
139.2500,139.2500,139.2500,139.2500,0
141.5000,141.7500,137.5000,138.0000,312300
141.5000,145.7500,137.8440,145.5000,426600
146.0000,146.0000,141.5000,142.5000,196700
140.0000,145.5000,140.0000,145.2500,251300
142.0000,154.0000,142.0000,144.7500,1080900
143.5000,153.5000,143.5000,153.0000,435200
151.0000,153.1250,149.2500,150.0000,258500
145.5000,153.0000,145.5000,152.7500,497900
152.0000,153.0000,149.4000,150.5000,107400
154.0000,154.0000,147.5000,150.2500,212700
154.0000,154.0000,146.2500,147.2500,484100
151.0000,152.7500,147.5000,150.7500,189300
146.0000,153.5000,146.0000,149.2500,100600
146.0000,151.5000,146.0000,149.0000,124200
149.0000,149.0000,149.0000,149.0000,0
151.0000,151.0000,147.7500,151.0000,143600
147.0000,159.7500,147.0000,156.0000,367700
155.5000,159.0000,152.2500,159.0000,336000
157.0000,163.0000,152.2500,152.5000,325600
160.5000,165.0000,158.5000,161.0000,719400
160.7500,166.7500,159.0000,165.0000,610000
167.0000,167.0000,162.5000,163.0000,127400
166.7500,166.7500,160.2500,161.2500,368400
158.0000,163.3640,155.8130,160.5000,325400
159.0000,162.0000,159.0000,160.7500,287100
159.5000,160.2500,155.0000,155.0000,368300
155.0000,155.1250,153.0000,153.0000,182200
156.5000,156.5000,152.2500,153.5000,176800
153.0000,153.0000,147.5000,150.0000,622600
150.0000,150.2730,146.7500,148.5000,235400
147.5000,149.5450,147.5000,148.2500,187500
147.0000,155.0000,147.0000,154.0000,168700
148.7500,155.5000,148.7500,155.5000,88600
156.5000,156.5000,152.0000,153.2500,372600
153.2500,157.5000,152.0000,152.7500,230000
150.0000,157.0000,150.0000,153.5000,201000
154.2500,154.2500,150.2500,152.5000,317800
154.0000,154.0000,150.8750,153.0000,227300
150.5000,153.0000,149.0000,152.0000,418200
145.0000,154.0000,143.2500,151.5000,398700
148.0000,151.7500,148.0000,151.0000,27500
152.0000,153.2500,150.2500,150.2500,217500
148.0000,151.7500,146.5000,151.0000,131200
145.5000,151.0000,145.5000,149.5000,20200
145.0000,149.0630,145.0000,148.2500,323900
147.0000,148.5000,145.7500,148.0000,379600
150.0000,150.0000,146.2500,148.5000,213500
149.0000,149.5000,147.0000,147.0000,232300
150.0000,150.0000,146.5000,147.2500,230300
146.0000,151.0000,146.0000,150.5000,1944300
150.0000,151.5000,149.0000,149.0000,191600
151.0000,151.2500,147.0000,150.5000,697300
152.2500,154.0000,149.5000,152.5000,143100
154.2500,154.2500,152.0000,152.5000,168100
147.2500,154.2500,147.2500,152.5000,1222200
151.2500,154.0000,151.2500,152.5000,177400
151.2500,153.0000,149.0000,151.5000,279600
147.5000,151.0000,147.5000,148.0000,306400
145.5000,154.2500,145.5000,147.0000,264100
145.0000,150.5000,145.0000,148.2500,276800
145.2500,151.2500,145.2500,151.2500,513900
152.0000,152.0000,146.7500,149.7500,339800
152.0000,152.0000,149.0000,151.5000,359700
152.0000,152.0000,144.7500,146.0000,240800
150.0000,150.0000,145.5000,146.7500,436700
144.5000,146.5130,144.5000,146.2500,122700
148.0000,148.0000,143.7500,144.5000,152900
144.0000,144.7500,140.0000,143.5000,101100
142.0000,147.0000,142.0000,142.7500,78600
141.2500,141.3250,138.2500,139.2500,157000
143.0000,143.0000,133.7500,134.0000,116800
133.7500,136.5000,131.5000,133.0000,352600
139.0000,139.0000,132.5000,133.2500,107400
134.5000,134.5000,126.0000,130.5000,805300
129.5000,130.9860,128.0000,128.7500,155700
127.0000,128.5000,122.2500,126.0000,428000
125.5000,126.5000,123.0000,123.0000,324600
127.0000,127.0000,120.6750,123.0000,157800
124.0000,124.0000,113.8970,119.0000,805700
117.0000,117.0000,110.5000,112.0000,240700
110.5000,119.7500,108.5990,117.5000,429800
114.2500,129.2500,114.2500,129.2500,321700
125.0000,133.5000,122.2500,133.5000,506800
127.0000,135.0000,127.0000,132.7500,129300
132.7500,132.7500,132.7500,132.7500,0
128.2500,133.0000,126.2500,129.7500,225000
129.7500,135.0000,129.2500,133.7500,533900
135.2500,139.7500,132.7500,138.0000,303000
138.0000,143.0000,136.0000,141.0000,739500
145.0000,145.0000,138.0000,140.0000,332700
140.0000,145.0000,137.5000,139.2500,294200
137.0000,143.0000,127.2500,129.5000,404568
128.2500,131.6900,125.5000,126.2500,92824
125.0000,127.8700,122.2500,122.7500,37645
124.0000,128.0000,120.0000,121.2000,270035
122.0000,126.7500,118.2500,119.0000,491357
124.7500,130.7500,121.7500,128.5000,79027
128.0000,130.2500,128.0000,130.0000,33867
133.0000,133.0000,124.5000,126.5000,350794
126.0000,129.7500,123.2500,124.0000,44421
128.0000,128.0000,121.2500,122.2000,179527
122.7500,124.2500,119.0000,119.5000,72844
121.2500,121.2500,113.4500,116.7500,191304
115.0000,118.2500,111.5000,114.0000,56401
