500.0000,500.0000,500.0000,500.0000,18809200
547.5000,558.0000,480.0000,500.0000,18809200
500.0000,500.0000,471.2500,490.0000,60382700
490.0000,500.0000,478.0000,478.0000,22999300
483.0000,485.5000,471.0000,472.5000,10230200
471.0000,473.2500,457.0000,460.0000,15503100
460.0000,488.0000,459.0000,488.0000,12927700
494.0000,500.0000,484.0000,487.7500,19967700
477.0000,496.7500,477.0000,483.0000,10261400
484.0000,485.0000,469.5000,477.0000,14638500
481.7500,484.2500,465.0000,474.0000,5680500
470.2500,478.2500,465.0000,471.7500,6939800
472.0000,477.0000,457.0000,459.5000,6116500
457.0000,480.2500,447.2500,466.7500,2972500
457.0000,479.7500,457.0000,474.5000,4286000
470.7500,485.0000,450.0000,472.5000,5386100
460.0000,477.0000,458.0000,468.0000,4772900
465.0000,468.7500,459.2500,461.7500,8997000
460.0000,462.0000,447.0000,451.5000,4781100
456.0000,456.0000,438.0000,440.0000,5191000
435.0000,438.5000,410.5000,433.0000,10154700
426.5000,435.5000,412.0000,425.7500,3395400
421.0000,442.0000,421.0000,431.7500,4772600
418.7500,437.0000,408.0000,433.5000,9201400
435.0000,465.0000,435.0000,462.2500,13235900
462.2500,475.0000,456.2500,468.7500,12014200
462.2500,470.2500,450.0000,460.5000,5945400
466.0000,485.0000,453.0000,461.0000,5691900
468.0000,478.0000,457.5000,473.2500,10145900
455.0000,478.0000,455.0000,476.0000,3730100
455.0000,478.0000,441.2500,450.0000,6612900
456.7500,473.5000,456.7500,460.0000,5891900
460.0000,460.0000,439.7500,439.7500,2688500
441.0000,446.0000,425.0000,435.0000,5485700
420.5000,428.7500,402.0000,404.0000,6602500
405.0000,424.7500,390.0000,415.0000,9640800
421.0000,435.7500,421.0000,435.7500,5861900
441.7500,453.2500,432.5000,444.5000,4580800
435.7500,461.0000,435.7500,460.0000,5702200
460.0000,470.0000,454.2500,456.0000,4587200
458.2500,465.0000,453.7500,454.7500,3241000
445.5000,466.7500,445.5000,460.2500,6414100
450.0000,461.7500,440.5000,459.7500,4148200
469.5000,476.0000,465.2500,475.0000,3345800
482.0000,495.0000,468.0000,489.5000,7436800
467.0000,493.0000,467.0000,480.7500,1857800
489.7500,492.5000,463.0000,482.5000,3106800
475.2500,490.0000,475.2500,486.5000,2258900
484.5000,487.7500,462.2500,482.0000,1839500
465.0000,489.0000,460.2500,474.2500,6472500
481.2500,484.5000,469.5000,473.2500,3326700
482.5000,488.5000,478.0000,484.5000,2836700
468.0000,481.0000,468.0000,478.8080,617400
471.0000,492.7500,471.0000,490.0000,2170200
491.0000,491.0000,475.0000,480.2500,2158100
476.0000,491.0000,466.2500,470.0000,3171000
473.5000,482.0000,473.5000,480.7500,2986900
483.0000,492.0000,470.5000,472.0000,3979300
468.5000,481.0000,460.0000,469.2500,2353400
437.0000,479.7500,437.0000,477.7500,4217500
470.0000,483.2500,459.7500,461.0000,2252100
461.0000,469.7500,455.2500,463.7500,4603700
468.2500,470.0000,453.0000,463.7500,3712300
458.5000,475.7500,458.5000,463.2500,4248100
466.5000,468.2500,456.5000,465.0000,3379000
470.0000,470.0000,453.0000,462.0000,3454200
468.2500,469.7500,445.7500,447.2500,3777400
448.0000,459.7500,448.0000,450.0000,3124000
446.0000,450.2500,426.7500,439.0000,4204100
442.0000,442.0000,419.5000,422.5000,8003000
425.0000,435.0000,414.5000,430.7500,7296000
433.5000,452.0000,427.7500,450.7500,4646100
455.0000,457.7500,432.2500,445.0000,5658700
447.5000,453.2500,440.5000,450.0000,3003900
444.2500,450.0000,426.5000,450.0000,5654000
447.5000,458.5000,425.0000,433.0000,4421800
429.2500,439.2500,417.7500,424.0000,3904400
422.5000,451.5000,422.5000,450.0000,2981700
456.7500,456.7500,430.0000,453.2500,2783800
450.7500,460.0000,442.5000,442.5000,1720400
437.7500,444.5000,425.0000,430.2500,2006800
440.0000,448.7500,431.7500,431.7500,1476300
430.0000,445.0000,412.5000,416.2500,1754200
420.0000,443.7500,420.0000,440.0000,3112700
435.0000,450.5000,435.0000,440.5000,1674200
452.0000,452.0000,441.5000,441.5000,1418200
437.7500,441.7500,422.0000,429.0000,1603900
431.0000,449.2500,429.0000,445.7500,1387800
446.5000,448.7500,433.5000,440.0000,1235000
433.2500,445.0000,429.2500,437.0000,1693200
421.0000,434.5000,419.7500,421.0000,2037000
438.0000,438.0000,423.5000,428.0000,646400
432.0000,434.5000,419.0000,420.0000,1085300
414.0000,431.0000,400.0000,406.0000,1796100
405.7500,422.0000,392.0000,398.0000,1906000
399.0000,407.7500,389.2500,396.7500,4330600
392.0000,402.0000,388.0000,395.5000,1283600
405.0000,422.7500,405.0000,416.2500,3976500
410.0000,419.7500,403.0000,405.7500,2156900
403.0000,422.0000,403.0000,412.0000,1663000
410.2500,418.0000,393.2500,393.7500,1789300
399.5000,412.0000,377.2500,393.0000,2170900
386.0000,404.7500,365.7500,367.0000,2497200
373.0000,382.5000,365.2500,376.2500,1125800
365.0000,398.2500,365.0000,394.0000,1337300
400.0000,413.2500,390.7500,392.5000,1740600
389.0000,395.0000,376.2500,382.5000,1254400
388.0000,395.0000,378.5000,394.5000,2128000
394.5000,403.0000,379.7500,388.5000,2587100
395.0000,397.0000,385.0000,388.2500,3632200
389.2500,394.0000,380.0000,383.5000,1674500
384.0000,394.0000,381.0000,384.0000,2374000
383.7500,399.0000,383.7500,397.7500,1342000
397.0000,420.0000,390.2500,417.7500,1529600
419.5000,441.0000,419.5000,438.0000,2003000
428.0000,437.2500,415.0000,415.7500,1393200
415.0000,424.2500,412.0000,415.0000,1006700
410.7500,422.7500,400.5000,401.7500,1905600
400.0000,408.0000,390.5000,394.0000,1833500
402.0000,420.2500,400.0000,410.0000,1537600
405.0000,406.5000,391.0000,394.0000,2291300
399.7500,404.2500,394.0000,400.0000,974100
405.0000,415.0000,390.0000,408.2500,706900
409.5000,415.7500,405.5000,411.5000,912100
417.5000,432.7500,416.5000,420.7500,2809400
416.7500,435.0000,416.7500,425.0000,291700
425.0000,435.2500,424.5000,427.5000,723700
423.0000,438.0000,422.0000,431.2500,725900
420.5000,437.5000,420.5000,425.0000,203800
420.5000,440.0000,418.0000,422.2500,938700
418.0000,433.5000,418.0000,423.0000,927100
420.0000,431.7500,406.7500,411.5000,2067900
418.7500,419.0000,399.7500,401.5000,2122800
400.5000,415.0000,400.5000,408.7500,1453600
400.0000,412.0000,390.0000,394.0000,2312400
400.0000,407.7500,390.0000,392.5000,3729800
390.0000,406.0000,375.2500,380.5000,4002800
376.7500,399.2500,371.7500,388.0000,1900900
388.0000,402.2500,388.0000,390.0000,2079700
388.0000,395.7500,374.0000,386.2500,2336500
388.0000,400.7500,377.2500,381.7500,2272500
381.0000,396.7500,372.2500,383.2500,1957300
379.5000,379.5000,348.7500,354.0000,2673200
344.0000,366.7500,323.2500,365.2500,3104100
370.0000,377.2500,344.5000,354.5000,2676800
366.2500,384.5000,360.5000,372.7500,2517600
378.7500,380.2500,361.2500,368.0000,2157600
370.0000,370.0000,347.7500,355.0000,1363900
361.7500,377.0000,356.2500,370.7500,2916900
366.5000,374.0000,360.5000,370.0000,1350400
375.5000,390.0000,362.5000,384.5000,1681600
391.2500,397.0000,371.0000,378.7500,2064100
379.5000,389.2500,376.0000,380.2500,1195500
381.7500,381.7500,363.5000,366.0000,1574000
363.0000,370.0000,351.7500,367.2500,1401300
369.2500,371.7500,352.7500,352.7500,1141700
365.0000,366.0000,355.2500,357.7500,1045000
352.5000,360.7500,348.2500,349.5000,955100
361.0000,363.5000,349.2500,354.5000,2082500
355.0000,363.7500,343.7500,356.2500,1771400
362.7500,376.0000,362.2500,369.0000,2002500
370.7500,375.0000,355.0000,359.0000,1380000
363.7500,368.0000,357.7500,363.0000,697500
357.2500,375.7500,357.2500,367.5000,1392400
361.7500,369.7500,357.5000,362.0000,1563400
362.7500,377.5000,360.2500,366.0000,4066000
366.0000,374.2500,360.5000,363.5000,4961200
368.0000,375.5000,362.2500,365.5000,1815700
370.0000,388.0000,365.7500,384.0000,2530700
387.7500,399.0000,383.0000,399.0000,5751000
394.0000,406.7500,394.0000,396.5000,3801400
390.0000,403.2500,384.5000,391.0000,3037300
387.7500,402.5000,383.0000,394.0000,2365300
395.5000,415.7500,392.2500,404.2500,2788800
408.2500,415.7500,401.2500,407.0000,7346900
411.2500,413.0000,403.7500,407.0000,3936700
400.5000,406.5000,396.0000,400.0000,4092300
400.0000,400.0000,385.5000,389.0000,2629000
383.0000,416.0000,383.0000,403.5000,3590900
418.5000,423.0000,410.2500,418.5000,3234400
408.0000,409.7500,394.0000,403.2500,2293400
401.0000,404.5000,389.7500,393.5000,2446600
381.5000,388.0000,372.0000,376.5000,0
384.7500,409.7500,380.5000,401.2500,2354700
409.0000,412.0000,388.7500,401.2500,2311300
395.0000,413.0000,382.2500,404.7500,6235000
412.5000,414.0000,397.0000,400.5000,3220400
401.7500,412.5000,394.7500,404.5000,3777000
401.5000,413.0000,398.5000,408.0000,2743100
411.2500,416.5000,404.7500,410.0000,1920100
405.0000,420.5000,405.0000,418.0000,1990200
414.0000,427.5000,414.0000,424.5000,2007300
425.0000,433.0000,417.7500,430.5000,1349700
429.5000,438.2500,421.0000,425.2500,2342100
423.7500,433.7500,404.7500,410.7500,2349100
416.7500,424.0000,410.7500,415.0000,3054700
411.0000,414.2500,400.2500,404.7500,1950500
401.0000,423.7500,401.0000,418.5000,1794700
420.0000,434.0000,412.2500,432.0000,2612100
437.0000,439.7500,423.0000,429.5000,1563200
428.0000,435.0000,422.2500,431.5000,3668700
436.0000,439.0000,425.0000,435.0000,2183900
437.2500,445.0000,435.2500,441.0000,1848600
440.2500,446.5000,425.7500,429.7500,1857800
428.7500,432.5000,414.0000,419.0000,2685500
422.7500,428.2500,405.7500,425.2500,0
426.0000,428.2500,420.2500,425.2500,0
416.2500,428.7500,416.2500,427.2500,0
417.0000,424.5000,408.0000,422.0000,0
422.0000,427.2500,416.0000,425.0000,0
426.0000,430.5000,418.5000,420.7500,0
432.0000,432.0000,413.7500,417.0000,0
410.0000,410.0000,399.0000,401.5000,0
399.2500,407.5000,399.2500,402.5000,0
404.7500,408.7500,386.0000,398.2500,0
401.0000,408.5000,400.5000,404.5000,0
407.5000,420.0000,402.7500,407.7500,0
403.5000,417.5000,399.5000,411.2500,0
412.0000,415.7500,406.0000,409.7500,0
409.5000,413.2500,405.0000,412.2500,0
417.5000,417.5000,398.5000,400.0000,0
404.2500,411.2500,394.5000,396.5000,0
398.0000,402.2500,394.0000,396.0000,0
397.7500,407.7500,396.0000,403.7500,0
404.5000,409.0000,399.0000,404.2500,0
399.5000,404.2500,384.0000,387.0000,0
390.5000,397.7500,388.5000,392.5000,0
392.2500,395.5000,387.0000,391.7500,0
389.2500,391.5000,386.0000,388.0000,0
400.0000,400.0000,385.0000,387.7500,0
391.7500,392.7500,385.5000,389.7500,0
389.7500,395.5000,384.5000,390.5000,0
389.2500,389.2500,358.0000,360.0000,0
365.0000,365.0000,350.5000,353.0000,0
353.5000,357.2500,346.5000,351.0000,0
348.0000,353.7500,346.2500,351.7500,0
349.7500,355.0000,344.0000,352.7500,0
355.2500,359.5000,348.5000,352.7500,0
352.2500,354.7500,337.5000,339.2500,0
337.7500,338.7500,328.5000,331.5000,0
330.0000,336.2500,315.2500,324.2500,0
325.0000,327.7500,321.0000,325.7500,0
326.7500,327.7500,312.2500,324.5000,0
324.5000,326.0000,318.0000,322.5000,0
325.5000,326.0000,320.2500,320.2500,0
317.0000,324.0000,299.7500,320.2500,0
319.5000,324.5000,312.0000,320.2500,0
323.2500,328.2500,311.5000,317.2500,0
318.5000,322.2500,304.2500,306.5000,0
305.0000,308.7500,294.2500,295.5000,0
294.5000,302.0000,288.5000,298.2500,0
295.7500,301.0000,292.5000,294.0000,0
294.2500,298.7500,289.2500,292.0000,0
293.7500,298.5000,292.5000,296.5000,0
293.0000,294.2500,275.7500,275.7500,0
277.7500,280.7500,269.0000,270.5000,0
265.2500,271.0000,259.0000,262.2500,0
261.7500,265.2500,256.0000,259.5000,0
263.2500,265.7500,258.0000,261.0000,0
257.0000,260.0000,251.7500,254.0000,0
256.7500,260.0000,250.0000,254.7500,0
252.5000,256.5000,249.0000,253.0000,3333500
256.0000,258.2500,245.5000,246.2500,2115500
249.7500,255.0000,243.7500,247.7500,0
246.7500,248.7500,234.0000,237.2500,2202400
239.0000,240.2500,225.0000,229.0000,3160900
231.2500,244.0000,231.2500,242.7500,5767700
239.5000,248.0000,224.7500,245.2500,4409700
244.2500,255.7500,239.7500,254.0000,2409100
246.2500,253.5000,243.2500,251.5000,6016900
254.7500,263.0000,245.0000,260.0000,6221500
259.7500,259.7500,249.0000,250.5000,5320200
246.7500,254.2500,237.2500,251.0000,6257400
253.5000,253.5000,242.0000,245.2500,2973000
241.2500,254.5000,241.0000,244.7500,3988600
252.0000,259.7500,246.5000,246.5000,5492500
242.5000,256.0000,242.5000,251.2500,5072500
247.0000,254.5000,244.5000,250.0000,6122600
251.7500,273.2500,250.2500,271.7500,5302400
267.0000,284.2500,267.0000,281.0000,5225000
286.7500,297.2500,284.5000,297.0000,6382600
293.7500,306.2500,285.2500,302.7500,2995400
298.2500,302.7500,282.5000,301.0000,3289500
303.2500,315.0000,294.0000,310.7500,2274700
307.7500,322.3300,304.2500,318.0000,3040300
315.5000,315.5000,305.2500,310.2500,2800100
315.2500,315.7500,306.5000,313.7500,1675900
316.0000,316.7500,308.2500,315.2500,2089100
315.5000,315.5000,311.7500,313.2500,2282200
311.5000,311.5000,301.2500,307.0000,2595700
307.7500,310.2500,301.7500,305.5000,1822200
302.5000,320.2500,299.2500,318.0000,3845000
322.0000,328.2500,309.2500,325.0000,1977400
325.0000,325.0000,325.0000,325.0000,0
318.5000,330.0000,316.0000,328.5000,2051800
319.7500,320.0000,308.2500,313.5000,2081000
316.7500,322.7500,311.5000,319.5000,1988700
322.0000,328.2500,318.2500,326.7500,1802000
322.7500,325.0000,315.2500,319.7500,1561300
318.5000,334.5000,317.7500,328.7500,2483800
332.0000,332.0000,316.2500,323.5000,3799700
326.0000,331.2500,318.4000,322.5000,2891300
317.0000,317.0000,301.5000,303.7500,3861400
315.7500,353.4130,312.0000,319.5000,803500
320.0000,322.5000,308.7500,313.7500,2754800
310.5000,313.2500,305.2500,310.0000,2551600
308.5000,313.2500,296.7500,304.0000,2299700
301.2500,306.2500,292.2500,304.0000,2772300
303.7500,306.5000,289.0000,299.5000,2961600
294.0000,300.5000,275.2500,287.7500,4041300
290.5000,293.7500,277.2500,281.0000,5142600
276.7500,285.5000,263.0000,275.0000,7083800
286.0000,305.0000,279.0000,288.0000,5900000
285.0000,287.7500,268.5000,275.0000,4225700
274.5000,274.5000,247.7500,259.2500,3668000
262.0000,268.7500,259.2500,264.0000,2605800
263.7500,271.7500,260.5000,267.0000,2296000
266.2500,272.0000,260.7500,267.5000,2139100
268.2500,270.5000,253.0000,256.2500,2335500
246.5000,265.2500,241.0000,258.0000,2220900
260.0000,278.0000,256.0000,264.7500,2830700
264.7500,275.0000,256.7500,258.7500,4655100
257.7500,264.5000,247.7500,257.5000,5635000
247.5000,250.2500,226.2500,244.0000,4358800
250.5000,253.7500,233.5000,242.5000,2989200
231.2500,265.5000,226.5000,246.0000,4059400
248.0000,258.5000,239.7500,244.0000,1887100
241.0000,246.2500,223.5000,229.7500,4014600
238.5000,242.2500,217.2500,225.0000,3815300
235.7500,239.0000,228.0000,231.0000,4123300
237.5000,237.5000,215.5000,221.7500,2129300
215.2500,227.2500,197.5000,207.2500,5552600
217.2500,219.2500,197.0000,213.5000,3593500
222.5000,222.5000,193.7500,203.7500,2265200
209.7500,213.5000,199.0000,209.2500,2656500
206.7500,214.0000,200.2500,208.5000,1995200
209.7500,214.0000,192.2500,202.2500,1374100
207.0000,207.0000,175.0000,194.2500,1592900
185.2500,199.5000,176.5000,195.5000,1269200
199.2500,219.2500,192.2500,199.2500,1312700
213.0000,221.2500,203.0000,208.7500,1464500
215.7500,226.7500,205.7500,211.7500,2142700
211.7500,227.0000,208.7500,224.5000,1533500
225.7500,230.7500,220.7500,226.7500,1644700
230.7500,234.0000,222.5000,230.5000,2252900
225.5000,240.0000,225.2500,240.0000,2181100
232.5000,234.5000,222.0000,230.0000,2835500
230.0000,235.0000,224.2500,233.2500,1810700
240.5000,251.2500,236.2500,238.2500,1490300
232.2500,240.7500,222.2500,225.7500,3136700
221.2500,221.2500,205.5000,206.5000,3973200
201.5000,210.2500,188.0000,190.0000,2502100
199.5000,200.7500,187.5000,190.5000,2448200
191.5000,191.7500,181.5000,187.0000,3754900
185.7500,191.7500,183.5000,188.5000,2783900
186.2500,191.2500,175.5000,178.2500,2659700
174.5000,177.7500,150.0000,152.0000,3421300
152.7500,164.5000,149.0000,153.7500,6823400
156.0000,157.7500,143.7500,150.5000,6958300
148.5000,180.0000,125.0000,168.0000,17732600
160.2500,170.7500,155.0000,161.7500,5416700
161.2500,175.0000,161.2500,172.0000,1403000
172.0000,176.0000,166.0000,166.0000,1769600
166.7500,167.2500,159.2500,160.0000,1736900
155.0000,168.5000,153.7500,163.2500,2404500
166.5000,178.0000,163.2500,174.2500,2980100
172.2500,178.7500,167.5000,171.5000,2714200
168.2500,174.0000,166.7500,168.7500,1423900
176.5000,187.5000,175.0000,185.0000,1376400
181.2500,196.2500,179.2500,188.2500,2297100
186.7500,193.0000,184.7500,188.0000,2379300
184.7500,192.0000,177.7500,185.5000,2583100
178.7500,185.2500,174.0000,179.7500,1397000
179.7500,188.7500,178.0000,178.0000,1508400
176.2500,187.2500,171.0000,183.5000,1419800
184.2500,193.5000,184.2500,190.0000,2614600
187.2500,198.5000,187.2500,197.0000,2500700
197.2500,206.7500,189.0000,197.2500,5861100
194.0000,207.2500,194.0000,203.0000,2121300
204.5000,206.7500,200.5000,202.7500,1371900
204.2500,204.2500,191.5000,191.5000,90400
191.5000,191.5000,191.5000,191.5000,0
191.5000,191.5000,191.5000,191.5000,0
191.7500,206.7500,188.2500,206.7500,1270100
210.0000,215.0000,202.7500,211.5000,739800
216.5000,217.7500,203.7500,203.7500,484100
203.7500,203.7500,203.7500,203.7500,0
211.7500,218.2500,208.0000,216.0000,853100
220.0000,223.0000,213.2500,216.0000,936100
218.0000,218.0000,203.2500,205.2500,1728800
207.2500,215.5000,206.7500,212.0000,5072100
210.7500,210.7500,198.0000,203.5000,1465000
201.7500,214.5000,201.2500,209.7500,1689000
207.0000,209.2500,202.7500,203.5000,1037800
206.0000,206.0000,191.5000,194.5000,1217200
199.2500,211.2500,194.2500,196.0000,1751200
197.5000,197.5000,183.7500,184.5000,1644400
186.5000,190.7500,184.5000,186.2500,1578000
190.7500,192.5000,186.5000,187.5000,970200
172.0000,197.0000,172.0000,184.2500,1393700
184.0000,195.0000,180.2500,190.0000,3278700
191.5000,199.5000,191.5000,193.0000,1079200
194.7500,195.2500,188.0000,192.7500,1295100
196.0000,205.7500,192.0000,205.7500,2263100
204.2500,206.7500,194.0000,197.2500,1579500
198.5000,202.7500,186.7500,199.5000,4435600
195.2500,196.2500,189.2500,191.2500,1805400
188.0000,194.0000,179.7500,183.2500,3670300
184.0000,186.0000,174.7500,175.5000,1619400
179.2500,183.7500,172.2500,181.5000,0
182.7500,186.7500,177.7500,179.0000,0
176.7500,180.2500,171.0000,175.0000,0
178.2500,178.2500,171.5000,173.2500,4734900
174.0000,175.7500,170.0000,173.5000,1248900
172.7500,176.0000,167.0000,168.7500,1557900
165.5000,167.2500,163.7500,167.0000,1499500
167.2500,167.2500,160.2500,163.7500,1619400
166.0000,170.2500,159.5000,163.0000,2003300
157.0000,157.0000,143.2500,146.7500,2636900
146.2500,147.7500,133.0000,135.0000,1383500
135.7500,141.7500,132.7500,138.2500,1587000
139.2500,141.2500,135.2500,138.2500,2747100
133.5000,139.2500,133.5000,137.2500,2307900
140.0000,143.7500,133.5000,138.7500,2333000
135.2500,136.2500,123.7500,125.7500,3544200
127.7500,133.7500,126.2500,128.7500,2359300
125.0000,139.2500,125.0000,136.5000,4422500
135.5000,136.0000,119.5000,123.5000,3147000
119.7500,130.0000,119.7500,126.0000,3017100
126.0000,131.2500,118.2500,122.7500,2038000
124.7500,128.5000,122.0000,126.7500,1298400
125.5000,129.7500,123.0000,124.0000,1839400
124.5000,128.0000,121.5000,125.5000,1868800
126.0000,127.0000,119.0000,120.7500,1776300
119.7500,160.2500,119.7500,151.5000,2736800
150.7500,154.2500,146.2500,152.2500,3282400
152.2500,156.5000,148.0000,154.5000,1984400
156.5000,166.2500,156.5000,164.5000,1928400
167.7500,177.0000,167.0000,170.2500,3954800
167.7500,170.0000,154.0000,158.2500,2603300
159.5000,163.5000,155.7500,157.7500,1473500
160.0000,164.0000,153.5000,156.0000,2727900
156.0000,165.0000,156.0000,162.2500,5696200
166.0000,170.7500,161.5000,161.5000,3556500
163.0000,172.2500,163.0000,167.0000,4946900
164.7500,166.5000,156.5000,159.7500,4078800
158.2500,171.2500,158.2500,167.5000,1110800
171.7500,171.7500,159.0000,159.7500,1244600
155.5000,156.7500,143.5000,149.7500,2400400
149.5000,153.7500,147.7500,148.0000,2165400
145.5000,158.0000,144.7500,157.5000,1779000
163.7500,166.0000,160.0000,163.2500,2582400
159.7500,169.7500,159.5000,166.7500,1426400
167.0000,177.7500,167.0000,167.0000,4034400
168.2500,169.0000,160.0000,163.0000,1664800
156.0000,158.5000,149.2500,156.0000,3615600
156.7500,163.7500,155.0000,160.5000,3680000
160.5000,160.5000,160.5000,160.5000,0
160.5000,160.5000,160.5000,160.5000,0
163.2500,167.0000,160.5000,163.5000,2565300
163.7500,163.7500,150.0000,153.7500,2984200
154.2500,157.5000,150.0000,154.2500,1766900
157.5000,162.5000,154.2500,158.7500,6404500
160.0000,162.7500,153.5000,155.2500,4556700
150.5000,158.2500,150.5000,155.0000,2736100
149.0000,157.5000,149.0000,157.0000,1313000
155.0000,156.2500,152.5000,154.7500,2162900
152.7500,161.7500,152.7500,161.0000,2075100
160.5000,160.5000,155.2500,159.0000,922800
155.2500,156.5000,150.2500,156.2500,1516200
156.0000,169.5000,156.0000,168.7500,2996100
169.7500,181.0000,169.7500,177.0000,2703000
172.0000,181.5000,172.0000,176.2500,597900
176.2500,176.2500,176.2500,176.2500,0
180.0000,192.7500,177.0000,190.0000,2813800
190.2500,198.8500,186.7500,192.7500,2506200
196.2500,211.5000,187.5000,198.0000,3896100
202.2500,204.0000,193.0000,198.5000,1326700
197.2500,197.2500,192.5000,192.7500,1086500
193.5000,201.0000,189.7500,193.0000,1706400
192.2500,196.0000,169.0000,172.0000,3611100
173.2500,177.7500,164.7500,175.5000,1387500
174.5000,180.7500,174.0000,178.2500,1116900
178.7500,185.7500,176.2500,183.5000,1400700
184.2500,191.7500,183.5000,190.0000,1805100
190.0000,200.0000,189.5000,197.7500,2677100
193.5000,194.0000,188.2500,189.5000,1231400
192.5000,199.0000,190.0000,196.2500,942400
196.2500,196.2500,196.2500,196.2500,0
196.0000,201.2500,194.0000,201.0000,1962800
203.0000,204.5090,200.0000,200.7500,1554000
200.5000,207.5000,196.5000,207.5000,1142800
212.5000,223.0000,210.6720,216.5000,2874900
219.5000,232.5000,218.7500,230.7500,1082100
228.5000,236.7500,221.5000,227.2500,2540200
230.2500,230.2500,224.0000,225.5000,2004600
227.5000,227.5000,211.7500,215.5000,1910200
218.7500,228.5000,218.7500,225.0000,1776900
222.5000,225.2500,219.5000,222.7500,1306700
218.0000,223.7500,217.7500,222.0000,1478700
224.7500,230.7500,221.5000,223.5000,2306400
220.7500,228.0000,220.7500,228.0000,1395800
228.5000,228.5000,220.2500,227.0000,1098400
224.0000,226.2500,211.2500,212.2500,1294900
214.0000,214.0000,205.2500,206.0000,1242800
203.5000,208.0000,201.0000,205.0000,1365100
207.2500,207.5000,195.2500,196.5000,1751000
195.5000,201.7500,195.5000,199.0000,1929300
200.2500,200.2500,188.2500,188.7500,1695300
186.0000,190.0000,182.0000,187.0000,2268100
191.0000,199.2500,187.7500,197.5000,1628900
199.5000,201.5000,196.5000,199.0000,1869000
200.7500,209.0000,199.0000,205.7500,1285900
207.2500,209.0000,204.0000,209.0000,821100
210.5000,213.7500,205.2500,207.0000,1148300
206.7500,214.0000,206.7500,209.2500,1505300
211.0000,211.0000,200.0000,200.0000,1978200
196.2500,203.7500,194.0000,202.0000,1808500
199.0000,201.7500,196.2500,199.2500,1220600
201.7500,205.5000,197.2500,200.0000,1030100
200.0000,205.0000,197.0000,197.0000,1364300
200.0000,201.0000,191.5000,193.5000,2245500
194.2500,196.0000,190.5000,190.5000,1339900
189.0000,194.5000,187.5000,193.5000,1109600
198.0000,198.2500,193.5000,195.7500,1145300
198.7500,201.8240,195.5000,198.7500,1462400
197.5000,207.0000,195.5000,204.0000,1294600
207.0000,209.7500,202.2500,206.5000,705400
207.7500,212.5000,207.7500,211.0000,470500
214.0000,217.5000,209.7500,215.0000,906700
235.0000,246.5000,228.2500,234.2500,7348800
233.2500,241.7500,233.2500,240.0000,1267100
242.0000,248.5000,240.0000,247.0000,1260600
249.5000,256.5000,247.2500,255.5000,1573700
248.0000,253.7500,247.0000,248.5000,2522000
247.2500,249.0000,238.7500,245.0000,1675400
245.2500,258.7500,244.2500,258.7500,1109800
254.5000,268.7500,252.2500,265.0000,1416300
262.0000,280.6000,262.0000,279.5000,1308600
280.4000,285.0000,273.4000,276.2000,2649300
283.2000,283.2000,258.3000,272.9000,2336200
276.0000,276.0000,268.8000,269.1000,2552300
267.2000,282.3000,267.0000,279.0000,2798900
278.7000,279.5000,268.0000,268.9000,1132200
269.8000,275.0000,265.1000,266.0000,3406900
267.1000,270.5000,262.2500,269.0000,1912600
269.5000,275.0000,268.1000,272.2000,2437400
274.6000,285.2000,271.7000,273.8000,1888100
271.3000,281.1000,263.5000,272.4000,272500
275.5000,280.9000,271.2000,275.3000,831000
271.2000,277.3000,268.1000,274.6000,1071000
275.0000,280.4000,273.0000,276.9000,1386600
276.5000,291.1000,276.5000,289.6000,1339300
290.1000,299.8000,290.1000,298.1000,1666000
292.7000,296.4000,290.5000,296.4000,470000
293.2000,294.2000,280.1000,285.0000,1793900
284.2000,290.8000,281.8000,286.2000,1130800
293.9000,295.5000,289.9000,293.6000,1363100
293.6000,293.6000,293.6000,293.6000,0
288.0000,293.2000,281.2000,283.5000,2014700
283.9000,284.8000,278.0000,280.1000,1923000
284.2000,286.8000,278.6000,286.0000,1423600
288.5000,290.0000,280.1000,289.6000,1077300
290.6000,296.3000,290.4000,294.5000,964000
295.0000,301.0000,292.8000,295.1000,1190800
292.2000,303.5000,292.2000,301.0000,1552300
304.2000,304.2000,290.7000,296.5000,1916600
299.2000,304.2000,298.5000,301.2000,881400
296.2000,296.9000,291.3000,296.8000,502300
296.2000,301.0000,296.2000,298.5000,976900
301.0000,307.4500,300.0000,306.6000,1235200
310.1000,315.5000,305.3000,313.5000,1284300
310.6000,330.2000,304.8000,321.7000,3437700
321.5000,323.4000,311.6000,316.7000,1924700
319.9000,334.2000,316.3600,330.0000,2683800
330.0000,330.0000,321.4000,324.9000,2094100
325.2000,330.2000,320.1000,322.3000,1242200
322.5000,325.2000,318.0000,321.1000,1633900
323.5000,324.0000,313.0000,315.5000,2148700
314.2000,318.8000,311.2000,315.9000,1380200
315.0000,320.1000,308.9000,308.9000,1699300
311.7000,315.7000,300.7000,304.2000,1549500
308.7000,311.5000,303.9000,308.1000,1377500
311.0000,311.0000,303.9000,308.7000,965300
311.8000,337.1000,308.6000,332.2000,2142800
329.7000,338.1000,325.4000,327.0000,1033200
332.4000,339.9000,332.4000,337.8000,1142700
339.0000,341.0000,331.6000,333.3000,733900
337.7000,349.6000,337.1000,344.9000,1164800
342.8000,349.8000,342.8000,345.5000,1352000
349.0000,361.8000,349.0000,359.5000,1336700
361.7000,361.7000,350.0000,353.7000,980400
353.8000,354.9000,341.7000,344.7000,954400
348.7000,351.8000,345.0000,350.2000,499300
349.5000,354.5000,343.5000,345.3000,637000
346.8000,346.8000,335.0000,342.5000,1328100
339.0000,345.0000,333.6000,341.1000,1026300
346.5000,354.6000,342.5400,351.0000,996300
351.6000,354.5000,336.2000,338.5000,661400
340.7000,341.9000,334.2000,335.6000,821200
333.4000,336.4000,318.2000,320.0000,1711500
320.0000,337.8000,314.0000,336.4000,1661600
337.4000,348.6000,333.3000,337.3000,974900
335.5000,347.0000,330.9000,344.0000,886200
343.0000,346.0000,329.8000,331.2000,914100
336.1000,347.3000,328.6000,343.0000,1338800
340.6000,345.2000,337.6000,343.0000,1190700
344.5000,352.5000,341.6000,345.2000,756000
349.9000,354.2000,345.9000,347.9000,507200
349.5000,349.9000,329.7000,330.5000,1354400
335.4000,347.1000,335.4000,344.0000,1531800
344.8000,354.5000,341.3000,346.9000,1527200
349.2000,350.1000,341.8000,347.0000,722300
350.6000,352.6000,346.3000,348.3000,1000100
346.4000,347.5000,340.6000,341.5000,973700
344.3000,345.6000,339.7000,341.0000,1548100
338.4000,342.7000,324.2000,326.3000,1078500
325.9000,335.2000,325.9000,327.4000,952200
334.4000,343.0000,330.8000,332.7000,738400
327.8000,332.9000,321.6000,324.7000,839300
328.8000,334.2000,327.6000,330.1000,1137100
326.6000,331.7000,310.0000,311.2000,1293700
304.7000,329.8000,304.7000,328.0000,1500100
330.2000,337.9000,329.0000,331.0000,2130100
329.6000,345.0000,329.6000,341.1000,1191500
344.2000,347.7000,338.7000,342.4000,930400
348.0000,348.0000,341.8000,342.5000,728600
342.5000,348.8000,339.1000,342.8000,796400
342.0000,346.4000,337.9000,345.0000,966000
345.0000,346.4000,333.3000,335.1000,1423600
332.5000,337.5000,320.5000,321.4000,1432400
323.5000,332.7000,321.3000,328.4000,1248300
327.3000,338.1000,327.3000,336.5000,1184600
337.1000,341.2000,329.7000,331.2000,1481400
334.7000,338.0000,328.6000,331.7000,1086200
334.2000,341.6000,328.6960,339.7000,601100
333.4000,340.0000,332.2000,333.7000,610900
334.2000,334.5000,325.2000,326.5000,1135800
326.6000,329.9000,322.9000,326.2000,661500
329.0000,329.9000,323.1000,325.5000,622400
325.6000,329.8000,322.4000,323.8000,459100
321.4000,329.8000,321.4000,327.0000,101500
327.0000,327.0000,327.0000,327.0000,0
324.5000,339.2000,324.5000,335.5000,711400
332.0000,339.7000,331.1000,337.0000,347500
340.9000,340.9000,331.9000,335.0000,206400
335.0000,335.0000,335.0000,335.0000,0
335.0000,345.3000,335.0000,345.1000,999600
346.7000,352.8000,344.0000,352.3000,678000
349.2000,360.1000,349.2000,357.4000,1213200
358.3000,364.5000,356.7000,361.6000,648300
365.8000,381.9000,358.9000,379.1000,1277100
379.0000,384.3000,369.6000,373.5000,1027400
375.1000,375.1000,350.3000,356.7000,1510500
355.1000,364.9000,355.1000,364.9000,1747500
364.2000,368.1000,356.7000,363.4000,1111200
361.0000,366.5000,361.0000,364.1000,764800
360.2000,366.1000,360.2000,364.0000,409100
361.2000,371.1000,360.9000,366.8000,1153300
366.9000,373.5000,365.9000,366.3000,2069200
370.8000,376.4000,367.7000,367.7000,1102900
368.8000,370.4000,359.1000,368.6000,909000
363.7000,368.3000,358.5000,358.5000,1217200
354.2000,355.2000,350.0000,353.3000,1567400
350.4000,355.5000,347.6000,350.3000,1239500
353.4000,356.8000,350.0000,350.0000,1382000
354.4000,361.1000,354.0000,357.0000,1299000
357.0000,361.3000,350.0000,360.9000,867500
364.0000,364.0000,356.6000,361.0000,1036400
363.0000,364.0000,353.4000,354.6000,1395900
469.1000,469.1000,469.1000,469.1000,1563900
344.2000,347.2000,337.4000,339.1000,2192500
341.5000,344.5000,334.1000,338.2000,2003700
338.5000,342.0000,338.3000,338.8000,758300
339.4000,342.9000,338.0000,340.0000,1213900
342.4000,346.7000,340.0000,341.8000,1052700
344.1000,345.7000,336.8000,339.6000,1095400
341.1000,342.7000,339.7000,340.9000,682400
345.0000,348.1000,344.3000,346.3000,906900
349.1000,356.0000,347.6000,352.6000,931500
350.6000,356.9000,350.6000,354.9000,1321600
352.7000,359.1000,350.2000,359.0000,992900
360.5000,369.1000,359.0000,364.1000,1569800
368.0000,394.2000,365.0000,379.5000,2586200
383.5000,383.5000,367.3000,375.8000,2356600
372.6000,374.5000,364.0000,365.4000,1731900
369.0000,381.3000,365.4000,380.6000,1893900
381.7000,390.7000,381.6000,389.9000,1486300
389.5000,405.9000,389.4000,405.9000,1106800
406.0000,425.8400,404.5000,423.0000,2440000
419.6000,434.7000,419.6000,427.0000,1636800
445.0000,445.0000,445.0000,445.0000,1549700
435.7000,436.2000,426.6000,432.1000,1782600
432.4000,442.6000,428.2000,439.8000,1114800
444.3000,466.2000,444.2000,456.4000,2435200
454.9000,456.1000,450.2000,454.8000,1057000
457.4000,458.2000,453.5000,456.0000,997700
454.6000,464.1000,452.2000,462.9000,1098800
464.4000,480.0000,464.0000,476.5000,1130400
478.6000,487.1000,478.1000,482.0000,1252200
480.7000,486.2000,474.8000,476.2000,1481400
480.2000,488.0000,467.5000,469.9000,2857000
466.6000,472.0000,461.8000,472.0000,886900
473.6000,484.0000,473.6000,476.0000,1375000
473.4000,478.0000,470.4000,473.0000,1643900
472.0000,473.4000,464.9000,469.2000,1749800
468.6000,470.0000,460.6000,464.0000,1655300
468.6000,469.1000,460.0000,468.0000,1546000
470.0000,470.0000,461.8000,464.0000,1213100
463.0000,467.6500,457.4000,464.1000,1135200
468.0000,472.0000,463.9000,469.1000,3466400
469.1000,469.1000,469.1000,469.1000,0
469.1000,469.1000,469.1000,469.1000,0
470.5000,476.3000,467.0000,470.0000,1231700
471.8000,473.5000,467.8000,469.2000,2189700
467.0000,470.3000,458.5000,460.0000,1643600
464.6000,467.2000,459.8000,465.0000,1529900
468.5000,470.9000,458.4000,460.2000,1127300
458.9000,460.4000,449.3000,450.8000,1472000
456.7000,460.3000,452.6000,458.7000,1234600
459.9000,463.9000,455.2100,460.5000,1184000
456.4000,460.7000,450.8000,451.4000,1282000
450.4000,458.3000,443.3000,453.8000,1304000
454.5000,459.8000,452.9000,455.8000,1186700
453.4000,462.3000,453.4000,461.0000,1061800
460.0000,471.4000,449.7000,452.8000,2333200
455.0000,459.5000,450.8000,457.0000,864600
462.0000,466.8000,460.0000,464.3000,1166900
460.4000,464.5450,450.1000,450.1000,1487300
448.2000,457.0000,439.8000,442.5000,1625900
447.0000,457.7000,440.0000,456.7000,1562300
456.1000,461.7000,442.7000,445.0000,1336100
445.0000,445.0000,445.0000,445.0000,0
469.1000,469.1000,469.1000,469.1000,1574400
432.2000,438.7000,422.4000,427.6000,2068700
430.2000,433.7000,420.7000,422.1000,1995700
412.5000,414.5000,393.3000,397.9000,3092600
412.9000,433.7000,412.9000,429.7000,2243800
425.1000,434.8000,424.4000,428.9000,1485100
428.8000,445.4000,423.4000,441.0000,2205800
441.8000,453.5000,440.9000,442.8000,1649000
439.7000,445.4000,414.1000,422.0000,1464900
416.4000,436.1000,416.4000,425.7000,1050900
430.7000,446.0000,430.7000,442.0000,1809600
435.4000,441.9000,425.5000,428.9000,2658900
431.0000,434.8000,395.5000,405.6000,2115100
403.4000,409.0000,386.1000,399.8000,2269800
400.2000,406.4000,393.8000,398.4000,1368800
382.2000,382.2000,369.6000,375.9000,2246200
380.6000,408.0000,379.2000,399.2000,3097200
400.0000,419.8000,400.0000,418.4000,1842500
418.9000,428.4000,418.4000,418.5000,2218700
418.5000,418.5000,418.5000,418.5000,0
417.7000,417.7000,396.7000,409.9000,1848800
403.1000,407.8000,398.3000,401.7000,2051800
410.0000,412.0000,399.7000,401.1000,1526800
404.9000,413.4000,394.5000,396.4000,2358000
394.9000,397.0000,387.1000,389.9000,1270100
394.0000,394.6000,378.1000,384.0000,1927700
385.8000,389.9000,382.8000,388.9000,1198500
387.8000,400.4000,383.2000,400.4000,1354700
405.2000,410.4000,401.4000,407.0000,1773600
413.5000,415.3000,409.5000,414.9000,1172500
412.1000,414.4000,407.5000,409.8000,1598200
414.8000,414.8000,407.1000,409.8000,1609100
411.5000,419.4000,409.3000,417.0000,1960400
418.7000,425.9000,418.7000,419.7000,2182400
425.9000,437.1000,425.7000,433.0000,1416900
427.7000,434.2000,424.5000,426.9000,1291900
420.7000,424.9000,413.9000,416.4000,1384000
421.0000,421.0000,404.8000,406.0000,1222000
405.1000,409.6000,392.3000,392.5000,1355800
396.0000,405.5000,393.4000,402.0000,1028300
396.0000,397.7000,377.9000,379.8000,1666600
383.1000,387.5000,374.1000,384.1000,2740700
377.4000,381.1000,368.9000,370.1000,2597100
372.7000,377.5000,367.9000,371.0000,1665100
371.3000,371.7000,366.3000,367.6000,589100
368.7000,385.0000,368.2000,383.1000,1033600
380.8000,386.0000,378.0000,386.0000,1847000
391.1000,402.0000,390.7000,399.8000,1304600
405.2000,409.9000,398.8000,408.4000,1211100
407.3000,409.0000,401.5000,402.5000,2000100
401.3000,412.9000,401.3000,411.9000,1006600
413.7000,416.1000,405.1000,407.9000,2293000
409.5000,411.9000,405.5000,409.2000,2022100
409.0000,415.8000,403.1000,403.1000,1149700
404.0000,404.8000,398.0000,399.2000,811000
403.5000,403.8000,394.1000,398.1000,1273800
405.0000,423.8000,403.0000,422.4000,1852800
416.7000,439.7000,416.6000,437.0000,2465300
434.7000,450.0000,433.4000,448.3000,3138200
450.2000,454.8000,443.2000,450.4000,1274100
449.7000,457.4000,449.0000,450.0000,1768200
451.4000,453.7000,444.2000,446.2000,1287500
449.4000,451.6000,446.3000,447.4000,1127300
450.2000,458.3000,446.7000,450.5000,2011000
458.0000,463.0000,455.4000,461.5000,1265700
458.7000,464.4000,456.6000,460.8000,1081400
462.5000,465.5000,455.1000,463.9000,965600
464.1000,476.0000,460.8000,471.5000,1818900
475.8000,477.4000,465.8000,469.5000,985900
475.6000,480.6000,471.5000,479.7000,636000
475.7000,482.4000,467.7000,469.1000,1874900
474.0000,474.0000,461.3000,461.3000,1174700
462.8000,462.8000,450.1000,458.0000,1037500
466.2000,466.5000,459.8000,464.3000,939500
469.7000,469.7000,462.6000,467.7000,653700
470.8000,487.4000,468.5000,487.4000,1196000
488.5000,488.5000,477.8000,486.6000,794100
491.3000,491.3000,481.7000,482.2000,1052300
480.0000,481.4700,469.9000,472.6000,876400
469.7000,478.8000,466.5000,474.1000,895300
469.0000,469.8000,455.8000,456.6000,994300
457.4000,457.4000,443.5000,447.0000,1156000
452.7000,454.1000,442.0000,450.9000,1100400
451.0000,466.9000,450.4000,460.9000,1620300
460.9000,460.9000,460.9000,460.9000,0
471.3000,471.3000,455.5000,468.4000,1623400
473.5000,486.1000,473.5000,486.1000,1267300
481.9000,503.0000,481.9000,498.9000,1439700
503.0000,503.0000,493.1000,498.2000,1547300
495.7000,501.5000,495.6000,496.3000,337100
497.2000,497.2000,487.0000,488.0000,903200
490.0000,492.0000,484.4000,488.9000,785200
488.1000,496.5000,486.3000,494.9000,981500
495.0000,501.5000,494.2000,499.7000,594900
508.5000,511.0000,503.5000,507.0000,432800
509.0000,510.5000,504.7500,510.0000,525400
509.0000,515.0000,509.0000,512.0000,624500
513.5000,515.0000,510.0000,514.0000,603900
516.0000,519.0000,510.0000,511.0000,2111200
510.5000,514.0000,497.0000,511.0000,812200
513.0000,513.0000,499.1000,500.5000,929200
505.0000,506.0000,499.9000,500.5000,622700
501.5000,507.0000,498.2000,504.0000,770300
502.5000,509.5000,500.5000,509.5000,731600
509.0000,510.5000,504.0000,504.5000,338600
505.5000,512.5000,502.0000,512.5000,517500
511.0000,518.5000,506.5000,514.0000,662900
504.5000,520.5000,504.5000,514.5000,1028800
519.5000,533.0000,518.1550,524.0000,773800
526.0000,529.5000,513.5000,516.5000,754000
514.5000,536.5000,514.0000,533.0000,737800
533.5000,540.5000,531.0000,537.5000,522000
538.0000,543.0000,536.0000,537.0000,951800
533.0000,538.5000,531.0000,536.5000,854500
535.5000,545.5000,535.5000,541.0000,488100
534.5000,539.0000,532.0000,538.5000,694800
539.0000,546.0000,535.0000,545.5000,673100
550.0000,550.0000,544.0000,545.5000,316600
545.5000,550.0000,542.5000,546.0000,507700
540.0000,548.5000,538.0000,548.0000,309200
548.5000,550.0000,540.5000,544.0000,710300
537.5000,551.0000,537.5000,550.5000,538200
551.0000,562.0000,549.0000,557.5000,569800
557.5000,558.0000,541.0000,542.5000,417500
545.5000,552.0000,541.0000,543.5000,1507700
540.5000,546.5000,536.0000,539.0000,566600
533.5000,535.5000,523.5000,524.5000,387800
530.0000,530.0000,502.5000,520.0000,540200
518.5000,524.0000,515.0210,520.0000,452700
529.0000,538.5000,511.0000,513.0000,764200
525.0000,525.5000,516.5000,524.0000,541600
527.0000,527.5000,517.5000,521.0000,791400
529.0000,529.0000,509.0000,511.5000,611900
514.5000,516.1550,506.5000,516.0000,974700
514.5000,518.0000,508.5000,510.0000,405000
513.0000,529.5000,513.0000,525.5000,540700
530.5000,535.0000,508.0000,509.5000,790000
515.0000,515.0000,492.8000,492.8000,932500
486.0000,501.0000,486.0000,498.0000,2412200
495.1000,510.5000,493.6000,509.5000,779700
511.0000,515.0000,490.8000,492.2000,1089500
490.1000,506.0000,490.1000,505.5000,654700
507.5000,508.5000,493.4000,496.0000,773700
497.5000,498.8000,489.2000,494.8000,778900
502.0000,504.5000,484.4000,488.0000,626100
483.0000,484.1000,467.7000,471.0000,1581500
469.4000,477.6000,459.1000,476.1000,2665300
478.0000,493.3490,478.0000,493.3000,1224400
486.1000,490.1000,483.0000,486.1000,1562500
487.3000,491.8000,478.7000,479.0000,1080200
480.0000,482.5000,467.9000,468.8000,1308500
471.4000,479.5000,458.7000,478.0000,2470700
489.2000,499.0000,484.7000,498.8000,1186700
500.0000,506.1800,495.4000,501.5000,929500
503.0000,504.5000,495.0000,496.2000,594500
493.1000,502.5000,492.0000,495.7000,1048500
490.8000,494.4000,483.9000,485.3000,1071300
490.0000,496.6000,489.0000,494.8000,744600
493.8000,496.6000,493.0000,494.9000,792300
497.5000,500.5000,490.0000,491.3000,1243900
494.6000,497.4500,483.0000,497.4000,1087800
495.7000,499.9000,491.1000,494.7000,711200
475.7000,475.7000,475.7000,475.7000,826400
483.5000,491.0000,481.5000,483.5000,1621400
486.1000,490.5000,481.5000,485.1000,673700
490.1000,509.5510,489.2000,509.5000,1213900
509.0000,523.0000,509.0000,513.5000,688900
514.5000,516.0000,511.0000,512.0000,298100
509.5000,512.0000,498.9000,506.0000,23300
506.0000,506.0000,506.0000,506.0000,0
500.0000,524.0000,500.0000,521.5000,436600
524.5000,530.0000,517.0000,518.0000,476700
520.5000,523.0000,513.5000,513.5000,133900
527.0000,529.0000,517.0000,527.5000,818800
525.5000,529.0000,521.5000,528.0000,692400
526.5000,527.5000,519.0000,519.5000,474500
521.0000,522.5000,512.5000,518.5000,659200
514.0000,515.0000,502.5000,504.0000,570500
509.0000,518.5000,506.5000,512.5000,782800
515.0000,524.0000,513.0000,520.5000,432300
519.0000,528.0530,515.5000,528.0000,583800
525.5000,531.5000,524.5000,529.0000,684500
529.0000,529.5000,526.0000,528.5000,176800
533.5000,533.5000,519.2500,522.0000,623200
524.5000,524.5000,508.0000,508.0000,440900
508.0000,509.5000,494.1000,494.1000,872000
489.8000,489.8000,489.8000,489.8000,1408700
492.5000,499.3000,483.8000,491.2000,775000
494.5000,498.8000,488.9000,493.8000,2085100
495.2000,506.0000,492.3000,504.5000,1006700
515.5000,530.0000,506.5000,526.0000,1904100
526.0000,526.0000,504.5000,510.0000,1354200
508.5000,510.5000,494.7000,510.0000,695100
512.5000,519.0000,506.5000,515.0000,751100
520.0000,527.5000,516.0000,520.0000,981400
521.5000,523.0000,510.0000,513.0000,725600
514.5000,525.5000,514.3520,525.0000,1169500
526.5000,537.0000,524.4530,532.0000,1210300
530.0000,532.0000,511.5000,518.0000,1364400
519.0000,522.5000,512.0000,512.0000,529600
524.5000,532.0000,517.0000,526.0000,1528400
525.0000,528.5000,518.5000,528.0000,542100
532.0000,534.5000,528.0000,533.0000,23900
530.5000,542.0000,529.0000,540.5000,962700
543.0000,543.0000,535.5000,539.0000,594300
537.5000,544.0000,533.5000,535.0000,801100
537.0000,538.0000,529.0000,535.0000,518500
535.0000,552.0000,535.0000,546.5000,1117100
533.5000,542.0000,530.0000,540.5000,1018000
540.0000,545.0000,531.5000,543.0000,1624100
542.5000,543.0000,530.0000,535.0000,1028200
539.0000,549.5000,532.5000,547.5000,487600
547.5000,555.5000,536.0000,548.5000,734500
553.5000,559.5000,548.0000,550.0000,834500
544.5000,549.0000,530.0000,537.5000,1103100
542.0000,560.5000,537.5000,555.0000,646300
556.0000,567.5000,556.0000,567.5000,779300
565.5000,575.0000,558.0000,568.5000,1039800
568.5000,573.0000,563.5000,571.0000,1017800
573.5000,574.0000,563.0000,565.0000,1084600
555.0000,563.0000,547.5000,549.5000,860500
547.5000,557.0000,544.5000,553.0000,630100
551.0000,558.0000,550.0000,555.0000,847800
542.0000,546.0000,527.5000,542.0000,1626000
548.0000,548.0000,536.5000,542.5160,1001400
542.5000,559.0000,540.5000,554.0000,823300
560.5000,561.5000,546.0000,551.0000,1336500
559.0000,571.0000,554.5000,565.0000,492800
564.5000,569.5000,551.0000,559.0000,873300
556.5000,561.5000,552.5000,559.5000,512800
560.0000,576.5000,554.5000,575.0000,839800
579.5000,587.0000,575.5000,582.0000,677700
581.0000,588.5000,579.5000,581.0000,810100
583.5000,587.0000,578.5000,585.0000,395300
588.5000,600.5000,585.0000,593.5000,830000
595.5000,602.5000,593.5000,599.5000,902200
601.0000,608.5000,599.0000,608.5000,664200
604.0000,611.0000,601.5000,605.0000,414300
603.5000,607.0000,598.5000,599.5000,692800
603.0000,609.5000,598.0000,607.0000,577700
612.5000,613.0000,596.0000,596.0000,816000
597.5000,611.5000,597.5000,607.8810,599500
611.5000,618.1870,602.5000,606.5000,654900
598.0000,608.5000,593.0000,595.5000,845100
590.5000,590.5000,577.0000,580.0000,668800
580.5000,580.5000,570.5000,573.5000,794800
575.0000,577.4000,565.0000,572.5000,529000
573.5000,573.8600,558.0000,562.0000,772200
563.0000,578.0000,561.5000,577.0000,959800
583.0000,589.0000,576.0000,580.0000,731700
582.5000,594.0000,577.5000,589.0000,526000
581.0000,591.5000,581.0000,588.0000,380600
589.0000,602.5000,589.0000,595.5000,516200
599.0000,600.5000,582.0000,592.0000,654200
589.5000,602.5000,585.0000,596.5000,791100
590.0000,598.0000,582.0000,587.5000,876500
590.5000,610.0000,590.5000,602.5000,2237600
599.0000,607.0000,593.0000,605.0000,1261100
603.0000,612.0000,598.0000,601.0000,1277500
602.5000,615.5000,598.5000,614.5000,1285100
618.0000,618.0000,605.0000,607.5000,1274100
600.5000,609.5000,600.0000,603.0000,1358700
606.0000,614.0000,604.5000,606.0000,1989000
604.5000,606.0000,592.0000,600.0000,713200
600.0000,605.5000,592.5000,593.0000,1006400
600.0000,607.0000,593.0000,603.0000,595800
607.5000,614.0000,601.0000,607.5000,735600
609.0000,613.0000,599.0000,602.5000,920600
593.5000,593.5000,581.5000,588.0000,950200
591.5000,596.5000,586.5000,592.0000,736500
583.5000,592.0000,582.5000,584.5000,1278400
586.5000,602.5000,586.5000,595.0000,2541100
601.5000,605.5000,596.0000,604.0000,1532700
607.0000,615.0000,602.0000,611.5000,2131800
614.0000,622.5000,606.5000,615.5000,1910400
608.0000,616.0000,606.0000,611.0000,922400
614.0000,617.5000,598.0000,604.0000,1169700
599.0000,608.5000,596.5000,603.0000,553700
605.5000,617.0000,599.0000,614.5000,982200
612.5000,614.5000,605.5000,612.0000,962300
611.5000,635.5000,608.5000,630.0000,1112000
627.0000,630.0000,608.0000,609.0000,889200
610.0000,621.6630,601.0000,604.0000,594500
608.5000,611.5000,605.0000,609.0000,658700
609.0000,614.0000,605.5000,609.5000,1004900
601.5000,602.5000,589.0000,595.5000,1208900
595.5000,603.5000,588.5000,599.5000,2044200
594.5000,594.5000,586.5000,590.5000,629600
594.5000,605.0000,589.5000,604.0000,755900
606.0000,610.0000,598.5000,603.0000,1037900
599.5000,600.0000,590.5000,592.0000,888500
603.5000,613.0000,587.0000,589.0000,747400
586.5000,592.5000,583.5000,590.0000,538400
593.5000,603.5000,592.5000,600.0000,1078000
603.5000,611.5000,601.5000,610.0000,1042000
612.5000,624.0000,612.5000,620.5000,844900
620.5000,641.5000,620.5000,639.0000,854900
637.0000,650.0000,637.0000,645.0000,428300
644.5000,658.0000,642.6160,654.0000,657100
652.0000,656.0000,644.0000,647.0000,564600
653.0000,664.5000,650.5000,664.0000,977700
666.5000,668.5000,650.0000,655.0000,1106700
646.0000,652.0000,634.5000,639.5000,935500
631.5000,639.0000,615.5000,633.0000,1098800
635.0000,650.5000,632.0000,650.5000,1244900
635.0000,653.4750,635.0000,645.5000,1221200
636.5000,636.5000,619.0000,623.5000,1790200
619.5000,619.5000,607.5000,608.0000,1023400
611.5000,614.5000,604.5000,614.5000,796400
621.0000,623.0000,615.5000,618.5000,1035600
618.5000,619.0000,592.0000,611.5000,2008400
620.0000,640.5000,615.0000,617.5000,1752200
612.0000,621.0000,608.0000,620.0000,1307700
624.0000,626.5000,618.5000,624.0000,718300
624.0000,628.0000,616.0000,627.5000,1075800
617.0000,631.6940,603.0000,606.0000,1571000
598.0000,604.6410,596.0000,599.0000,1389100
610.5000,615.0000,583.5000,583.5000,1677300
586.5000,590.0000,571.0000,571.0000,1688100
565.5000,571.0000,556.5000,565.0000,1570500
575.0000,577.0000,528.0000,531.5000,1669400
518.0000,543.0000,505.5000,522.5000,2272500
517.5000,532.5000,500.0000,504.5000,2125600
506.0000,515.0000,472.8000,506.0000,2029300
515.5000,518.5000,489.1000,490.5000,2169400
509.0000,528.0000,499.1000,526.0000,2418600
526.0000,540.5000,508.0000,535.5000,1015200
546.0000,546.0000,529.5000,539.0000,753000
538.5000,538.5000,521.0000,522.0000,1245000
518.0000,520.5000,509.0000,514.0000,931900
512.0000,512.0000,489.7000,492.8000,2078100
489.1000,499.5000,353.8000,492.1000,2162700
483.4000,500.0000,483.4000,489.8000,1066700
498.4000,504.0000,484.7000,494.5000,1317800
499.8000,509.5000,492.2000,500.5000,743900
509.0000,515.5000,504.5000,507.0000,1159000
509.5000,509.5000,495.7000,507.0000,643900
517.5000,538.5000,517.5000,535.5000,1239800
535.0000,552.0000,535.0000,547.0000,1173400
551.0000,551.0000,532.0000,545.0000,1268100
542.0000,545.0000,534.0000,537.5000,632000
523.5000,528.2710,513.5000,518.5000,786900
515.5000,527.5000,508.0000,512.0000,1105200
522.0000,525.5530,515.0000,525.5000,908600
523.0000,538.0000,521.0000,535.5000,943500
529.5000,538.0000,521.0000,522.5000,819100
510.5000,514.5000,501.0000,506.0000,704500
517.0000,529.0000,502.5010,522.0000,895400
518.5000,536.5000,517.0000,533.0000,936100
536.0000,549.5000,535.0000,535.0000,824400
543.0000,551.0000,532.0000,551.0000,2551000
534.5000,539.5000,528.5000,531.0000,1245500
521.0000,533.5000,516.5000,531.0000,856300
528.0000,533.5000,516.5000,517.0000,753000
504.5000,506.5000,478.0000,484.5000,2070700
487.5000,487.5000,460.0000,477.0000,1231800
466.7000,490.3000,461.3000,482.7000,1267300
495.4000,503.0000,486.8000,498.0000,1226100
490.5000,504.5000,490.1000,496.1000,770600
492.9000,496.0000,480.2000,483.0000,971300
483.0000,483.0000,463.4000,473.7000,1261900
461.3000,472.8000,454.7000,472.8000,1261300
466.1000,468.7000,446.7000,450.1000,2001900
461.0000,465.8000,454.1000,465.0000,1749800
471.5000,490.1230,469.8000,490.0000,1667200
491.4000,493.2000,479.5000,485.0000,900000
485.7000,508.0000,483.0000,508.0000,842300
507.5000,508.0000,496.9000,506.0000,762400
506.5000,529.0000,501.0000,522.5000,915900
523.0000,525.0000,500.5000,503.0000,735700
508.0000,508.5000,493.2000,496.1000,1105500
501.5000,511.0000,487.9000,493.9000,1048900
489.1000,489.4000,473.8000,487.3000,1047200
492.3000,492.4000,480.9000,482.5000,621000
471.5000,471.5000,445.3000,448.4000,2909900
452.2000,460.5000,444.2000,453.2000,1211800
459.1000,479.9000,454.7000,472.6000,1941300
471.3000,480.4000,466.3980,474.5000,1269800
472.3000,478.6000,469.7000,474.6000,712300
485.5000,493.3000,479.5000,480.0000,1556200
482.9000,490.9000,478.1120,488.4000,1435900
465.0000,488.0000,459.9000,475.0000,2218600
466.0000,526.1000,446.1000,448.1000,2024300
457.3000,466.2000,450.2000,462.1000,1739800
455.4000,472.0000,453.3000,467.4000,1912900
468.1000,476.4000,461.9000,465.5000,872300
458.2000,473.6000,457.3000,467.1000,1227700
468.4000,474.4000,465.7000,468.0000,900300
468.9000,470.4000,446.0000,448.9000,1542000
441.9000,459.2000,441.9000,453.7000,1406300
455.0000,463.0000,455.0000,463.0000,1451800
463.5000,464.4000,452.7000,456.4000,537500
455.5000,454.6000,449.2000,449.2000,1027700
446.5000,455.3000,444.1000,444.6000,1571300
446.1000,448.8000,442.1500,444.1000,1764100
444.1000,446.4000,437.0000,444.7000,1045800
442.9000,442.9000,420.3000,420.6000,1902800
426.0000,431.2000,416.6000,416.6000,2524900
414.9000,416.9160,415.9400,413.5000,1471000
415.1000,423.5000,418.1000,420.8000,1720400
418.5000,420.5000,407.2000,415.0000,1347100
420.0000,440.1000,420.0000,438.9000,1594700
440.0000,440.0000,428.1000,436.9000,1361400
431.1000,458.4000,425.0000,457.4000,1964000
459.3000,459.6000,447.2000,451.0000,1105300
456.7000,466.1000,456.7000,463.6000,964600
467.7000,473.5000,467.0000,470.5000,857600
463.0000,472.3000,463.0000,469.4000,1200000
475.3000,477.7000,460.3000,462.6000,1000700
467.6000,467.6000,449.5000,450.1000,1657000
447.2000,459.8000,444.2000,457.2000,1284600
455.7000,459.7000,441.3000,442.0000,1317400
445.3000,448.9000,441.3000,444.0000,920500
440.6000,444.8000,427.1000,427.1000,1662100
430.8000,441.9000,426.1000,440.0000,1600900
441.5000,446.6000,435.4000,439.2000,1187600
435.9000,441.5000,429.5000,430.7000,1016900
430.6000,444.3000,430.2000,442.3000,531800
445.5000,454.0000,440.8000,442.7000,1071600
446.3000,448.7000,443.8000,445.3000,654500
449.3000,452.7000,446.1000,450.0000,124400
450.0000,450.0000,450.0000,450.0000,0
450.0000,450.0000,450.0000,450.0000,0
448.0000,457.2000,448.0000,448.4000,314800
450.4000,455.1000,447.0000,455.1000,603200
456.8000,459.5000,447.6000,455.0000,255800
455.0000,455.0000,455.0000,455.0000,0
462.7000,479.6000,462.4000,479.6000,931800
472.8000,479.9000,466.0000,469.3000,714100
466.3000,469.5000,460.3000,461.6000,573900
464.2000,476.0000,464.2000,472.9000,568100
473.7000,477.4000,462.6000,463.3000,786100
468.3000,485.5000,466.8000,483.6000,578700
484.9000,493.2000,478.1000,483.6000,893800
483.6000,493.1000,483.6000,491.4000,772300
497.1000,497.7000,479.8000,486.8000,863900
484.3000,489.6000,482.3000,488.2000,544300
493.1000,504.0000,489.9000,504.0000,615100
502.0000,509.0000,497.0000,503.0000,712900
503.0000,511.0000,496.1000,509.0000,942200
509.5000,509.5000,504.5000,504.5000,976800
506.0000,508.0000,501.5000,505.5000,782100
500.0000,504.5000,494.9000,504.0000,883300
507.0000,510.0000,497.0000,502.0000,557600
508.0000,543.0000,507.5000,533.0000,1349300
528.5000,530.0000,516.5000,516.5000,820400
510.5000,517.5000,504.0000,508.0000,868100
513.0000,516.2500,504.0000,505.0000,1001300
509.0000,524.0000,506.0000,522.5000,733000
525.5000,531.0000,516.0000,530.5000,951800
530.5000,540.5000,527.0000,535.5000,935900
532.0000,536.0000,526.0000,534.5000,885000
534.5000,537.5000,520.5000,527.5000,812300
529.0000,535.5000,527.5000,532.0000,510600
532.0000,541.0000,532.0000,540.5000,853000
536.0000,537.0000,521.0000,530.0000,770200
534.0000,538.0000,532.5000,536.0000,583500
532.5000,575.5000,532.5000,566.0000,1846400
571.5000,571.5000,557.0000,557.5000,1089600
552.0000,554.0000,538.0000,550.0000,1038500
554.5000,557.0000,548.0000,554.0000,447000
558.5000,568.5000,557.0000,562.5000,631200
564.0000,568.5000,551.5000,562.0000,574700
566.0000,579.0000,560.0000,576.5000,1223700
580.0000,589.0000,573.5000,580.5000,987300
583.5000,589.0000,577.0000,580.5000,1104100
579.0000,592.5000,571.5000,591.5000,1173100
596.0000,603.0000,590.0000,591.5000,1025800
596.5000,602.0000,588.7880,589.0000,1574000
590.5000,598.0000,582.5000,596.0000,1417600
597.5000,598.5000,590.0000,596.0000,864300
592.0000,595.5000,583.0000,586.5000,868700
586.0000,587.5000,577.0000,579.5000,1858300
578.5000,598.5000,578.5000,597.0000,1966000
600.0000,613.5000,599.0000,610.5000,1370400
610.5000,614.0000,600.0000,610.0000,913500
608.5000,612.5000,599.0000,605.0000,1109800
607.0000,617.5000,606.0000,617.5000,960600
620.0000,624.5000,607.0000,609.5000,1629200
610.5000,617.5000,605.0000,615.5000,1431200
616.5000,618.5000,607.0000,617.5000,1574900
616.0000,618.0000,609.0000,610.5000,639700
610.0000,610.5000,594.5000,599.0000,1311600
602.5000,607.5000,592.0000,595.5000,1166900
595.5000,599.0000,580.5000,583.5000,1444300
586.5000,592.5000,578.5000,589.0000,1449500
590.0000,612.0000,587.0000,607.5000,1048200
608.5000,622.5000,608.0000,609.5000,910900
607.0000,610.5000,591.0000,593.0000,981300
592.0000,593.0000,577.5000,585.0000,1036500
590.0000,597.0000,587.0000,589.5000,1107300
594.0000,594.5000,587.0000,592.0000,1200400
592.0000,593.5000,588.0000,589.0000,882300
584.0000,586.0000,566.5000,568.5000,1170300
570.5000,580.5000,554.0000,563.5000,1679000
563.5000,563.5000,563.5000,563.5000,0
563.5000,563.5000,563.5000,563.5000,0
557.5000,563.0000,548.0000,549.5000,1169400
538.0000,545.5000,534.5000,544.5000,1364300
546.5000,561.0000,545.5000,560.0000,1151600
556.0000,562.0000,549.5000,550.5000,789500
550.0000,565.5000,548.5000,556.5000,1451700
555.0000,572.5000,552.5000,572.0000,1301100
573.0000,573.0000,558.0000,569.0000,1360600
572.5000,581.0000,561.0000,564.0000,1509900
564.5000,570.0000,560.5000,564.0000,1088500
556.0000,560.0000,549.0000,553.0000,1192000
558.0000,565.0000,550.5000,559.0000,1115200
562.5000,571.0000,562.5000,570.5000,1402900
571.0000,575.5000,563.0000,568.0000,1126200
564.5000,583.0000,561.5000,582.5000,958700
584.0000,587.5000,569.0000,571.5000,694700
571.0000,574.5000,564.5000,571.5000,228400
577.0000,583.5000,567.0000,570.0000,1284000
566.0000,571.5000,564.0000,570.0000,1056500
566.0000,577.5000,545.0000,547.5000,1519000
547.5000,547.5000,547.5000,547.5000,0
548.0000,549.0000,528.5000,532.5000,1456000
536.5000,536.5000,521.5000,530.0000,1873700
534.0000,535.0000,521.0000,530.0000,1665100
528.5000,537.5000,524.5000,536.5000,1173900
530.0000,534.0000,513.5000,516.5000,893200
519.0000,525.5000,507.0000,509.0000,1311500
501.5000,524.0000,495.7000,517.0000,1757100
516.5000,517.5000,506.0000,509.5000,1155800
503.0000,503.0000,496.0000,501.5000,1453500
501.0000,509.0000,498.3000,506.0000,826100
512.5000,523.5000,512.0000,522.5000,883300
515.0000,516.0000,499.0000,499.6000,1155200
506.0000,508.5000,500.5000,507.0000,1172900
505.5000,513.5000,499.1000,500.0000,1593700
506.5000,514.5000,506.0000,506.0000,457200
514.0000,525.5000,510.5000,523.5000,997300
520.0000,523.5000,503.5000,503.5000,1276000
507.5000,512.5000,501.0000,507.0000,1439700
505.5000,508.0000,494.2000,501.5000,1637600
501.5000,501.5000,501.5000,501.5000,0
501.5000,501.5000,501.5000,501.5000,0
509.0000,527.5000,509.0000,526.0000,1331700
528.0000,540.0000,525.5000,531.5000,1386600
525.0000,531.0000,518.5000,523.0000,1177000
537.5000,542.0000,520.0000,520.5000,812500
522.5000,527.5000,519.5000,525.5000,1009600
530.0000,533.5000,518.5000,524.0000,1437000
521.5000,542.0000,515.5000,523.5000,1532000
526.0000,538.0000,525.5000,532.0000,1631200
540.0000,546.0000,529.5000,535.5000,711500
536.5000,552.5000,536.5000,551.0000,1048800
553.5000,580.5000,552.5000,580.0000,2204100
574.5000,577.5000,562.0000,569.0000,1581500
562.0000,564.0000,543.5000,545.0000,1070800
542.5000,546.0000,532.0000,534.5000,628900
538.5000,540.5000,532.0000,537.0000,721200
538.0000,540.5000,527.0000,534.0000,1628500
535.5000,538.5000,519.5000,526.5000,1139100
541.0000,546.5000,531.5000,545.0000,1352400
544.5000,556.5000,542.5000,550.0000,1040000
552.5000,569.5000,551.0000,568.0000,1027500
565.5000,570.5000,564.0000,568.0000,611800
566.0000,577.5000,563.5000,569.0000,856900
565.5000,572.5000,560.5000,562.0000,921700
559.5000,562.5000,554.0000,555.0000,872700
555.5000,564.5000,553.0000,559.0000,906500
555.5000,561.0000,551.0000,555.0000,620800
550.0000,558.5000,544.0000,548.0000,628400
553.0000,556.0000,549.0000,551.5000,822300
554.5000,563.0000,552.0000,558.0000,586400
561.5000,564.5000,556.0000,557.0000,442600
560.0000,570.5000,559.0000,569.0000,499900
571.0000,581.5000,569.0000,579.0000,571100
578.0000,580.0000,560.0000,563.0000,639300
558.5000,558.5000,540.5000,542.5000,657100
544.5000,546.5000,538.0000,541.5000,831700
538.5000,548.0000,537.0000,539.5000,606000
542.5000,545.5000,537.0000,545.0000,828500
550.5000,551.5000,541.5000,551.0000,698100
552.5000,553.5000,543.0000,547.5000,810500
547.0000,550.0000,542.0000,544.5000,678600
543.5000,547.5000,541.5000,547.0000,704900
547.0000,551.5000,535.0000,537.5000,1220700
541.0000,555.0000,540.5000,553.5000,641500
552.0000,556.5000,552.0000,553.0000,563000
557.5000,567.0000,553.0000,567.0000,716400
566.5000,573.0000,562.0000,570.5000,722400
571.5000,578.5000,568.0000,573.0000,514100
568.5000,575.5580,567.5000,575.5000,467400
576.5000,576.5000,561.5000,564.0000,486400
566.0000,570.5000,562.5000,565.5000,461900
560.5000,566.0000,559.2430,564.0000,535000
566.0000,568.5000,561.0000,567.5000,458000
571.5000,571.5000,562.5000,570.0000,325300
569.0000,571.5000,561.5000,563.5000,478900
549.5000,576.5000,549.5000,569.5000,518500
558.5000,560.5000,551.5000,552.5000,590900
566.5000,566.5000,550.0000,550.5000,688900
549.0000,551.5000,543.5000,549.0000,418700
549.0000,549.0000,549.0000,549.0000,0
551.0000,557.0000,548.0000,550.5000,1021200
551.0000,555.5000,547.0000,548.0000,646500
550.0000,552.0000,541.0000,544.0000,582200
547.0000,565.0000,545.5000,554.5000,784400
551.5000,563.5000,547.5000,557.0000,753200
556.0000,560.5000,554.0000,556.0000,698400
554.0000,565.5000,551.0000,563.0000,944400
565.5000,582.5000,563.5000,580.5000,580200
584.0000,593.5000,579.5000,589.5000,850700
589.0000,596.0000,587.0000,591.0000,458100
587.5000,592.0000,582.5000,589.5000,339800
593.0000,598.5000,587.0000,593.0000,555200
591.0000,603.5000,587.0000,601.5000,698500
610.5000,653.5000,610.5000,631.0000,1287100
618.5000,630.5000,613.5000,620.5000,1396200
616.5000,620.0000,608.0000,608.0000,1236600
612.0000,629.5000,610.5210,627.0000,1136200
621.0000,627.1500,614.5000,623.0000,746000
627.0000,627.5020,609.5000,616.0000,1292800
614.0000,614.0000,605.0000,611.0000,556500
612.0000,623.5000,611.0000,621.0000,800000
613.5000,624.0000,609.5000,613.0000,1313400
617.0000,620.0000,611.5000,614.0000,633100
618.5000,633.5000,615.5000,630.0000,1530300
629.0000,629.0000,622.0000,627.0000,1017700
621.5000,628.0000,618.3300,623.0000,1071100
620.5000,625.0000,616.0000,620.5000,668000
624.0000,625.0000,615.0000,621.5000,750400
621.5000,638.5000,617.0000,638.5000,1137000
639.0000,645.0000,630.5000,641.5000,1013700
642.0000,655.9150,634.5000,650.0000,1047300
648.0000,654.5000,647.5000,650.5000,1036900
649.0000,660.5000,646.2690,655.0000,1237300
656.0000,662.2100,654.0000,658.5000,554300
656.0000,662.1260,650.0000,655.5000,675400
660.5000,669.0000,655.5000,668.5000,1020900
669.5000,671.5000,661.5000,670.0000,929500
672.5000,675.0000,664.5000,668.0000,917000
666.5000,671.5000,665.4250,670.5000,558500
671.5000,671.8180,666.5000,670.0000,466900
671.0000,671.0000,656.5000,659.5000,783400
663.5000,672.5000,657.0000,672.0000,888300
674.5000,678.0000,669.5000,671.5000,702300
668.0000,673.0000,657.5000,671.5000,572600
667.5000,670.5000,658.5000,667.0000,396200
668.5000,674.5000,667.0000,674.5000,434800
670.0000,683.5000,670.0000,682.0000,1196800
675.5000,676.0000,662.0000,670.0000,879200
669.5000,673.0000,666.5000,670.0000,860500
668.5000,672.5000,661.5000,670.5000,1588400
670.0000,676.5000,669.0000,671.5000,388300
676.5000,676.5000,664.0000,667.5000,543400
669.0000,671.5000,660.5000,663.0000,583300
661.5000,665.0000,651.5000,654.5000,833700
653.5000,660.0000,653.5000,655.5000,570100
647.5000,650.0000,631.0000,640.0000,2197200
641.5000,643.9790,636.0000,641.0000,1777300
636.0000,637.5000,630.0000,635.0000,614900
636.0000,638.0000,625.0000,625.0000,462200
632.0000,643.5000,632.0000,642.0000,706600
641.0000,643.0000,635.0000,639.5000,1196600
639.0000,641.0000,631.0000,632.5000,820800
634.0000,643.5000,633.5000,641.5000,1644100
642.0000,647.0000,640.5000,643.5000,400800
641.5000,643.5000,637.4930,642.5000,368100
645.0000,645.0000,636.5000,638.0000,764400
637.5000,638.5000,632.5000,638.0000,1036100
644.5000,645.0000,640.5000,644.5000,1007100
642.0000,650.5000,640.0000,641.5000,1150000
639.5000,654.0000,635.5000,649.5000,856700
651.0000,655.0000,648.5000,654.5000,1429900
658.0000,659.5000,648.5000,651.0000,692200
653.5000,660.5000,649.5000,660.0000,841500
659.0000,660.0000,648.5000,658.0000,688900
651.0000,656.5000,649.0000,652.0000,643800
651.0000,654.0000,647.0000,650.0000,1670300
645.0000,657.5000,643.5000,657.0000,1343000
657.5000,664.5000,650.0000,661.5000,1123100
662.5000,670.0000,661.5000,665.5000,715400
663.0000,664.0000,653.5000,659.0000,593300
660.0000,669.5000,655.5000,661.5000,1210800
664.0000,667.0000,661.0000,666.0000,731900
664.5000,677.0000,664.5000,677.0000,1004500
670.0000,672.0000,659.5000,668.5000,952900
668.5000,673.5000,665.5000,669.5000,63900
669.5000,669.5000,669.5000,669.5000,0
668.0000,677.0000,667.0000,667.5000,453400
668.5000,675.5000,664.5000,668.5000,247600
663.0000,672.0000,663.0000,669.5000,90300
669.5000,669.5000,669.5000,669.5000,0
679.5000,686.5000,677.5000,686.0000,933400
683.0000,696.0000,683.0000,696.0000,945400
695.0000,700.5000,686.0000,700.5000,810100
699.5000,701.0000,696.5000,697.5000,449500
696.0000,701.0000,695.5000,700.5000,598000
703.0000,707.5000,697.5000,706.0000,900400
705.5000,706.5000,693.5000,696.0000,1170700
697.0000,697.0000,690.5000,696.0000,1012400
696.5000,703.5000,696.0000,702.5000,664800
702.0000,709.0300,696.5000,697.5000,1083000
696.5000,711.5000,695.5000,709.5000,833400
707.5000,721.5720,707.5000,721.5000,1253200
721.0000,721.0000,710.0000,717.5000,1456000
719.5000,728.5730,715.5000,728.5000,1026600
727.0000,727.0000,715.5000,724.5000,1084100
723.0000,727.5000,712.0000,722.0000,1859200
717.5000,722.0000,711.5000,722.0000,1714200
718.5000,732.0000,716.0000,732.0000,3821900
735.0000,737.0000,728.5000,733.0000,1028800
733.0000,747.5000,729.5000,747.0000,1888000
747.5000,747.5000,736.0000,740.5000,1077800
738.0000,750.9500,734.5000,747.0000,1323500
749.5000,775.0000,747.5000,773.5000,1563600
773.5000,773.5000,758.5000,760.5000,2636200
759.0000,771.0000,755.0000,769.5000,938100
771.5000,775.0300,761.5000,773.0000,972000
770.0000,777.0000,763.0000,775.5000,1924700
774.5000,778.5000,770.0210,774.5000,2225700
779.0000,789.0790,772.5000,789.0000,1067400
784.5000,803.0800,778.0000,803.0000,2273400
803.0000,820.0000,801.0000,817.0000,1595200
816.5000,824.5000,812.0000,822.0000,1930300
819.0000,828.5000,819.0000,825.5000,991200
826.5000,832.0000,820.0000,827.5000,666000
824.5000,835.5000,823.5000,834.5000,1569900
837.5000,851.0000,834.0000,845.0000,3452100
839.0000,855.0000,836.0000,844.0000,2086100
849.5000,862.0860,845.0000,862.0000,1304100
850.0000,860.0000,840.0000,845.5000,2205500
836.0000,838.0000,829.5000,832.0000,2141600
833.5000,844.5000,826.0000,842.0000,920800
845.5000,849.0000,839.5000,844.5000,1795200
843.5000,854.5000,839.0000,854.0000,1742100
845.0000,850.5000,842.0000,847.5000,1215800
851.5000,874.0000,851.0000,873.5000,1543700
875.5000,878.0000,868.0000,874.5000,1000400
877.0000,887.0000,874.5000,882.5000,1252800
883.5000,896.0000,883.5000,890.0000,868900
891.5000,893.0000,879.5000,880.0000,994400
879.0000,892.5000,879.0000,884.0000,937300
885.0000,887.0000,870.5000,881.5000,1078200
882.5000,889.0000,879.5000,888.0000,1100100
887.5000,894.0000,875.0000,877.0000,1301100
866.5000,876.0000,862.5000,874.5000,854100
872.0000,875.0000,863.0000,872.0000,939300
877.5000,883.0000,873.0000,878.5000,752700
882.0000,882.0000,864.0000,875.0000,854500
874.5000,883.5000,873.5000,877.5000,1518000
883.5000,902.0000,883.5000,886.5000,1521900
891.5000,904.0000,891.5000,897.5000,886700
900.0000,900.0000,879.0000,886.0000,797900
886.0000,897.5000,883.0000,894.0000,867800
894.0000,894.0000,894.0000,894.0000,0
894.0000,894.0000,894.0000,894.0000,0
895.0000,909.5000,895.0000,908.5000,1234400
902.0000,905.5000,875.5000,880.5000,1467500
878.0000,884.5000,854.0000,857.5000,1828600
860.0000,863.5000,827.5000,837.0000,1722700
837.0000,840.5000,822.0000,830.0000,1102600
838.0000,840.0000,821.5000,832.5000,1187700
833.5000,860.5000,833.5000,859.5000,965500
857.5000,872.0000,854.0000,871.5000,701200
866.5000,873.5000,862.5000,871.5000,1197100
868.0000,868.0000,849.5000,854.0000,1400800
852.5000,864.0000,850.0000,860.5000,1131900
845.0000,852.5000,828.5000,833.5000,1231000
830.0000,840.5000,826.5730,834.5000,1313300
843.5000,851.0000,836.5000,850.0000,3366600
851.5000,858.5000,844.5000,849.0000,1197800
848.5000,859.0000,847.0300,858.5000,1274300
858.5000,866.5000,849.0000,866.5000,1639800
869.0000,878.5000,865.5000,873.5000,1774000
870.0000,870.5000,855.0000,860.5000,1226500
862.0000,869.0000,854.5000,857.0000,621300
858.5000,864.5000,846.5000,851.5000,1095800
854.5000,858.0000,851.5000,858.0000,628000
854.0000,854.5000,841.0000,849.0000,3082100
856.0000,856.0000,847.5000,851.5000,2173400
851.5000,851.5000,851.5000,851.5000,0
850.5000,865.5000,849.0000,858.5000,1344100
861.0000,886.5000,858.0000,886.5000,1306900
889.5000,893.0000,878.5000,890.5000,1084100
890.0000,899.5000,886.5000,897.0000,1015600
900.0000,900.0000,891.5000,897.5000,570800
898.0000,906.0000,894.5000,906.0000,659100
906.5000,916.5000,902.0000,916.5000,757600
916.0000,920.0000,908.5000,920.0000,757600
920.0000,920.0000,910.5000,917.5000,435600
919.0000,923.0000,909.0000,914.5000,638500
913.5000,929.0000,913.0000,927.0000,989100
925.0000,939.5000,924.0000,937.5000,876100
922.0000,922.0000,901.0000,908.5000,1033200
913.0000,915.5000,901.5000,902.5000,897000
902.5000,902.5000,902.5000,902.5000,0
909.5000,925.5000,904.5000,918.0000,1400700
914.0000,914.0000,903.5000,905.0000,1372700
906.0000,913.0000,892.5000,902.0000,1174200
906.0000,906.0000,867.0000,871.5000,1251700
868.5000,872.5000,851.5000,857.0000,1063000
862.0000,867.0000,849.8600,859.5000,944800
854.5000,855.0000,823.8200,824.0000,2235600
823.0000,828.0000,804.0000,804.0000,947800
805.0000,826.5000,798.5000,823.5000,991100
821.5000,821.5000,806.5000,810.5000,599000
809.0000,809.5000,773.5000,784.5000,1518900
783.0000,787.5000,771.5000,774.0000,841800
765.0000,781.0000,745.5000,777.5000,1606900
777.5000,818.0000,777.5000,805.5000,1757900
808.0000,812.5000,796.0000,801.5000,499700
800.5000,828.0000,800.5000,817.0000,1222800
818.0000,821.0000,805.5000,813.5000,755400
799.0000,799.0000,785.0000,788.0000,977800
788.5000,803.0000,779.5000,779.5000,994900
777.5000,777.5000,755.0000,760.0000,959100
763.0000,779.5000,763.0000,779.0000,726100
779.5000,799.0000,772.5000,796.0000,894800
794.0000,812.0000,794.0000,810.0000,1426800
812.5000,823.5000,811.5000,818.0000,1203800
823.0000,834.5000,806.5000,834.5000,1071700
835.5000,842.5000,828.0000,842.0000,848900
832.5000,834.5000,808.5000,810.5000,1579100
813.5000,849.5000,813.5000,847.5000,916300
850.0000,864.5000,841.0000,842.0000,723500
846.5000,865.0000,841.5000,861.0000,593800
870.0000,893.0000,869.0000,884.5000,867700
882.0000,894.0000,874.5000,887.5000,723800
903.5000,914.0000,893.0000,897.5000,910300
895.5000,910.0000,895.5000,903.5000,780200
891.0000,913.0000,882.0000,904.5000,1017200
902.5000,922.0000,899.0000,920.0000,1240400
922.0000,924.5000,898.5000,920.0000,692200
920.0000,921.9790,910.5000,917.5000,685400
913.5000,918.5000,906.5000,912.5000,466400
911.0000,922.5000,910.0000,915.5000,414100
918.0000,927.5000,916.5000,918.0000,527800
918.0000,933.5000,918.0000,928.0000,728900
925.0000,928.5000,917.0000,923.0000,487000
926.0000,930.0000,908.0000,912.0000,445100
912.5000,921.0000,909.0000,920.0000,295500
940.0000,978.5000,940.0000,977.5000,1167300
977.0000,981.0000,963.8600,979.0000,1659600
980.5000,995.5000,978.5000,990.5000,1464200
1000.0000,1000.0000,976.5000,981.0000,1047500
981.5000,991.0000,979.5000,985.5000,1656600
981.5000,994.5000,977.5000,987.5000,1220200
983.0000,993.5000,976.3600,985.5000,884900
990.0000,1031.0000,990.0000,1017.0000,992500
1022.0000,1056.0000,1022.0000,1053.0000,670300
1055.0000,1055.0000,1033.0000,1033.0000,782500
1032.0000,1044.0000,1026.0000,1034.0000,1106600
1044.0000,1044.0000,1033.0000,1036.0000,730900
1035.0000,1042.0000,1015.5000,1021.0000,478800
1016.0000,1035.1000,1016.0000,1035.0000,549600
1034.0000,1035.0000,1021.0000,1027.0000,450000
1015.0000,1027.0000,1007.0000,1026.0000,630900
1009.0000,1020.0000,1007.0000,1015.0000,528400
1016.0000,1034.0000,1013.0000,1033.0000,591500
1029.0000,1061.0000,1029.0000,1058.0000,560400
1058.0000,1058.0000,1058.0000,1058.0000,0
1055.0000,1058.0000,1023.0000,1028.0000,2995700
1022.0000,1025.0000,987.5000,989.0000,1520700
1000.0000,1012.0000,988.5000,997.5000,1127900
1001.0000,1007.0000,987.0000,994.5000,810400
1008.0000,1025.0000,1008.0000,1022.0000,888100
1022.0000,1042.0000,1011.0000,1038.0000,872600
1045.0000,1050.0000,1028.0000,1046.0000,751500
1047.0000,1055.0000,1039.0000,1055.0000,758200
1055.0000,1075.0000,1046.0000,1070.0000,915900
1068.0000,1078.0000,1059.0000,1078.0000,748300
1088.0000,1107.0000,1077.0000,1095.0000,1485600
1098.0000,1117.0000,1089.6400,1102.0000,1364400
1100.0000,1112.0000,1096.0000,1097.0000,912100
1096.0000,1098.2000,1087.0000,1093.0000,1147800
1100.0000,1111.0000,1098.0000,1100.0000,1253400
1102.0000,1102.0000,1093.0000,1101.0000,1282300
1100.0000,1100.0000,1083.0000,1090.0000,739600
1114.0000,1114.0000,1078.0000,1084.0000,1224900
1082.0000,1083.0000,1051.0000,1055.0000,10180600
1058.0000,1062.0000,1043.0000,1059.0000,847800
1059.0000,1078.0000,1044.0000,1077.0000,753900
1070.0000,1088.0000,1062.0000,1068.0000,933000
1069.0000,1075.0000,1052.0000,1066.0000,651000
1061.0000,1061.0000,1038.6600,1048.0000,698400
1037.0000,1048.0000,1029.5200,1043.0000,1144200
1046.0000,1057.0000,1031.0000,1037.0000,2195900
1034.0000,1044.0000,1029.0000,1043.0000,738700
1053.0000,1059.0000,1041.0000,1045.0000,780300
1041.0000,1063.0000,1039.0000,1061.0000,1026500
1055.0000,1071.0000,1055.0000,1065.0000,919100
1065.0000,1067.0000,1036.0000,1038.0000,839200
1032.0000,1043.0000,1017.0000,1022.0000,903200
1025.0000,1052.0000,1021.0000,1050.0000,937300
1054.0000,1061.0000,1052.0000,1052.0000,723000
1044.0000,1084.0000,1043.0000,1066.0000,969700
1080.0000,1090.0000,1066.0000,1084.0000,819100
1084.0000,1098.0000,1072.0000,1094.0000,1294200
1087.0000,1102.0000,1087.0000,1096.0000,751700
1104.0000,1104.0000,1088.0000,1096.0000,815500
1094.0000,1110.0000,1090.0000,1110.0000,741900
1107.0000,1118.0000,1100.0000,1112.0000,831300
1110.0000,1111.0000,1102.0000,1109.0000,2827900
1110.0000,1131.0000,1108.0000,1116.0000,1881000
1110.0000,1116.0000,1108.0000,1115.0000,693300
1120.0000,1128.0000,1097.0000,1101.0000,811900
1101.0000,1114.0000,1094.0000,1107.0000,902400
1112.0000,1125.0000,1110.0000,1120.0000,702700
1115.0000,1120.0100,1110.0000,1114.0000,804500
1111.0000,1119.0000,1103.0000,1108.0000,670400
1115.0000,1128.0000,1105.0000,1122.0000,717000
1127.0000,1127.0000,1106.0000,1116.0000,1947200
1112.0000,1120.0000,1063.0000,1070.0000,2978100
1070.0000,1071.0000,1022.0000,1025.0000,1712300
1018.0000,1023.0000,1009.0000,1019.0000,2049800
1028.0000,1050.0000,1026.0000,1049.0000,1330000
1049.0000,1050.0000,1037.0000,1045.0000,1557800
1043.0000,1049.0000,1008.0000,1010.0000,2342100
1022.0000,1027.0000,987.0000,996.0000,1622800
1000.0000,1020.1000,991.5000,1019.0000,1241500
1016.0000,1027.0000,1010.0000,1025.0000,735000
1018.0000,1021.0000,1009.0000,1011.0000,513000
1006.0000,1022.0000,1004.0000,1016.0000,773100
1009.0000,1015.2900,1007.0000,1007.0000,957800
1010.0000,1011.0000,994.0000,996.0000,1157200
1003.0000,1011.0000,989.8600,999.0000,827700
988.5000,998.5000,980.5000,991.0000,1780900
996.0000,1018.0000,991.0000,1013.0000,1119400
1016.0000,1024.0000,1009.0000,1015.0000,583500
1009.0000,1016.0000,1005.0000,1005.0000,624300
1007.0000,1008.0000,972.8250,973.0000,1102500
973.5000,1005.0000,942.5000,942.5000,3165600
943.5000,946.5000,935.5000,941.5000,2038400
939.5000,963.0000,938.5000,939.0000,2143900
944.0000,958.0000,937.5000,956.5000,930200
957.5000,965.5000,949.4720,964.5000,1198800
959.5000,979.5000,956.0000,975.0000,1694000
968.5000,968.5000,938.0000,941.0000,2120600
935.0000,935.0860,895.0000,904.5000,2450400
905.5000,914.0000,899.5000,908.0000,1858300
910.5000,948.0000,903.5000,945.5000,1268700
947.5000,966.0000,937.0000,960.0000,3531300
963.0000,969.0000,955.5000,963.0000,1642000
971.5000,991.0000,971.5000,980.0000,1565600
979.0000,989.0000,970.0000,987.0000,3315500
991.5000,1005.0000,985.5000,1003.0000,799800
999.0000,1010.0000,991.5000,1003.0000,133100
1003.0000,1003.0000,1003.0000,1003.0000,0
1003.0000,1003.0000,1003.0000,1003.0000,0
998.0000,1029.0000,995.5000,1026.0000,699600
1027.0000,1053.0000,1025.0000,1042.0000,1223300
1044.0000,1051.0000,1037.1200,1046.0000,235000
1046.0000,1046.0000,1046.0000,1046.0000,0
1052.0000,1056.0000,1032.0000,1045.0000,1182200
1042.0000,1044.0000,1026.0000,1026.0000,1005900
1022.0000,1032.0000,1014.0000,1017.0000,1885900
1020.0000,1027.0000,1012.0000,1013.0000,962400
1014.0000,1020.0000,1001.0000,1003.0000,809800
1000.0000,1002.0000,977.5000,980.5000,1223100
984.5000,1009.0000,983.0000,1002.0000,1541100
1005.0000,1026.0000,1005.0000,1024.0000,830400
1014.0000,1026.0000,1003.0000,1022.0000,2107800
1025.0000,1043.0000,1020.0000,1043.0000,2964300
1047.0000,1047.0000,1014.0000,1014.0000,1281600
1019.0000,1024.0000,1005.0000,1012.0000,1008500
1009.0000,1013.0000,999.5000,1001.0000,883400
1003.0000,1008.0000,990.5000,993.0000,3106800
997.0000,1001.0000,967.5000,969.0000,1704600
968.5000,984.5000,968.5000,979.0000,1623300
979.0000,985.0000,935.5000,936.0000,1828000
934.5000,937.0000,906.0000,913.0000,1935000
913.0000,928.0000,912.5000,922.0000,2001600
932.0000,939.0000,910.7500,928.0000,3078400
929.0000,931.5000,918.0000,927.5000,3044900
922.5000,929.5000,904.0000,923.0000,2558100
922.5000,930.0000,916.0000,917.0000,1807000
910.0000,930.0000,906.0000,926.0000,2090200
922.0000,943.5000,914.0000,939.5000,3090100
945.0000,950.0000,928.5000,946.0000,1883800
951.0000,967.0000,945.0000,960.5000,1662400
961.5000,968.8800,956.0000,967.0000,1756500
971.5000,982.0000,966.0000,978.0000,2512700
983.5000,1002.0000,980.5000,988.0000,2175900
980.5000,985.0000,960.0000,979.5000,2229600
991.0000,1030.0000,988.0000,1028.0000,2827600
1032.0000,1041.0000,1022.0000,1023.0000,1002300
1026.0000,1037.0000,1009.0000,1035.0000,1988700
1030.0000,1056.0000,1018.0000,1052.0000,4434000
1030.0000,1047.0000,1025.0000,1045.0000,3137000
1047.0000,1050.0000,1032.0000,1048.0000,3033000
1043.0000,1048.0000,1041.0000,1048.0000,1777000
1046.0000,1053.0000,1040.6400,1051.0000,3203400
1050.0000,1064.0000,1040.0000,1042.0000,982800
1039.0000,1049.1899,1018.0000,1035.0000,1345700
1058.0000,1099.0000,1040.0000,1096.0000,3609400
1077.0000,1085.0000,1071.0000,1074.0000,3025600
1084.0000,1100.0000,1072.0000,1095.0000,3299100
1091.0000,1094.0000,1082.0000,1090.0000,1303400
1092.0000,1107.1700,1092.0000,1107.0000,2339300
1106.0000,1113.0000,1089.0000,1091.0000,2339400
1100.0000,1125.0000,1085.0000,1094.0000,1998000
1096.0000,1112.0000,1087.0000,1091.0000,1755800
1085.0000,1105.0000,1079.0000,1102.0000,1311500
1106.0000,1106.0000,1067.7900,1068.0000,1789200
1058.0000,1076.0000,1048.0000,1070.0000,2276300
1070.0000,1097.0000,1070.0000,1084.0000,1468500
1082.0000,1092.0000,1062.0000,1080.0000,1503200
1083.0000,1086.0000,1069.0000,1071.0000,1427400
1063.0000,1066.0000,1035.5000,1051.0000,1789900
1049.0000,1063.0000,1034.9000,1035.0000,4049200
1033.0000,1048.0000,1013.0000,1045.0000,2012900
1044.0000,1068.0000,1038.0000,1066.0000,1289400
1067.0000,1095.0000,1066.0000,1077.0000,1310300
1072.0000,1077.0000,1040.0000,1042.0000,1673900
1047.0000,1063.0000,1023.0000,1026.0000,2166000
1028.0000,1061.0000,1028.0000,1049.0000,2479700
1054.0000,1057.0000,1030.0000,1041.0000,1673600
1044.0000,1075.0000,1038.3300,1073.0000,1647100
1077.0000,1077.0000,1051.0000,1054.0000,952700
1054.0000,1090.0000,1054.0000,1083.0000,987500
1073.0000,1078.0000,1046.0000,1047.0000,1107000
1050.0000,1058.0000,1006.0000,1007.0000,2783900
1012.0000,1029.3900,1009.0000,1025.0000,1419200
1029.0000,1039.0000,1020.0000,1020.0000,1383400
1009.0000,1012.0000,989.5000,998.5000,1699200
990.5000,991.0000,967.5000,990.0000,1085600
991.0000,994.5000,962.0000,963.5000,1154200
980.0000,986.5000,968.0000,985.0000,1269100
983.5000,1007.0000,978.0000,1004.0000,1425900
1004.0000,1004.0000,1004.0000,1004.0000,0
1004.0000,1004.0000,1004.0000,1004.0000,0
1002.0000,1015.0000,1001.0000,1004.0000,1003800
985.0000,999.8000,983.4000,996.5000,1429200
1000.0000,1019.0000,1000.0000,1002.0000,1699700
998.5000,1005.0000,975.0000,978.5000,936200
984.5000,984.5000,961.5000,969.0000,989400
971.5000,980.0000,967.5000,972.5000,1128800
971.0000,985.0000,967.5000,982.5000,1003800
983.5000,989.5000,977.5000,982.5000,554000
980.5000,982.5000,959.5000,973.5000,1682000
973.5000,973.5000,973.5000,973.5000,0
976.0000,988.5000,968.7320,985.0000,1559200
986.0000,1011.0000,979.0000,992.0000,1227200
998.0000,1020.0000,995.0000,1013.0000,1625200
1014.0000,1018.0000,1006.0000,1016.0000,801300
1022.0000,1043.0000,1022.0000,1040.0000,1150100
1045.0000,1049.0000,1031.0000,1031.0000,956300
1040.0000,1075.0000,1040.0000,1044.0000,1383200
1045.0000,1049.0000,1008.0000,1010.0000,1276300
1012.0000,1017.0000,979.0000,995.0000,2056600
998.0000,1026.0000,992.0000,1023.0000,2582100
1024.0000,1029.0000,1019.0000,1026.0000,802500
1023.0000,1042.3101,1015.0000,1042.0000,753300
1047.0000,1054.0000,1040.0000,1052.0000,693100
1055.0000,1085.0000,1052.0000,1072.1000,1200000
1072.1000,1072.1000,1072.1000,1072.1000,0
1081.0000,1087.0000,1075.0000,1085.0000,1611800
1085.0000,1090.0000,1074.0000,1090.0000,906800
1089.0000,1093.0000,1080.0000,1083.0000,467600
1082.0000,1082.0000,1069.0000,1071.0000,908600
1073.0000,1080.0000,1066.0000,1077.0000,1304900
1078.0000,1082.0000,1068.0000,1075.0000,1831900
1074.0000,1097.0000,1072.0000,1095.0000,942900
1095.0000,1108.0000,1089.0000,1097.0000,1758500
1098.0000,1126.0000,1098.0000,1123.0000,930000
1125.0000,1140.0000,1109.0000,1119.0000,1904700
1119.0000,1119.0000,1089.0000,1097.0000,1499300
1097.0000,1097.9000,1066.0000,1067.0000,2114700
1067.0000,1074.0000,1060.0000,1073.0000,1376800
1070.0000,1070.0000,1034.0000,1058.0000,1580800
1052.0000,1062.0000,1042.0000,1050.0000,640000
1054.0000,1067.0000,1048.0000,1057.0000,974200
1061.0000,1074.0000,1056.0000,1070.0000,984600
1083.0000,1099.0000,1081.0000,1095.0000,1464400
1096.0000,1105.0000,1093.0000,1097.0000,1540100
1103.0000,1104.0000,1092.0000,1100.0000,1172100
1103.0000,1106.0000,1093.0000,1093.0000,1262300
1087.0000,1097.0000,1074.0000,1081.0000,694400
1087.0000,1088.0000,1074.0000,1082.0000,603600
1081.0000,1085.0000,1061.0000,1072.0000,1001200
1068.0000,1073.0000,1057.0000,1062.0000,1312300
1069.0000,1070.0000,1060.0000,1067.0000,1132400
1068.0000,1073.0000,1062.0000,1065.0000,1140400
1065.0000,1081.0000,1057.0000,1073.0000,1426100
1073.0000,1073.0000,1058.0000,1059.0000,480300
1057.0000,1060.0000,1041.0000,1044.0000,857100
1051.0000,1051.0000,1029.0000,1031.0000,1621500
1031.0000,1031.0000,1017.0000,1025.0000,1020800
1030.0000,1030.0000,999.5000,1010.0000,1718500
1014.0000,1031.0000,1011.0000,1024.0000,1418700
1031.0000,1036.0000,1025.0000,1033.0000,688700
1033.0000,1039.0000,1025.0000,1032.0000,3145200
1035.0000,1060.0000,1031.0000,1057.0000,873400
1057.0000,1057.0000,1033.0000,1036.0000,1027000
1031.0000,1041.0000,1019.0000,1039.0000,736400
1038.0000,1042.0000,1025.0000,1034.0000,698300
1040.0000,1053.0000,1029.0000,1051.0000,980100
1051.0000,1052.0000,1029.0000,1034.0000,2338800
1038.0000,1052.0000,1027.0000,1051.0000,1233800
1049.0000,1062.0000,1048.0000,1057.0000,774800
1061.0000,1065.0000,1052.0000,1060.0000,653600
1064.0000,1088.0000,1064.0000,1074.0000,1165800
1076.0000,1077.0000,1049.0000,1054.0000,1008900
1055.0000,1055.0000,1036.0000,1043.0000,807300
1037.0000,1042.0000,1012.0000,1031.0000,1057000
1040.0000,1042.0000,1022.0000,1031.0000,791100
1040.0000,1046.0000,1026.0000,1030.0000,838000
1026.0000,1026.0000,1003.0000,1018.0000,1046300
1024.0000,1026.0000,993.0000,1010.0000,1089700
995.0000,1005.0000,978.0000,1001.0000,1177500
1010.0000,1027.0000,1010.0000,1025.0000,740200
1023.0000,1025.0000,1004.0000,1009.0000,651900
1012.0000,1018.0000,1005.0000,1012.0000,773000
1009.0000,1014.0000,1005.0000,1010.0000,611600
1012.0000,1023.0000,1004.0000,1006.0000,825100
1018.0000,1023.0000,1011.0000,1014.0000,544200
1015.0000,1031.0000,1015.0000,1023.0000,718900
1012.0000,1012.0000,995.5000,1004.0000,740400
1005.0000,1019.0000,995.5000,1018.0000,740100
1016.0000,1017.0000,1001.0000,1007.0000,626300
1007.0000,1007.0000,1007.0000,1007.0000,0
1015.0000,1034.0000,1012.0000,1028.0000,1152400
1030.0000,1044.0000,1028.0000,1040.0000,676300
1038.0000,1039.0000,1026.0000,1031.0000,922500
1036.0000,1036.0000,1020.0000,1033.0000,760700
1032.0000,1032.0000,1007.0000,1012.0000,886100
1014.0000,1029.0000,1009.0000,1018.0000,857800
1020.0000,1045.0000,1014.0000,1039.0000,1355900
1041.0000,1061.0000,1038.0000,1052.0000,1271200
1050.0000,1051.0000,1034.0000,1045.0000,1043600
1043.0000,1064.0000,1035.0000,1063.0000,1397700
1058.0000,1069.0000,1051.0000,1057.0000,1853300
1051.0000,1060.0000,1039.0000,1058.0000,720600
1060.0000,1060.0000,1038.0000,1059.0000,642000
1057.0000,1068.0000,1052.0000,1063.0000,767400
1063.0000,1073.0000,1054.0000,1072.0000,809600
1074.0000,1078.0000,1068.0000,1075.0000,1235200
1080.0000,1094.3500,1079.0000,1086.0000,727600
1090.0000,1099.0000,1082.3600,1085.0000,1351100
1096.0000,1103.1000,1084.0000,1093.0000,1272700
1087.0000,1092.0000,1070.0000,1072.0000,871700
1077.0000,1077.0000,1038.0000,1046.0000,1316000
1044.0000,1048.0000,1026.0000,1045.0000,1001000
1040.0000,1052.0000,1017.0000,1023.0000,1145600
1022.0000,1035.0000,1001.0000,1028.0000,1190500
1026.0000,1032.0000,1011.0000,1024.0000,896400
1028.0000,1029.0000,1000.0000,1011.0000,1105000
1011.0000,1026.0000,1005.0000,1012.0000,1378600
1006.0000,1027.0000,976.0000,976.5000,1705900
988.0000,1001.0000,977.0000,992.5000,1138200
995.5000,1007.0000,982.0000,1006.0000,1231500
1008.0000,1009.0000,973.0000,973.0000,1326800
972.0000,974.0000,960.5000,967.0000,1420400
978.5000,980.5000,953.5000,956.0000,1281400
944.5000,962.5000,931.5000,956.5000,1735700
950.0000,974.5000,945.0000,966.0000,2266600
959.5000,981.0000,959.5000,976.5000,1617900
977.5000,981.5000,938.5000,943.5000,2429400
945.0000,964.0000,919.0000,956.0000,3247100
956.0000,992.5000,954.5000,992.0000,1721700
985.5000,991.5000,968.5000,973.5000,1481600
965.0000,1007.0000,961.5000,1002.0000,1780000
1009.0000,1012.0000,1001.0000,1005.0000,1195800
999.5000,1016.0000,986.5000,1012.0000,966800
1006.0000,1014.0000,1000.0000,1003.0000,741400
1013.0000,1018.0000,986.5000,987.0000,962200
996.0000,1016.0000,996.0000,1012.0000,872100
1019.0000,1029.0000,1012.0000,1013.0000,810500
1016.0000,1039.0000,1010.0000,1037.0000,1481200
1050.0000,1062.0000,1044.0000,1053.0000,1435500
1052.0000,1059.0000,1042.0000,1044.0000,884400
1046.0000,1073.0000,1044.0000,1049.0000,1212200
1055.0000,1074.0000,1055.0000,1066.0000,1135400
1058.0000,1065.0000,1053.0000,1060.0000,1300700
1064.0000,1072.0000,1057.0000,1058.0000,1742700
1064.0000,1073.0000,1058.0000,1069.0000,877800
1068.0000,1079.0000,1067.0000,1076.0000,473700
1072.0000,1074.0000,1051.0000,1055.0000,875300
1062.0000,1075.0000,1057.0000,1068.0000,842400
1069.0000,1076.0000,1063.0000,1069.0000,812100
1066.0000,1081.0000,1063.0000,1073.0000,754500
1075.0000,1090.0000,1070.0000,1080.0000,903100
1081.0000,1085.0000,1068.0000,1076.0000,992300
1074.0000,1080.0000,1052.0000,1068.0000,936800
1069.0000,1102.0000,1058.0000,1093.0000,1554000
1093.0000,1096.0000,1082.0000,1085.0000,632800
1086.0000,1087.0000,1069.0000,1080.0000,973800
1076.0000,1089.0000,1063.0000,1070.0000,1243000
1072.0000,1092.0000,1071.0000,1088.0000,838800
1083.0000,1101.0000,1067.0000,1095.0000,1191300
1070.0000,1087.0000,1056.0000,1086.0000,1443900
1086.0000,1100.0000,1083.0000,1094.0000,1157300
1091.0000,1103.1600,1087.0000,1090.0000,1583600
1097.0000,1108.0000,1088.0000,1092.0000,1007400
1096.0000,1104.0000,1091.0000,1102.0000,1077100
1094.0000,1094.0000,1079.0000,1081.0000,1155000
1069.0000,1080.0000,1046.0000,1047.0000,1634100
1051.0000,1084.0000,1049.0000,1077.0000,2378500
1074.0000,1077.0000,1060.0000,1067.0000,1271800
1055.0000,1062.0000,1030.0000,1033.0000,1355200
1028.0000,1045.0000,1004.0000,1006.0000,2363300
1006.0000,1037.0000,986.0000,1037.0000,2402800
1014.0000,1014.0000,985.5000,1004.0000,3245400
1018.0000,1032.0000,1017.0000,1032.0000,2404300
1039.0000,1064.0000,1029.0000,1059.0000,2497600
1062.0000,1071.0000,1050.0000,1060.0000,1257700
1057.0000,1073.1000,1054.0000,1069.0000,835600
1047.0000,1069.0000,1047.0000,1062.0000,139700
1062.0000,1062.0000,1062.0000,1062.0000,0
1062.0000,1062.0000,1062.0000,1062.0000,0
1068.0000,1075.0000,1061.0000,1069.0000,586200
1063.0000,1069.0000,1050.0000,1052.0000,536100
1062.0000,1062.0000,1050.0000,1050.0000,225700
1050.0000,1050.0000,1050.0000,1050.0000,0
1057.0000,1059.0000,1041.0000,1049.0000,954200
1042.0000,1068.0000,1018.0000,1021.0000,1981900
1022.0000,1034.0000,1006.0000,1018.0000,1083100
1022.0000,1034.0000,1010.0000,1023.0000,979400
1039.0000,1056.0000,1030.9399,1053.0000,744900
1048.0000,1056.0000,1042.0000,1049.0000,1223500
1055.0000,1080.0000,1055.0000,1067.0000,917300
1065.0000,1089.0000,1065.0000,1081.0000,961700
1059.0000,1061.0000,1035.0000,1052.0000,1758400
1062.0000,1078.2100,1040.0000,1078.0000,1347700
1069.0000,1073.0000,1048.0000,1063.0000,1042200
1065.0000,1080.0000,1061.0000,1075.0000,551500
1085.0000,1093.0000,1078.0000,1088.0000,923600
1092.0000,1111.0000,1090.0000,1111.0000,1636300
1117.0000,1143.0000,1112.0000,1138.0000,1437300
1156.0000,1174.3600,1145.0000,1150.0000,1418700
1138.0000,1178.0000,1135.0000,1178.0000,1203500
1183.0000,1195.0000,1166.0000,1174.0000,1758000
1188.0000,1200.7200,1163.0000,1177.0000,1820900
1174.0000,1194.0000,1174.0000,1188.0000,1390200
1196.0000,1209.0000,1188.0000,1189.0000,1380800
1195.0000,1200.0000,1177.0000,1189.0000,1128200
1195.0000,1218.0000,1192.0000,1210.0000,1151600
1210.0000,1212.0000,1190.0000,1205.0000,1159500
1199.0000,1218.0000,1196.0000,1218.0000,952500
1219.0000,1227.0000,1211.0000,1217.0000,857300
1215.0000,1215.0000,1191.0000,1205.0000,850900
1214.0000,1239.0000,1214.0000,1227.0000,1735700
1227.0000,1229.0000,1212.0000,1228.0000,740400
1230.0000,1266.0000,1229.0000,1258.0000,1427600
1261.0000,1275.4301,1246.0000,1257.0000,1420600
1252.0000,1266.0000,1245.1000,1251.0000,870400
1243.0000,1258.0000,1235.0000,1246.0000,1278900
1245.0000,1256.0000,1235.0000,1254.0000,1597800
1259.0000,1275.0000,1254.0000,1267.0000,1085800
1264.0000,1276.0000,1263.0000,1271.0000,995100
1272.0000,1283.0000,1265.0000,1277.0000,1062800
1282.0000,1311.0000,1277.0000,1310.0000,1685500
1313.0000,1351.0000,1313.0000,1340.0000,1775100
1333.0000,1338.0000,1328.0000,1338.0000,1250200
1333.0000,1340.0000,1325.0000,1330.0000,1830000
1332.0000,1347.0000,1324.0000,1330.0000,1678500
1327.0000,1346.0000,1316.0000,1317.0000,2149400
1326.0000,1328.0000,1301.1000,1322.0000,1881900
1320.0000,1352.0000,1315.0000,1352.0000,1229200
1356.0000,1364.0000,1344.0000,1347.0000,1651500
1344.0000,1346.0000,1330.0000,1340.0000,1602200
1330.0000,1345.0000,1309.0000,1309.0000,1547400
1313.0000,1336.0000,1312.0000,1332.0000,1794700
1334.0000,1343.0000,1324.0000,1330.0000,1149800
1330.0000,1343.0000,1328.0000,1340.0000,1354700
1342.0000,1364.0000,1342.0000,1360.0000,1844500
1359.0000,1364.0000,1328.0000,1342.0000,1204900
1339.0000,1362.0000,1336.0000,1360.0000,1219400
1365.0000,1369.0000,1340.0000,1346.0000,1400700
1349.0000,1350.0000,1326.0000,1348.0000,1695900
1342.0000,1342.0000,1323.0000,1340.0000,1411400
1337.0000,1352.0000,1329.0000,1339.0000,1329700
1344.0000,1365.0000,1336.0000,1340.0000,1185200
1326.0000,1326.0000,1291.0000,1308.0000,1647000
1308.0000,1316.0000,1292.0000,1303.0000,980200
1316.0000,1323.0000,1292.0000,1301.0000,1543400
1302.0000,1319.0000,1293.0000,1298.0000,1675800
1295.0000,1307.0000,1285.2800,1299.0000,1539400
1300.0000,1314.0000,1295.0000,1306.0000,990200
1306.0000,1306.0000,1306.0000,1306.0000,0
1306.0000,1306.0000,1306.0000,1306.0000,0
1315.0000,1350.0000,1315.0000,1350.0000,1768600
1354.0000,1370.0000,1347.0000,1360.0000,2045700
1364.0000,1401.0000,1364.0000,1397.0000,2047300
1401.0000,1417.0000,1394.0000,1416.0000,1720500
1411.0000,1417.0000,1401.0000,1411.0000,1581600
1407.0000,1414.0000,1390.0000,1400.0000,1641400
1406.0000,1406.0000,1384.0000,1387.0000,1876900
1393.0000,1396.0000,1373.0000,1383.0000,1774500
1385.0000,1397.0000,1353.0000,1358.0000,2273200
1367.0000,1387.0000,1362.0000,1368.0000,1381700
1373.0000,1391.0000,1364.0000,1374.0000,1493300
1383.0000,1391.0000,1337.5000,1353.0000,1218000
1334.0000,1351.0000,1313.0000,1322.0000,1592700
1343.0000,1358.0000,1325.0000,1354.0000,2833700
1349.0000,1372.0000,1342.0000,1366.0000,1066700
1360.0000,1367.0000,1334.0000,1339.0000,1603800
1335.0000,1346.0000,1299.4000,1312.0000,1555700
1312.0000,1323.0000,1296.0000,1323.0000,1897600
1319.0000,1327.0000,1303.0000,1322.0000,615300
1322.0000,1322.0000,1322.0000,1322.0000,0
1327.0000,1338.0000,1291.0000,1291.0000,1466000
1288.0000,1327.0000,1284.0000,1311.0000,1962900
1308.0000,1325.0000,1279.0000,1320.0000,2146400
1341.0000,1353.0000,1326.0000,1347.0000,1620900
1347.0000,1352.0000,1319.0000,1322.0000,1394100
1312.0000,1322.0000,1292.0000,1298.0000,1457000
1400.0000,1450.3000,1390.0000,1414.0000,3891900
1423.0000,1459.0000,1420.0000,1453.0000,2082100
1452.0000,1471.0000,1445.9500,1451.0000,1675000
1456.0000,1467.0000,1443.0000,1460.0000,1488800
1474.0000,1491.0000,1469.0000,1485.0000,1738300
1485.0000,1523.0000,1482.0000,1521.0000,2276200
1518.0000,1522.0000,1501.0000,1509.0000,1463400
1517.0000,1523.0000,1503.0000,1515.0000,1427300
1515.0000,1515.0000,1515.0000,1515.0000,0
1512.0000,1534.0000,1493.0000,1502.0000,2759900
1502.0000,1506.0000,1479.0000,1504.0000,2268500
1503.0000,1505.0000,1483.0000,1493.0000,2281400
1493.0000,1498.0000,1462.0000,1476.0000,23457800
1478.0000,1488.0000,1450.0000,1454.0000,2330800
1462.0000,1471.0000,1433.0000,1437.0000,3059100
1437.0000,1439.0000,1417.0000,1426.0000,2992100
1422.0000,1422.0000,1388.0000,1399.0000,2517600
1398.0000,1404.9500,1370.0000,1381.0000,1600200
1381.0000,1386.0000,1368.0000,1368.0000,1334400
1369.0000,1409.0000,1362.0000,1395.0000,3631000
1397.0000,1425.0000,1386.0000,1417.0000,2456600
1416.0000,1434.0000,1403.0000,1414.0000,1844900
1411.0000,1418.0000,1388.0000,1400.0000,2020300
1390.0000,1391.0000,1362.0000,1362.0000,1355000
1360.0000,1383.0000,1351.0000,1380.0000,1982700
1384.0000,1390.0000,1360.0000,1368.0000,2728600
1362.0000,1404.5000,1352.0000,1400.0000,2140500
1397.0000,1418.0000,1393.0000,1410.0000,2664200
1435.0000,1437.0000,1418.0000,1428.0000,2453200
1434.0000,1438.0000,1425.0000,1431.0000,1224600
1428.0000,1433.0000,1412.0000,1417.0000,1320000
1415.0000,1445.0000,1411.0000,1441.0000,1162700
1435.0000,1440.0000,1423.0000,1429.0000,1025800
1382.0000,1406.0000,1382.0000,1384.0000,1623600
1377.0000,1387.0000,1363.0000,1371.0000,1654800
1380.0000,1399.0000,1371.0000,1393.0000,1462100
1389.0000,1395.0000,1380.0000,1387.0000,945500
1384.0000,1393.0000,1378.0000,1385.0000,971200
1364.0000,1374.0000,1356.0000,1361.0000,906000
1366.0000,1372.0000,1352.0000,1354.0000,1799800
1352.0000,1378.0000,1341.0000,1374.0000,1659100
1383.0000,1432.0000,1378.0000,1432.0000,3364200
1459.0000,1460.0000,1440.0000,1454.0000,1677300
1472.0000,1485.0000,1467.0000,1484.0000,1259000
1484.0000,1493.0000,1469.0000,1483.0000,1377700
1479.0000,1511.0000,1479.0000,1507.0000,1315600
1517.0000,1518.0000,1506.0000,1516.0000,1403100
1516.0000,1519.0000,1504.0000,1518.0000,971100
1519.0000,1526.0000,1512.0000,1523.0000,1678800
1528.0000,1531.6000,1503.0000,1520.0000,1583100
1504.0000,1525.0000,1504.0000,1506.0000,1325300
1517.0000,1520.0000,1508.0000,1519.0000,1334000
1515.0000,1528.0000,1489.0000,1493.0000,1166900
1487.0000,1493.0000,1468.0000,1483.0000,1136500
1496.0000,1519.0000,1491.0000,1515.0000,1593300
1523.0000,1544.0000,1506.0000,1543.0000,1836100
1551.0000,1552.0000,1518.0000,1529.0000,1402100
1537.0000,1541.0000,1522.0000,1540.0000,1500900
1530.0000,1549.0000,1526.0000,1543.0000,984100
1543.0000,1583.0000,1531.0000,1583.0000,2522900
1582.0000,1597.0000,1582.0000,1594.0000,1890800
1594.0000,1606.0000,1552.0000,1559.0000,1817500
1562.0000,1606.0000,1560.0000,1597.0000,1305000
1605.0000,1614.3600,1592.0000,1611.0000,1469000
1601.0000,1607.0000,1574.0000,1583.0000,2095200
1571.0000,1589.2500,1526.0000,1535.0000,1977300
1560.0000,1570.0000,1546.0000,1559.0000,1426800
1559.0000,1579.7800,1552.0000,1570.0000,1321700
1576.0000,1578.0000,1540.0000,1566.0000,1584300
1566.0000,1585.0000,1549.6899,1557.0000,1496300
1551.0000,1565.0000,1534.0000,1534.0000,1169300
1514.0000,1518.2000,1467.0000,1488.0000,2953600
1469.0000,1469.9500,1445.0000,1445.0000,2232400
1388.0000,1396.0000,1313.0000,1355.0000,3108600
1368.0000,1426.0000,1359.0000,1422.0000,2714500
1408.0000,1441.0000,1384.0000,1405.0000,2203100
1437.0000,1469.0000,1427.0000,1464.0000,1650800
1470.0000,1480.0000,1452.0000,1478.0000,1704900
1478.0000,1478.0000,1478.0000,1478.0000,0
1460.0000,1464.0000,1408.0000,1417.0000,1644400
1429.0000,1463.0000,1417.0000,1455.0000,1786300
1470.0000,1497.0000,1470.0000,1493.0000,1865600
1478.0000,1482.0000,1456.0000,1465.0000,1674000
1477.0000,1479.0000,1446.0000,1468.0000,996500
1473.0000,1495.0000,1473.0000,1487.0000,1336000
1523.0000,1524.0000,1468.0000,1472.0000,1648767
1457.0000,1485.0000,1453.0000,1485.0000,1576953
1486.0000,1493.0000,1455.0000,1467.0000,995515
1475.0000,1493.0000,1464.0000,1478.0000,1147405
1477.0000,1489.0000,1464.0000,1478.0000,1359587
1450.0000,1465.0000,1404.0000,1409.0000,2752600
1407.0000,1424.0000,1404.0000,1408.0000,1799699
1408.0000,1420.0000,1367.0000,1380.0000,2304814
1373.0000,1409.0000,1373.0000,1387.0000,986652
1386.0000,1388.0000,1332.0000,1336.0000,1825396
1340.0000,1376.0000,1327.7300,1368.0000,1437540
1372.0000,1384.0000,1357.0000,1366.0000,2151596
1395.0000,1407.0000,1389.0000,1397.0000,1180132
