920.0000,975.0000,915.0000,920.0000,9864600
920.0000,923.5000,918.0000,920.0000,5002700
917.0000,919.0000,875.0000,877.0000,1697900
900.0000,930.0000,885.0000,930.0000,3411100
923.0000,925.0000,916.5000,917.0000,2976000
920.0000,930.0000,915.0000,924.0000,570900
925.0000,925.0000,914.0000,915.0000,1113500
920.0000,925.5000,919.0000,925.0000,1085000
940.0000,940.0000,916.0830,916.5000,819300
929.5000,929.5000,910.0000,925.0000,1061900
920.5000,958.0000,920.0790,958.0000,3297900
960.5000,997.0000,948.0000,995.0000,1971100
1020.0000,1020.0000,970.5000,989.0000,922700
995.0000,1008.0000,983.0000,1005.0000,947000
1000.0000,1022.0000,971.0000,978.0000,517500
1025.0000,980.5350,960.5000,971.0000,816200
975.0000,985.0000,922.0000,922.0000,1078600
922.0000,958.5000,922.0000,934.5000,443000
925.0000,945.5000,925.0000,939.0000,662900
943.5000,943.5000,937.0000,939.5000,270000
954.0000,960.0000,920.0000,945.0000,444700
945.0000,970.0000,945.0000,970.0000,99100
980.0000,980.0000,960.0000,968.0000,591400
960.0000,980.0000,960.0000,975.0000,670800
970.0000,999.0000,970.0000,994.5000,353500
991.0000,1020.0000,991.0000,1000.0000,504700
1011.0000,1013.0000,1001.0000,1010.0000,769300
1007.0000,1015.0000,986.0000,1015.0000,974800
1032.0000,1040.0000,995.0000,1015.0000,1083400
1022.0000,1024.0000,997.5000,1015.0000,1221900
1000.0000,1025.0000,994.0000,1020.0000,831800
1030.0000,1030.0000,998.5000,1024.0000,1398800
1040.0000,1040.0000,1008.0000,1026.0000,1262700
1020.0000,1026.0000,985.0000,997.5000,1948500
995.0000,1030.0000,992.0000,1017.0000,2431500
1019.0000,1040.0000,996.0000,1040.0000,20463800
1038.0000,1045.0000,1024.0000,1035.0000,1177800
1038.0000,1060.0000,1035.0000,1056.0000,1311300
1055.0000,1080.0000,1050.0000,1078.0000,1357300
1077.0000,1117.0000,1071.0000,1109.0000,1400800
1122.0000,1130.0000,1107.0000,1130.0000,478800
1130.0000,1130.0000,1130.0000,1130.0000,0
1130.0000,1130.0000,1130.0000,1130.0000,0
1130.0000,1130.0000,1097.0000,1109.0000,434500
1107.0000,1120.0000,1086.0000,1092.0000,142300
1101.0000,1128.0000,1093.0000,1094.0000,265100
1094.0000,1094.0000,1094.0000,1094.0000,0
1130.0000,1130.0000,1116.0000,1130.0000,298800
1130.0000,1130.0000,1122.0000,1124.0000,187300
1120.0000,1130.0000,1110.0000,1116.0000,248600
1122.0000,1130.0000,1116.0000,1126.0000,119400
1122.0000,1130.0000,1117.0000,1118.0000,115700
1138.0000,1140.0000,1126.0000,1138.0000,371100
1130.0000,1158.0000,1130.0000,1154.0000,464400
1149.0000,1150.0000,1101.0000,1105.0000,657500
1112.0000,1112.0000,1089.0000,1100.0000,719100
1105.0000,1105.0000,1084.0000,1091.0000,273200
1111.0000,1129.0000,1091.0000,1129.0000,297900
1130.0000,1150.0000,1109.0000,1140.0000,713300
1132.0000,1145.5000,1095.0000,1102.0000,958800
1080.0000,1107.0000,1080.0000,1096.0000,547000
1104.0000,1109.0000,1092.6400,1098.0000,232500
1098.0000,1103.0000,1078.0000,1083.0000,682300
1093.0000,1093.0000,1062.0000,1069.0000,228000
1074.0000,1176.0000,1074.0000,1152.0000,1649900
1148.0000,1166.5000,1118.3300,1125.0000,812000
1120.0000,1132.0000,1115.0000,1131.0000,473400
1115.0000,1146.0000,1115.0000,1137.0000,452700
1135.0000,1160.0000,1135.0000,1155.0000,377300
1167.0000,1173.0000,1145.0000,1170.0000,241100
1161.0000,1189.0000,1156.9000,1165.0000,224800
1146.0000,1195.1200,1146.0000,1175.0000,380300
1171.0000,1179.0000,1144.0000,1156.0000,303700
1150.0000,1172.0000,1137.0000,1140.0000,164200
1155.0000,1169.0000,1142.0000,1145.0000,139900
1152.0000,1152.0000,1118.0000,1124.0000,146000
1139.0000,1139.0000,1094.0000,1100.0000,212200
1109.0000,1115.0000,1100.0000,1103.0000,166900
1115.0000,1125.0000,1100.0000,1112.0000,154000
1097.0000,1103.0000,1063.0000,1075.0000,369700
1084.0000,1102.7500,1069.0000,1069.0000,390600
1071.0000,1096.0000,1071.0000,1084.0000,302500
1088.0000,1112.0000,1034.0000,1045.0000,303300
1040.0000,1056.0000,1031.0000,1045.0000,372100
1049.0000,1067.0000,1044.0000,1049.0000,532300
1058.0000,1058.0000,1030.0000,1049.0000,320100
1047.0000,1053.0000,1036.7000,1053.0000,140600
1059.0000,1092.0000,1039.0000,1069.0000,624600
1063.0000,1112.0000,1063.0000,1084.0000,827900
1090.0000,1090.0000,1058.0000,1060.0000,329300
1055.0000,1066.0000,1045.0000,1049.0000,253800
1038.0000,1049.0000,1014.0000,1016.0000,234400
1020.0000,1020.0000,928.0000,951.5000,1142500
945.0000,971.0000,945.0000,967.5000,271700
973.5000,998.5000,971.5000,998.5000,671300
994.5000,1017.0000,994.5000,1006.0000,677100
1013.0000,1013.0000,1003.0000,1008.0000,274900
1020.0000,1020.0000,1001.0000,1010.0000,221200
1022.0000,1022.0000,992.7820,994.0000,416000
1000.0000,1015.0000,980.8750,995.0000,641200
1000.0000,1002.0000,947.5000,961.5000,2591500
967.0000,970.9770,946.0000,962.0000,781400
954.5000,963.0000,947.5000,950.5000,609000
958.5000,976.0000,953.0000,968.0000,824700
972.0000,973.5000,935.0000,941.0000,1575900
940.5000,962.0000,932.1120,960.5000,564800
957.5000,957.5000,935.0000,935.0000,675800
936.5000,950.0000,935.0000,936.5000,562200
928.0000,938.0000,923.0000,925.0000,646700
921.0000,948.5000,906.3000,914.5000,708200
912.0000,935.5000,911.8000,923.5000,802400
921.0000,941.5000,917.0000,938.0000,878700
946.0000,951.5000,933.0000,936.5000,512200
927.5000,940.0000,895.0000,895.0000,1018300
900.5000,932.0000,888.0000,932.0000,969900
932.0000,932.0000,932.0000,932.0000,0
932.0000,932.0000,932.0000,932.0000,0
920.0000,953.0000,920.0000,930.5000,700900
917.0000,944.5000,917.0000,935.0000,479200
927.0000,962.0000,927.0000,959.5000,843300
968.0000,989.0000,955.8460,967.5000,1257400
958.0000,990.6510,957.5000,985.5000,686000
981.5000,990.0000,961.5000,988.0000,415000
982.0000,995.0000,979.0000,991.0000,334100
1000.0000,1005.0000,986.0000,1002.0000,1243800
1013.0000,1013.0000,986.4380,988.0000,359000
990.0000,990.0000,950.5000,956.5000,306700
956.5000,964.5000,946.0000,950.0000,284000
960.0000,960.6190,925.5000,939.0000,545500
948.0000,948.0000,915.0000,915.0000,691500
918.5000,918.5000,894.0000,894.0000,1055200
905.0000,930.5000,896.0000,915.0000,1098900
912.5000,994.9300,910.0000,918.0000,117600
922.0000,927.5000,903.5000,913.0000,569100
919.0000,919.0000,898.5000,905.0000,421100
893.0000,898.5000,875.0000,883.0000,892300
883.0000,883.0000,883.0000,883.0000,0
865.5000,867.0000,805.0000,806.5000,976300
808.0000,808.0000,747.5000,767.5000,806500
800.0000,875.0000,800.0000,816.5000,826900
827.0000,827.0000,792.5000,805.5000,225200
817.5000,817.5000,787.5000,794.5000,403300
790.5000,817.5000,790.5000,808.5000,470400
769.5000,805.0000,751.0000,797.5000,478800
800.0000,812.0000,768.5000,777.0000,562600
761.5000,802.0000,751.0000,799.0000,716300
759.5000,834.0000,759.5000,828.0000,713100
832.0000,856.5000,829.0000,839.5000,584300
827.0000,827.0000,791.5000,794.0000,743500
795.0000,811.5000,783.5000,805.5000,342300
798.0000,811.5000,796.0000,801.0000,350800
801.5000,832.0000,801.5000,813.0000,283000
818.0000,828.5000,811.5000,817.0000,425700
817.0000,817.0000,789.5000,792.0000,405900
790.5000,820.0000,765.5000,771.5000,534100
765.0000,778.5000,765.0000,765.0000,1090000
765.0000,765.0000,765.0000,765.0000,0
765.0000,765.0000,765.0000,765.0000,0
751.5000,807.0000,751.5000,803.0000,1322200
814.0000,845.5000,799.5000,815.0000,755600
815.0000,821.0000,801.0000,814.5000,1171600
841.0000,841.0000,802.0000,809.5000,1026900
808.5000,811.0000,783.0000,790.0000,1355100
800.5000,802.0000,787.0000,795.5000,715600
788.5000,838.5000,788.5000,827.0000,1283600
826.5000,888.0330,801.5000,887.5000,7252500
900.0000,912.0000,882.0000,909.5000,944000
906.0000,920.0000,902.5000,906.5000,782800
915.5000,941.0000,900.5000,940.0000,864900
919.5000,940.0000,916.0000,919.5000,763800
905.0000,929.0000,900.0000,913.5000,632400
918.0000,933.0000,915.0000,925.0000,419700
932.0000,944.0000,929.5000,931.0000,458700
927.5000,930.5000,895.0000,907.5000,428000
900.0000,906.0000,871.0000,880.0000,517800
908.5000,919.5000,889.0000,909.0000,281300
919.0000,931.5000,906.0000,919.5000,378800
916.0000,931.5000,916.0000,928.0000,269200
929.0000,934.5000,920.0000,922.0000,152500
926.5000,932.0000,890.0000,894.0000,547500
899.5000,899.5000,858.5000,864.5000,394300
876.0000,885.0000,856.5000,883.0000,308600
891.0000,902.5000,876.5000,877.0000,223200
865.5000,868.5000,830.0000,834.0000,494300
822.5000,828.0000,811.0000,821.0000,686900
828.5000,877.0000,826.0000,877.0000,569200
873.0000,878.5000,858.0000,858.0000,228600
852.5000,865.0000,847.0000,847.0000,616800
845.5000,854.5000,835.0000,849.0000,308200
844.5000,857.5000,837.5000,847.5000,199300
856.0000,857.5000,821.0000,826.0000,540700
811.0000,814.0000,795.0000,802.5000,372700
799.0000,808.5000,792.5000,795.0000,294200
792.0000,821.5000,782.0000,811.5000,338100
822.0000,903.0000,814.5000,873.5000,703700
881.5000,881.5000,852.5000,875.5000,427700
871.5000,897.0000,869.0000,886.5000,256500
885.0000,906.0000,871.5000,871.5000,355100
882.0000,883.5000,867.0000,883.5000,206700
876.5000,899.5000,849.5000,852.0000,171700
844.0000,885.5000,844.0000,884.0000,196100
876.0000,905.0000,875.0000,890.0000,368000
886.5000,932.0000,886.5000,932.0000,564600
925.0000,937.0000,916.5000,935.0000,292100
946.5000,950.0000,927.0000,932.5000,212300
931.0000,936.0000,911.5000,927.5000,275200
949.5000,949.5000,909.5000,915.5000,219000
909.0000,926.5000,909.0000,926.0000,84800
928.0000,937.5000,901.5000,906.0000,165700
915.0000,928.0000,906.0000,919.5000,446900
934.5000,934.5000,911.5000,934.0000,143500
939.5000,939.5000,923.5000,927.0000,147100
940.0000,970.0000,936.5000,967.0000,773200
967.0000,974.5000,958.0000,958.5000,272100
977.5000,988.0000,967.0000,976.5000,459600
985.0000,985.0000,963.5000,979.0000,401900
979.0000,979.0000,979.0000,979.0000,0
998.5000,998.5000,965.5000,970.5000,315700
970.5000,984.5000,969.0000,976.5000,560900
985.0000,992.0000,969.5000,977.5000,410400
997.0000,1000.0000,968.0000,968.0000,818100
961.5000,982.0000,961.5000,971.0000,1217800
972.5000,973.5000,948.5000,955.0000,921000
958.0000,966.0000,947.0000,957.0000,875100
965.5000,1020.0000,958.0000,1020.0000,924900
1014.0000,1055.3900,1013.0000,1044.0000,672400
1033.0000,1058.0000,1033.0000,1035.0000,364600
1039.0000,1040.0000,1014.0000,1019.0000,1390400
1027.0000,1046.0000,1008.0000,1015.0000,443200
1022.0000,1023.0000,996.0000,1010.0000,759300
1033.0000,1094.0000,1033.0000,1081.0000,1626900
1072.0000,1100.0000,1071.0000,1089.0000,489900
1079.0000,1095.0000,1070.0000,1091.0000,270400
1100.0000,1110.0000,1080.0000,1085.0000,427300
1067.0000,1089.0000,1044.0000,1087.0000,246000
1097.0000,1103.0000,1075.0000,1082.0000,522500
1067.0000,1086.0000,1062.0000,1079.0000,348700
1084.0000,1084.0000,1066.0000,1068.0000,395400
1060.0000,1078.0000,1037.0000,1054.0000,487100
1059.0000,1066.0000,1049.1500,1060.0000,418200
1074.0000,1089.0000,1067.0000,1085.0000,449300
1082.0000,1134.0000,1080.0000,1125.0000,674800
1115.0000,1140.0000,1115.0000,1127.0000,426500
1118.0000,1141.0000,1116.0000,1128.0000,313100
1130.0000,1150.0000,1130.0000,1135.0000,391200
1135.0000,1152.0000,1132.0000,1149.0000,329000
1137.0000,1154.0000,1123.0000,1150.0000,139800
1143.0000,1185.0000,1142.0000,1156.0000,684000
1150.0000,1152.4800,1122.0000,1130.0000,330600
1124.0000,1162.0000,1067.5699,1152.0000,356300
1151.0000,1153.7000,1126.0000,1127.0000,284300
1118.0000,1135.3000,1118.0000,1126.0000,369900
1158.0000,1166.0000,1133.0000,1160.0000,443400
1172.0000,1178.0000,1138.0000,1155.0000,493200
1161.0000,1166.0000,1139.0000,1155.0000,602600
1151.0000,1175.0000,1148.2700,1166.0000,359300
1159.0000,1178.0000,1149.0000,1151.0000,159100
1154.0000,1157.0000,1106.0000,1109.0000,666500
1109.0000,1125.0000,1096.0000,1098.0000,378000
1097.0000,1117.0000,1087.0000,1108.0000,1290800
1092.0000,1117.0000,1089.0000,1114.0000,611000
1113.0000,1124.0000,1099.0000,1119.0000,232300
1116.0000,1130.2500,1108.0000,1116.0000,275100
1120.0000,1124.0000,1110.0000,1114.0000,328800
1119.0000,1126.0000,1115.0000,1123.0000,1211800
1116.0000,1138.0000,1109.0000,1129.0000,450000
1118.0000,1131.0000,1109.0000,1110.0000,572300
1120.0000,1120.0000,1095.0000,1111.0000,391800
1121.0000,1156.3000,1109.0000,1115.0000,495300
1120.0000,1129.0000,1110.0000,1118.0000,328600
1122.0000,1122.0000,1098.0000,1114.0000,314000
1116.0000,1154.0000,1109.0000,1149.0000,363700
1147.0000,1148.0000,1110.0000,1125.0000,426300
1122.0000,1131.0000,1111.0000,1117.0000,247200
1109.0000,1112.0000,1082.0000,1104.0000,543300
1104.0000,1128.0000,1100.0000,1111.0000,546800
1118.0000,1141.0000,1118.0000,1135.0000,282600
1135.0000,1139.6200,1123.0000,1135.0000,212100
1135.0000,1135.0000,1115.0000,1120.0000,229200
1122.0000,1124.0000,1107.0000,1108.0000,307000
1105.0000,1116.0000,1085.0000,1099.0000,560100
1102.0000,1102.0000,1073.0000,1074.0000,348700
1091.0000,1098.0000,1075.0000,1079.0000,254400
1068.0000,1074.0000,1042.0000,1042.0000,390900
1053.0000,1070.0000,1045.0000,1048.0000,435800
1053.0000,1070.0000,1050.0000,1062.0000,284500
1074.0000,1080.3400,1057.0000,1061.0000,201300
1058.0000,1062.0000,1046.0000,1050.0000,497000
1060.0000,1077.0000,1053.0000,1064.0000,471000
1060.0000,1072.0000,1060.0000,1066.0000,299000
1062.0000,1098.0000,1062.0000,1088.0000,325400
1092.0000,1093.0000,1077.0000,1087.0000,202000
1088.0000,1117.4000,1088.0000,1116.0000,550700
1110.0000,1147.0000,1098.0000,1143.0000,488500
1144.0000,1159.0000,1128.0000,1149.0000,476600
1149.0000,1183.0000,1144.0000,1175.0000,418100
1189.0000,1197.0000,1150.0800,1181.0000,481400
1183.0000,1194.0000,1160.1300,1185.0000,985700
1185.0000,1185.0000,1169.0000,1180.0000,570800
1168.0000,1179.0000,1153.0000,1159.0000,224500
1159.0000,1183.0000,1143.0000,1176.0000,416700
1180.0000,1180.0000,1159.0000,1165.0000,71200
1165.0000,1165.0000,1165.0000,1165.0000,0
1170.0000,1194.0000,1165.0000,1189.0000,200900
1192.0000,1197.0000,1159.3000,1169.0000,106700
1150.0000,1177.0000,1148.0000,1175.0000,65400
1175.0000,1175.0000,1175.0000,1175.0000,0
1177.0000,1231.0000,1177.0000,1218.0000,260000
1220.0000,1228.0000,1202.0000,1219.0000,183200
1210.0000,1210.0000,1171.0000,1174.0000,462200
1174.0000,1179.2500,1149.0000,1151.0000,270600
1144.0000,1160.5000,1138.0000,1147.0000,615700
1149.0000,1160.0000,1130.0000,1135.0000,508100
1142.0000,1152.0000,1121.0000,1147.0000,433100
1148.0000,1161.0000,1139.0000,1158.0000,398800
1154.0000,1158.7900,1136.0000,1136.0000,282400
1130.0000,1130.0000,1095.0000,1104.0000,543100
1107.0000,1112.0000,1094.0000,1097.0000,319600
1091.0000,1094.0000,1076.0000,1084.0000,272500
1082.0000,1099.0000,1077.0000,1081.0000,251500
1089.0000,1090.0000,1060.0000,1075.0000,273000
1072.0000,1075.3500,1032.0000,1055.0000,507500
1059.0000,1086.0000,1055.0000,1059.0000,354400
1055.0000,1111.0000,1052.0000,1090.0000,1152900
1108.0000,1119.0000,1101.0000,1116.0000,1005600
1104.0000,1137.0000,1102.5000,1109.0000,573700
1112.0000,1116.0000,1101.0000,1110.0000,637900
1100.0000,1114.0000,1070.0000,1088.0000,1135400
1083.0000,1090.0000,1063.0000,1072.0000,402800
1076.0000,1098.0000,1072.0000,1093.0000,306500
1094.0000,1107.0000,1072.3400,1075.0000,513800
1075.0000,1090.0000,1066.0000,1067.0000,271100
1072.0000,1095.0000,1065.0000,1078.0000,255500
1080.0000,1083.2100,1049.0000,1054.0000,429900
1059.0000,1073.0000,1048.0000,1050.0000,293900
1048.0000,1066.0000,1045.0000,1049.0000,264700
1049.0000,1055.0000,1031.0000,1054.0000,288200
1050.0000,1077.0000,1050.0000,1062.0000,467000
1061.0000,1067.0000,1019.0000,1022.0000,369200
1032.0000,1032.0000,997.5000,997.5000,581900
1002.0000,1012.0000,995.5000,999.0000,351400
997.5000,1013.0000,995.0000,1007.0000,239300
1010.0000,1030.0000,965.0000,967.5000,583200
968.0000,970.0000,939.3050,946.0000,1426700
955.0000,983.0000,955.0000,982.5000,770400
977.0000,1015.0000,976.5000,1004.0000,753900
981.5000,1000.0000,977.0000,998.5000,706300
999.0000,1016.0000,988.5000,1013.0000,411500
1019.0000,1022.0000,991.5000,999.0000,435200
988.5000,1010.0000,961.0000,1002.0000,666400
986.5000,993.0000,969.0000,985.0000,578200
990.0000,1007.0000,972.0000,989.0000,427100
992.0000,993.5000,973.5000,975.5000,229400
955.5000,981.5000,950.0000,951.5000,810900
957.0000,962.0000,940.5000,944.0000,846700
940.0000,946.0000,935.0000,936.5000,728900
935.0000,944.0000,930.0000,938.5000,990000
935.0000,941.5000,925.0000,930.5000,1113000
925.5000,940.0000,920.5000,937.0000,587800
946.0000,946.0000,915.0000,916.0000,2858700
901.5000,913.5000,878.0000,880.5000,1148400
870.5000,875.5000,839.5000,857.5000,1503100
862.0000,879.5000,859.5000,870.0000,621800
872.5000,880.5000,855.5000,876.0000,993100
871.5000,879.5000,868.5000,872.5000,828600
874.0000,891.0000,855.5000,857.5000,665400
865.5000,883.0000,857.0000,881.0000,921700
879.0000,884.0000,858.0000,867.5000,987900
873.0000,879.5000,863.5000,866.5000,595000
866.5000,866.5000,866.5000,866.5000,0
866.5000,866.5000,866.5000,866.5000,0
860.5000,883.5000,857.5000,876.5000,717700
863.5000,873.0000,853.0000,857.5000,700800
850.0000,871.5000,844.5000,845.5000,926100
847.5000,859.5000,829.5000,838.0000,698100
840.0000,890.5000,840.0000,882.0000,1186000
880.0000,894.0000,875.0000,886.0000,782700
885.0000,912.5000,885.0000,893.0000,992400
884.0000,892.3400,875.0000,877.0000,435500
877.0000,883.5000,850.1550,859.0000,403200
838.5000,840.5000,744.0000,746.0000,2001100
738.0000,758.0920,728.5000,744.0000,1033800
749.0000,749.0000,700.0000,706.0000,1068700
701.5000,728.5000,690.5000,716.5000,892000
729.5000,739.0000,700.0000,714.0000,966100
723.5000,727.0000,712.0000,720.0000,1044400
723.0000,741.7100,712.5000,740.5000,502500
741.0000,785.0000,741.0000,760.5000,909000
761.0000,789.0000,755.0000,787.0000,1006600
788.0000,789.5000,754.5000,757.0000,739300
758.0000,761.5000,738.0000,739.5000,1009400
736.0000,743.0600,692.0000,695.5000,2038700
705.0000,710.5000,676.5000,680.0000,860300
681.5000,709.0000,663.5000,704.0000,788100
705.0000,741.0000,704.5000,733.5000,639200
733.5000,733.5000,733.5000,733.5000,0
734.5000,748.0000,729.0000,732.5000,492200
740.0000,747.0000,727.5000,729.5000,493900
726.5000,741.5000,725.0000,730.0000,542300
727.5000,738.0000,693.5000,698.0000,758700
690.5000,707.5000,690.0000,701.0000,1116900
700.0000,721.0000,692.5000,712.0000,910100
697.5000,698.0000,652.5000,654.5000,1396200
659.5000,663.0000,628.5000,633.5000,987000
633.5000,653.5000,627.1880,633.5000,805800
640.5000,640.5000,600.0000,617.0000,947700
625.0000,681.5000,621.0000,669.0000,1528800
665.0000,691.5000,648.5000,674.0000,1199200
665.0000,675.0020,652.0000,665.0000,607000
671.0000,672.5180,646.2500,648.5000,506700
648.5000,648.5000,648.5000,648.5000,0
655.0000,667.0000,646.8420,665.5000,499600
665.0000,665.0000,641.0000,658.0000,571200
661.5000,695.5000,661.5000,690.0000,1167000
687.5000,700.0000,679.0000,690.5000,1109700
703.5000,718.1340,696.5000,703.5000,874700
702.5000,708.7080,695.0000,702.0000,546000
694.0000,709.0000,674.5000,675.5000,1619700
681.0000,686.0000,672.5000,675.5000,827600
675.0000,685.5000,664.5000,675.5000,996100
682.0000,682.0000,633.0000,644.0000,1218800
644.0000,648.5000,608.0000,617.0000,1207900
622.0000,631.0000,611.0000,628.0000,677100
615.0000,642.0000,615.0000,639.0000,781700
636.5000,650.5000,632.5000,649.5000,965600
662.0000,662.0000,644.0000,650.5000,577900
650.0000,655.5000,636.0000,638.0000,528400
641.0000,643.0000,611.5000,614.5000,1008000
606.0000,606.0000,539.0000,541.0000,2120900
540.0000,588.0000,514.0000,525.5000,6412900
525.0000,525.0000,493.3000,493.3000,1353900
500.5000,506.5000,482.4000,492.0000,1187200
491.3000,492.1000,462.4000,464.0000,1536500
464.1000,469.8000,440.2000,455.8000,1133400
455.9000,467.1180,439.5000,453.4000,1794900
460.0000,486.4000,460.0000,485.2000,1221100
481.4000,513.5000,479.8000,494.2000,1463600
487.5000,496.6000,464.5000,481.5000,1481000
489.7000,511.0000,481.8000,503.5000,1258000
507.0000,513.0000,470.1000,472.4000,1362500
470.6000,479.8000,461.8000,474.4000,1374200
481.4000,510.0000,478.1000,506.0000,1507000
505.0000,505.0000,475.0000,479.1000,684600
497.0000,531.0000,497.0000,519.0000,1371000
513.5000,520.0000,500.5000,506.0000,1490300
509.0000,523.0000,504.5000,515.5000,971800
510.5000,555.5000,510.5000,552.5000,756300
550.5000,578.0000,550.5000,571.5000,1286000
568.0000,585.8140,552.0000,583.0000,669500
580.0000,610.0000,552.5000,597.0000,1509300
604.5000,634.0540,602.0000,624.5000,819900
621.5000,645.0000,621.5000,640.5000,770400
628.5000,646.0600,619.0000,628.5000,1002600
625.0000,628.0000,606.0000,621.5000,816700
630.0000,645.0000,615.5000,625.5000,732300
630.0000,642.5000,614.5000,636.5000,670100
636.0000,646.0000,619.5000,645.0000,1563200
639.0000,650.0000,636.0000,646.5000,978500
655.0000,691.5000,643.0000,675.5000,1066300
670.0000,672.5000,641.5000,670.5000,1464000
659.0000,669.5000,654.0000,667.5000,775500
665.0000,668.0000,631.0000,637.0000,1515700
640.0000,656.0000,621.5000,652.5000,1520400
662.0000,695.5000,655.5000,693.0000,933500
691.5000,723.5000,687.0000,716.5000,1236400
721.0000,744.0000,721.0000,727.0000,2616600
724.5000,761.0000,724.5000,755.5000,1129100
749.5000,755.5000,731.3700,747.0000,725900
752.0000,752.5000,714.6800,718.5000,884600
740.5000,786.0450,740.5000,783.5000,996100
791.0000,791.0000,767.0000,784.5000,1003600
785.0000,797.0000,755.5000,793.5000,1291500
798.5000,798.5000,765.0000,787.0000,560100
787.0000,811.5000,786.5000,802.5000,934200
789.5000,812.0000,782.0000,809.5000,816100
809.5000,809.5000,809.5000,809.5000,0
711.0000,792.5000,711.0000,741.0000,1831700
732.5000,732.5000,668.0000,698.0000,3307500
689.0000,736.0000,681.0000,730.5000,2848700
710.0000,768.3350,704.5000,755.5000,2316400
754.5000,767.0000,727.0000,736.0000,771900
725.0000,746.5000,724.4800,743.0000,653400
747.5000,759.0000,731.5000,749.0000,626800
760.0000,761.5000,739.0000,746.5000,750000
743.0000,774.0000,725.0000,769.0000,1476800
772.0000,781.0000,764.5000,767.5000,526100
769.0000,777.0000,744.0000,756.0000,927900
763.0000,764.0000,727.0000,736.5000,1691600
735.0000,751.5000,721.0000,735.0000,2136500
728.0000,728.0000,698.0000,709.5000,2738300
688.5000,697.0000,632.0000,659.5000,3968700
651.0000,681.5200,643.5000,655.5000,2360400
649.5000,676.0000,649.5000,654.0000,2545400
749.0000,784.0000,704.5000,705.5000,1380200
710.0000,711.0000,665.0000,669.0000,1783800
681.0000,681.0000,645.0000,658.0000,1090200
661.0000,702.5000,651.5000,677.0000,2502200
669.5000,681.0000,656.0000,662.0000,2595800
666.5000,689.5000,659.5000,689.5000,2183200
679.0000,681.5000,661.0000,670.0000,1468000
654.5000,662.5000,646.0000,654.0000,950700
654.0000,656.0000,617.0000,626.5000,1327900
621.5000,653.5000,616.0000,648.0000,829800
642.5000,651.0000,622.5000,626.0000,928300
621.0000,627.0000,612.0000,624.0000,781800
616.0000,625.5000,605.0000,610.5000,805200
606.0000,611.0000,588.3000,603.5000,1228300
611.5000,611.5000,588.5000,594.0000,1414200
595.0000,613.5000,586.5000,590.0000,1109900
595.5000,600.5000,551.5000,559.0000,966300
563.5000,567.0000,550.4430,559.5000,809200
563.5000,570.5000,542.5000,548.5000,1001200
541.0000,547.5000,518.0000,525.0000,1323400
530.0000,573.5000,520.5000,570.0000,1346900
583.0000,605.5000,535.0580,601.0000,1571100
606.0000,622.0000,595.0000,596.0000,628500
588.0000,618.5000,584.5000,614.0000,742700
605.0000,615.0000,594.0000,597.5000,923900
610.0000,612.5000,598.8560,606.5000,361400
618.0000,629.5000,610.0000,612.5000,631000
619.5000,621.0000,601.5000,618.5000,448700
608.5000,623.5000,608.5000,616.0000,768200
609.0000,622.0000,609.0000,622.0000,387000
613.0000,615.5000,594.5000,599.5000,641800
598.0000,599.5400,560.0000,566.5000,656300
562.5000,582.5000,562.5000,571.5000,578600
576.5000,602.0000,575.5000,595.5000,693200
591.5000,601.0000,573.0000,577.5000,715600
569.0000,610.5000,569.0000,587.0000,962500
577.0000,590.5000,559.0000,567.5000,828000
568.5000,572.2500,559.5000,567.5000,415000
558.0000,559.5000,530.0000,536.5000,886200
541.0000,552.0000,525.0000,545.0000,1170700
545.0000,561.5000,543.0000,557.0000,989700
551.5000,573.5000,551.0000,558.0000,690100
550.0000,567.0000,543.5000,556.0000,317300
552.0000,567.0000,540.0000,556.0000,409700
549.5000,560.5000,535.5000,541.0000,500400
543.0000,543.0000,513.0000,520.0000,602800
521.5000,528.8700,500.0000,524.0000,1120000
521.0000,531.0000,508.5000,511.0000,467700
517.5000,519.0000,500.0000,507.0000,472700
503.5000,533.1090,503.5000,527.0000,1285600
532.0000,546.5000,526.5000,543.5000,553400
540.0000,550.5000,528.5000,533.5000,428100
531.5000,541.0000,509.0000,510.0000,595900
504.0000,509.0000,473.8000,498.0000,2851000
503.0000,515.0000,482.2000,500.5000,1116000
489.0000,513.5000,470.0000,477.3000,1244800
484.1000,504.0000,477.7000,498.2000,1507700
503.5000,514.5000,481.4000,507.0000,1255000
507.5000,526.3700,499.5000,514.0000,1037800
518.0000,518.0000,494.3000,496.9000,6112400
494.3000,503.5000,481.0000,498.2000,1398900
494.2000,503.4000,486.6000,496.3000,633700
498.1000,518.1800,491.3380,512.5000,758200
508.0000,510.5000,495.3000,506.0000,921200
498.8000,526.5000,498.8000,517.5000,1582200
525.0000,526.5000,500.0000,516.0000,1242800
512.0000,512.0000,470.4000,493.1000,4474900
489.1000,516.0000,475.9000,511.5000,1807100
498.0000,546.0000,498.0000,530.0000,387600
530.0000,530.0000,530.0000,530.0000,0
530.0000,530.0000,530.0000,530.0000,0
531.0000,576.0000,520.0000,565.0000,1126300
562.0000,583.5000,558.6620,577.5000,783300
573.0000,587.0000,572.0120,575.0000,211100
575.0000,575.0000,575.0000,575.0000,0
573.5000,594.0000,566.0000,584.5000,946000
586.0000,602.0000,573.5000,591.0000,666500
588.0000,588.0000,560.9130,564.5000,1056100
569.0000,582.5000,551.5000,569.0000,1134100
569.0000,579.2320,552.0000,572.0000,973400
566.5000,567.5000,527.0000,528.0000,1273600
530.5000,547.0000,527.5000,530.0000,996300
529.5000,545.0000,525.5000,535.5000,793900
529.0000,542.5000,522.0000,530.0000,1173100
534.5000,537.5000,501.0000,514.0000,1480200
525.0000,554.0000,513.0000,543.5000,1870300
545.5000,558.0000,528.0000,539.0000,2403000
543.5000,570.5000,540.3000,570.0000,1234000
577.0000,599.0000,565.5000,569.5000,1122300
575.0000,581.2400,557.0000,558.5000,645500
556.0000,587.0000,546.8000,586.0000,999300
582.5000,603.5000,565.5000,596.0000,1572200
594.0000,610.0000,586.5000,601.5000,1324100
601.0000,607.5000,585.5000,590.0000,621800
600.5000,609.0000,588.5000,600.5000,993100
601.0000,601.0000,575.0000,579.5000,940300
583.0000,593.3000,568.5000,577.5000,815200
578.0000,592.0000,575.5000,582.0000,950300
577.0000,589.0000,569.5000,584.0000,578000
582.0000,596.0000,570.0000,592.0000,598600
597.0000,600.0000,582.5000,585.5000,588600
592.0000,596.0000,583.0000,593.5000,438300
600.5000,605.0000,598.0000,604.0000,562500
617.5000,631.0000,612.0000,630.0000,1597800
637.0000,645.0000,627.0000,642.0000,4466500
638.0000,639.5000,617.0000,636.5000,837000
639.0000,661.5000,639.0000,657.5000,726600
666.5000,690.0000,666.5000,684.0000,1248300
681.5000,681.5000,655.5000,671.0000,1553900
672.5000,677.5000,654.0000,660.0000,880300
650.5000,650.5000,630.5000,641.0000,658900
638.5000,664.0000,638.5000,660.0000,535100
661.5000,662.1450,645.5000,660.5000,428900
663.0000,663.0000,640.0000,656.0000,955000
649.0000,660.0000,640.0000,640.0000,336600
635.5000,650.0000,629.2000,650.0000,484700
657.0000,657.0000,629.5000,633.5000,419800
618.0000,629.0000,556.5000,560.5000,2075400
580.0000,589.2000,565.0000,579.0000,1500500
568.0000,572.0000,550.5000,568.5000,608700
564.5000,601.5000,564.5000,591.0000,613600
597.0000,601.5000,562.0000,565.0000,622300
565.0000,568.7400,543.5000,550.5000,602500
556.5000,562.5000,545.0000,553.5000,727900
562.0000,567.5000,544.5000,559.0000,455500
561.0000,566.5000,551.5000,557.5000,607000
549.5000,572.5000,540.0000,569.5000,494400
573.5000,627.5000,568.1000,622.0000,1226300
625.5000,639.5000,607.5000,636.0000,585900
629.5000,636.5000,606.5000,612.0000,645700
611.0000,620.0000,599.5000,614.0000,474500
616.5000,637.5000,616.0000,626.5000,660900
629.5000,630.5000,608.5000,610.0000,317700
605.5000,612.0000,580.0000,595.0000,675900
593.5000,615.3500,593.5000,603.0000,518000
598.5000,608.0240,585.0000,601.0000,505700
609.5000,617.5000,588.0000,615.5000,337900
605.0000,633.5000,596.0000,620.5000,446400
619.0000,642.0000,619.0000,641.5000,261800
635.0000,645.0000,609.5000,638.0000,494700
634.5000,642.0000,601.5000,605.0000,872000
596.5000,632.6200,596.5000,626.0000,630400
617.5000,632.5000,613.0000,624.5000,361900
632.0000,642.0000,623.5000,634.0000,927800
635.5000,640.5000,601.2920,609.5000,753700
617.5000,622.5000,612.0000,620.0000,371600
612.5000,622.0000,603.5000,612.5000,209800
616.0000,641.5000,609.0000,641.0000,340100
639.0000,639.0000,607.0000,615.0000,411600
625.0000,628.0000,605.0000,614.5000,282900
609.0000,617.9000,595.5000,613.5000,258700
613.5000,613.5000,613.5000,613.5000,0
613.5000,613.5000,613.5000,613.5000,0
617.5000,617.5000,601.0000,608.0000,274400
602.5000,617.0000,601.0000,605.0000,281600
605.0000,619.5000,597.0000,610.5000,457200
600.0000,608.5000,586.5000,591.5000,284400
592.5000,592.5000,580.0000,585.0000,2132700
586.5000,593.5000,578.0000,588.0000,160200
599.5000,599.5000,550.0000,566.0000,500700
554.0000,561.2000,540.5000,548.0000,192300
540.0000,562.0000,540.0000,562.0000,311100
562.0000,562.0000,562.0000,562.0000,0
554.5000,560.5000,543.0000,558.0000,279400
557.5000,564.0000,547.0000,560.0000,206700
564.5000,577.0000,561.0000,562.0000,175000
559.0000,568.5000,548.0000,552.5000,152500
560.0000,583.5000,560.0000,567.0000,307800
569.0000,589.5000,560.5000,566.5000,259900
570.0000,580.0000,561.5300,569.5000,260500
570.0000,589.5000,557.0000,557.0000,286800
561.0000,564.0000,539.0000,560.0000,276600
565.0000,575.0000,551.0000,556.0000,272800
561.0000,576.5000,549.0000,553.0000,179900
557.5000,557.5000,538.0280,543.0000,293100
545.0000,550.0000,507.0000,510.5000,1736300
502.0000,511.5000,492.3000,508.5000,2406000
508.5000,508.5000,508.5000,508.5000,0
510.5000,536.0000,506.5000,519.5000,1670700
517.5000,533.5000,514.0000,522.5000,415900
519.0000,533.0000,518.0000,531.5000,193700
527.5000,537.0000,521.5000,523.0000,271700
528.0000,538.5700,526.0000,530.5000,257700
528.5000,531.7000,517.5000,523.5000,325400
524.5000,534.0000,519.0000,524.5000,248500
524.5000,532.5000,513.5200,526.5000,327100
529.5000,549.5000,520.0000,548.5000,502600
548.5000,555.5000,542.0000,545.5000,226400
540.5000,551.0000,534.0000,536.5000,267800
549.5000,560.0000,537.5000,555.0000,541300
552.5000,554.0000,535.5000,537.5000,397200
531.0000,541.5000,529.0000,538.0000,339900
538.0000,568.5000,536.5000,543.5000,1591700
548.5000,548.5000,516.5000,526.5000,567000
531.0000,546.0000,521.5000,537.0000,452900
543.5000,569.2770,540.5000,559.5000,1165500
561.0000,575.0000,559.5000,563.5000,850500
569.5000,573.5000,567.0000,568.5000,272700
575.5000,575.5000,563.0000,563.5000,413300
564.0000,564.0000,549.5000,552.5000,258800
558.0000,577.0000,547.5000,574.0000,318000
574.0000,584.0000,563.5000,568.5000,268900
564.5000,585.5000,562.0000,578.5000,233000
583.0000,603.5000,574.0000,592.0000,643300
589.5000,601.5000,583.5000,593.0000,427200
587.5000,601.5000,580.5000,586.5000,538500
582.0000,593.0000,579.5000,586.0000,301200
579.5000,583.2800,569.5000,579.0000,252700
582.0000,587.0000,567.5000,568.5000,504600
572.5000,579.0580,564.5000,575.5000,193000
577.5000,584.0000,572.5000,581.0000,340200
585.0000,585.0000,559.5000,564.5000,359700
565.0000,576.5000,557.5000,560.5000,379200
554.5000,570.5180,544.5000,550.0000,320700
554.0000,558.6660,540.5000,558.0000,411100
552.5000,556.8200,536.3800,538.0000,286200
531.5000,544.5000,519.0000,532.0000,669000
523.5000,538.0000,520.2590,537.0000,198700
546.5000,552.0000,537.2500,547.0000,185200
550.0000,553.5000,541.5000,549.5000,229400
548.5000,548.5000,531.0000,533.0000,264800
536.0000,542.0000,530.0000,542.0000,201300
535.5000,549.5000,526.0000,531.0000,209000
538.0000,538.0000,525.5000,527.0000,293200
530.5000,532.0000,514.5000,523.0000,199900
527.5000,530.0000,502.0000,507.5000,491000
505.5000,515.0360,494.2000,508.5000,541600
513.5000,516.5000,504.5560,512.5000,155800
508.5000,520.8300,503.0000,507.5000,209500
502.0000,535.0000,501.0000,531.5000,380400
534.0000,543.0000,515.0000,516.5000,408500
518.0000,532.0000,511.5000,515.5000,6362800
524.5000,538.5000,520.5000,532.0000,232800
527.0000,539.5000,527.0000,533.5000,187900
535.0000,538.0000,524.0000,535.0000,212000
531.0000,553.0000,530.5000,545.5000,214900
548.0000,556.3200,540.5000,542.0000,392400
544.0000,546.2000,535.0000,535.5000,160600
542.5000,550.5000,528.0000,530.5000,306200
528.5000,534.0000,524.5000,528.0000,234100
540.5000,546.0000,520.0000,521.0000,405200
522.5000,526.0000,508.0000,516.5000,403900
516.5000,516.5000,516.5000,516.5000,0
519.0000,524.5000,502.0000,523.0000,556800
521.5000,546.5000,519.0000,540.5000,591600
538.5000,541.0000,527.0000,532.5000,329600
539.0000,543.0000,529.0000,541.0000,343100
542.5000,547.5000,534.5000,538.5000,302000
537.5000,544.5000,529.5000,534.5000,276200
518.0000,547.5000,518.0000,524.0000,557300
529.5000,536.5000,524.0000,532.5000,268500
526.5000,530.0000,516.5000,519.0000,278600
524.0000,548.0000,505.5000,506.0000,571800
505.5000,518.2000,505.5000,513.5000,284000
515.0000,528.0000,315.1810,514.0000,367600
520.5000,520.5000,499.7000,503.5000,336000
498.8000,511.5000,498.8000,505.0000,230300
501.0000,509.5000,490.6000,505.0000,481500
506.5000,509.0000,498.4000,502.5000,270700
508.5000,510.0000,496.9000,501.5000,379500
502.0000,502.5000,472.2000,481.3000,660800
483.2000,490.8000,471.5000,475.8000,1802800
475.7000,479.5000,466.7000,473.1000,592600
476.0000,490.2000,468.6000,483.3000,513400
485.1000,498.5000,483.6000,497.6000,348300
496.0000,496.0000,470.1700,475.7000,571500
476.1000,497.0000,473.8000,477.5000,1101100
476.1000,505.5000,470.5000,497.2000,1406300
498.5000,520.5000,491.8000,516.0000,1314200
512.0000,512.0000,486.3000,496.6000,870700
498.6000,502.0000,480.0000,497.0000,517300
498.4000,508.0000,470.6000,480.6000,863600
483.6000,499.9000,478.2000,490.8000,411200
493.2000,497.5000,484.7000,486.8000,268300
483.9000,489.5000,468.5220,470.7000,323400
481.0000,498.6000,478.0000,480.7000,715500
479.3000,479.4000,468.1000,471.6000,301400
474.8000,492.4000,474.8000,483.6000,335300
480.0000,503.5000,479.9800,491.1000,560900
496.0000,496.0000,475.9000,478.4000,310300
475.1000,487.0000,463.7000,475.5000,461500
475.2000,489.9000,470.0000,482.2000,306800
479.6000,481.1000,470.4000,470.4000,628400
470.0000,483.1000,470.0000,472.9000,482000
470.8000,475.1000,459.4960,465.3000,307700
460.6000,464.0000,450.0000,463.2000,643500
457.4000,469.0000,457.4000,468.2000,415700
469.0000,477.7000,468.3200,473.2000,2038700
473.0000,487.0000,470.3000,485.1000,369800
483.6000,501.0000,471.6000,490.6000,699200
487.2000,512.0000,474.6000,510.0000,3640500
509.5000,532.1700,509.0000,515.0000,3319000
509.0000,533.0000,508.5000,530.5000,978100
525.5000,542.0000,525.5000,540.0000,1113000
539.0000,555.0000,535.0000,555.0000,1835000
547.5000,552.0000,527.1000,530.0000,1175500
530.0000,536.5000,519.5000,534.5000,558500
532.5000,553.0000,532.5000,544.5000,871800
541.0000,545.0000,522.5000,536.5000,643000
532.0000,541.0000,530.5000,538.0000,328700
536.5000,538.0000,525.5000,533.0000,479700
531.0000,531.0000,513.5000,523.5000,624700
521.5000,540.0000,517.0000,532.0000,701600
530.5000,548.0000,530.0000,541.0000,709900
543.0000,547.5000,531.5000,538.5000,634900
534.0000,541.0000,530.0000,539.0000,456000
546.0000,567.5000,544.0000,554.0000,955000
559.5000,586.0000,537.0000,582.0000,2611900
577.5000,598.0000,577.5000,595.0000,877200
599.5000,606.5000,594.2330,600.0000,1576400
604.0000,604.0000,593.5000,600.0000,1615100
593.5000,600.0000,593.0000,599.0000,565200
589.5000,600.0000,586.0000,595.5000,1263200
595.0000,600.0000,595.0000,598.5000,2001500
596.5000,605.0500,595.5000,598.0000,1333800
607.5000,620.2400,597.5000,599.0000,1292700
606.0000,606.0000,593.5000,597.0000,2510200
598.0000,604.5000,595.0000,596.5000,339700
597.0000,600.0000,594.5000,595.0000,950600
602.5000,620.5000,595.0000,596.0000,4392700
601.5000,607.5000,588.0000,602.5000,573200
602.5000,602.5000,590.0000,595.0000,957200
593.0000,598.5000,590.3490,593.0000,5715200
591.5000,623.5000,568.0000,605.0000,3456500
608.5000,619.5000,599.0000,604.0000,1495300
600.0000,608.0000,582.0000,588.0000,781500
586.0000,589.0000,550.0000,550.0000,1557500
561.5000,590.5000,560.5000,573.0000,738700
574.5000,574.8290,534.3120,555.5000,509500
541.5000,557.0000,534.1500,544.0000,101700
544.0000,544.0000,544.0000,544.0000,0
544.0000,544.0000,544.0000,544.0000,0
556.5000,564.0000,548.0000,552.5000,291300
544.0000,575.0000,539.0000,570.5000,763400
569.0000,578.5000,559.5000,576.0000,412500
576.0000,576.0000,576.0000,576.0000,0
562.5000,584.0000,558.0000,569.0000,355300
565.0000,579.0000,550.5000,561.0000,332900
566.5000,576.0000,558.0000,568.0000,471300
566.0000,581.0000,566.0000,580.0000,312700
582.5000,600.0000,581.5000,596.0000,297100
596.0000,597.5000,579.5000,585.0000,477100
582.5000,594.5000,567.0000,570.0000,482700
569.5000,574.5000,563.0000,567.0000,258300
568.5000,568.5000,538.5000,539.5000,409700
547.0000,598.0000,547.0000,591.0000,545200
591.0000,598.0000,580.5000,587.0000,772900
594.5000,595.0000,586.0000,590.0000,410700
596.0000,600.0000,583.5000,598.5000,775200
599.5000,620.5000,593.2000,607.0000,1266300
610.0000,620.0000,604.0000,613.0000,470300
619.5000,629.5000,609.2400,612.5000,346800
611.0000,617.5000,601.0000,614.0000,164000
617.0000,617.5000,591.5000,597.0000,222600
604.0000,604.0000,588.5000,590.0000,176300
595.0000,608.5000,585.0000,598.5000,790500
592.5000,600.0000,587.5000,597.5000,212500
591.5000,602.5000,590.0000,597.0000,248200
591.5000,602.5000,591.5000,600.0000,218600
593.5000,604.2720,585.5000,600.0000,481400
592.0000,600.0000,585.0000,598.5000,438600
589.5000,609.0000,583.0000,585.0000,397000
572.5000,634.0000,572.5000,605.5000,438900
614.5000,625.6400,595.5000,598.5000,560900
600.0000,603.5000,583.5000,589.5000,275800
586.0000,602.0000,586.0000,594.0000,269100
597.0000,602.5000,581.0970,600.0000,393800
592.0000,605.5000,590.0000,595.5000,190200
595.5000,602.0000,592.7400,597.0000,285000
596.0000,599.5000,586.5000,588.5000,339200
592.0000,592.0000,580.0000,586.5000,139500
581.0000,600.0000,580.0000,597.0000,227600
593.5000,594.0000,559.5000,562.5000,312500
568.0000,586.5000,564.5000,579.5000,318600
585.5000,587.0000,561.5000,562.0000,290100
559.0000,572.0140,558.5000,561.0000,210700
562.5000,570.5000,559.1380,569.0000,202600
560.5000,574.5000,558.5000,564.0000,155000
559.0000,571.0000,557.0000,560.5000,249500
560.0000,565.0000,538.0000,544.5000,256000
545.0000,558.5000,540.0000,557.0000,295600
558.0000,564.0000,542.0000,545.0000,266800
533.0000,543.5000,517.5000,522.5000,315100
530.5000,530.5000,514.3700,514.5000,384400
525.0000,525.5000,501.0000,517.5000,383700
506.5000,537.5000,506.5000,532.0000,413000
526.5000,535.9760,515.5000,521.5000,358500
519.0000,520.5000,499.6000,502.5000,254400
507.5000,515.0000,503.0000,512.5000,251200
514.0000,522.0000,508.0290,516.5000,348700
523.0000,538.5000,521.2720,531.5000,272900
534.0000,540.0000,526.0000,538.0000,491900
544.5000,550.0000,538.5000,550.0000,253500
550.0000,564.5000,547.3200,554.0000,382100
559.0000,579.0000,555.5000,569.0000,373900
583.0000,587.0000,563.0000,567.0000,543300
567.0000,577.3800,552.5000,564.0000,349000
569.0000,574.0000,553.5000,569.0000,290200
566.0000,580.0000,557.0000,576.0000,17096400
577.5000,580.0000,564.0000,577.0000,355500
579.5000,586.5000,566.5000,569.0000,367900
569.0000,569.0000,569.0000,569.0000,0
569.0000,569.0000,569.0000,569.0000,0
580.0000,589.0000,570.0000,581.5000,288600
584.0000,590.0000,577.5000,581.0000,333400
586.0000,587.0000,576.5000,577.5000,277200
582.0000,590.5000,572.0000,578.5000,253200
576.5000,585.0000,571.0000,576.5000,344900
574.5000,585.5000,573.5000,578.5000,462100
584.5000,586.5000,576.0000,578.5000,357900
575.5000,586.5000,572.0000,572.0000,520900
571.0000,580.0000,554.0000,561.0000,572800
565.0000,569.5000,537.0000,543.5000,1513500
540.0000,547.8500,538.0000,545.5000,223500
542.5000,548.9200,529.5000,539.5000,519200
544.0000,552.0000,534.5000,550.5000,337400
554.0000,558.0000,548.0000,551.5000,270100
553.0000,555.0000,531.0000,541.0000,268900
542.0000,552.5000,536.0000,551.5000,196400
548.5000,552.0000,531.5000,538.0000,411300
531.5000,532.7130,518.5000,529.5000,533500
528.0000,547.2800,528.0000,536.0000,122600
536.0000,536.0000,536.0000,536.0000,0
540.0000,546.5000,527.0000,539.5000,433800
544.5000,555.0000,535.5000,550.5000,452400
548.0000,553.9000,532.0000,543.5000,305300
552.5000,577.5000,541.5000,563.5000,647900
557.0000,572.5000,557.0000,558.5000,138200
561.0000,571.0000,544.0000,547.5000,286400
551.5000,568.5000,550.5000,566.0000,193800
561.5000,567.0000,553.0000,557.5000,177100
558.5000,558.5000,542.5000,552.0000,246800
550.0000,565.5000,550.0000,558.5000,188500
552.5000,561.5000,545.0000,548.5000,259600
549.0000,567.5000,545.5000,561.0000,213600
560.0000,572.0000,554.0000,558.5000,155600
561.0000,567.0000,554.5000,558.0000,201700
558.0000,558.0000,558.0000,558.0000,0
551.5000,555.0000,542.0000,552.0000,154200
546.5000,557.0000,544.5000,552.5000,223000
552.5000,567.0000,550.0000,563.0000,298000
562.0000,564.0000,548.5000,557.0000,348900
554.0000,563.0000,548.5000,557.5000,138500
560.0000,573.0000,548.5000,569.0000,174700
566.0000,570.0000,556.0000,559.0000,186600
555.0000,558.0000,529.0000,533.0000,398300
531.0000,540.5000,525.5000,533.0000,208000
541.0000,541.0000,527.0000,533.0000,108800
535.5000,537.5000,528.5000,533.5000,167000
535.0000,545.0000,530.0000,538.5000,155500
540.0000,541.0000,533.4000,540.0000,124000
541.5000,546.0000,530.4600,539.0000,123900
533.0000,549.0000,533.0000,545.0000,216400
546.0000,550.0000,541.0000,543.5000,116700
544.0000,549.0000,539.0000,545.0000,174900
553.5000,572.0000,547.8980,566.0000,326600
573.5000,573.5000,555.0000,555.0000,614600
555.0000,557.5000,543.0000,550.0000,132800
547.0000,550.2300,536.0000,541.5000,179000
543.5000,553.5000,537.0000,538.0000,103700
535.0000,541.5000,528.0000,531.5000,242800
528.5000,538.0000,525.0000,536.5000,154600
523.0000,534.5000,519.5000,527.0000,122000
520.5000,526.5000,517.0000,518.5000,278300
515.5000,522.5000,510.0000,513.0000,385300
512.0000,519.0190,510.5000,513.5000,173800
515.0000,518.5000,510.0000,517.0000,107300
508.0000,515.5000,503.5000,513.0000,154700
509.5000,510.2280,483.8000,483.8000,219900
484.0000,492.6000,476.3000,487.5000,218400
495.0000,501.0000,490.2000,498.4000,240800
509.0000,509.0000,495.0000,496.7000,152600
484.0000,506.5000,484.0000,498.3000,163800
487.6000,505.5000,487.6000,505.5000,297900
506.0000,512.5000,496.3000,497.1000,250700
496.8000,502.5000,495.0000,499.0000,159800
496.8000,498.8000,474.7000,475.7000,260800
474.0000,483.9000,474.0000,478.4000,228200
475.5000,485.1000,472.8000,478.0000,208300
475.0000,480.0000,468.7000,473.1000,290700
474.5000,479.2000,462.9000,462.9000,176400
456.7000,464.3000,447.2000,448.7000,170400
458.9000,458.9000,438.0000,442.0000,231400
431.7000,468.4000,424.2000,457.7000,624400
459.3000,462.2000,443.5000,447.9000,238800
447.9000,456.4000,447.9000,451.4000,258800
453.6000,456.7000,443.2000,453.0000,124000
441.5000,447.7000,429.9000,434.3000,116500
435.7000,439.1000,424.2000,427.1000,217100
430.0000,437.6000,427.1000,435.0000,173300
428.9000,436.8000,426.3000,433.7000,99300
443.8000,445.6000,431.4000,434.6000,141200
439.5000,460.7000,433.2000,459.7000,253800
450.4000,463.6000,441.3000,442.7000,256700
434.1000,448.7000,434.1000,448.7000,361200
451.5000,455.5000,443.0000,453.1000,168300
456.4000,462.5000,452.6000,455.6000,118700
461.6000,464.3000,451.3000,459.4000,82500
469.9000,473.8000,458.7000,467.0000,219200
466.6000,468.3000,447.3000,447.3000,193800
458.0000,467.0000,450.1000,466.5000,495900
461.4000,487.0000,461.4000,485.3000,684900
473.9000,476.5000,441.0000,472.0000,530600
471.5000,475.3000,452.6000,460.3000,404100
459.0000,464.0000,444.0000,460.8000,335300
468.0000,478.8000,462.2000,474.3000,302900
465.4000,485.5000,459.3000,482.5000,408600
482.5000,482.5000,482.5000,482.5000,0
477.5000,488.8000,474.8000,483.2000,206500
485.6000,485.6000,467.9000,472.5000,161200
461.2000,487.8000,461.2000,482.4000,154200
478.7000,481.5000,465.4000,466.2000,96000
477.7000,477.7000,462.3000,466.6000,43700
457.1000,474.6000,457.1000,474.6000,140100
484.0000,504.5000,473.4000,496.7000,214363
496.8000,536.0000,484.5000,524.5000,472021
523.5000,534.0000,518.0000,520.5000,251542
530.0000,542.5000,521.5000,529.5000,383651
533.0000,547.0000,520.0000,533.6500,301653
550.0000,564.5000,541.0000,555.5900,648275
566.5000,566.5000,551.0000,562.2000,463023
550.5000,560.5000,538.0000,550.5000,1768662
536.0000,541.0000,530.0000,535.5000,362223
546.0000,546.0000,529.5000,529.5500,339230
541.0000,556.0000,537.5000,553.5000,198673
553.0000,558.5000,538.5000,554.5000,163788
555.0000,565.0000,546.0000,549.0000,194973
