244.0000,265.0000,220.0000,265.0000,34957400
267.0000,286.7500,245.7340,286.7500,11833400
282.0000,283.0000,272.8600,281.0000,2336200
285.0000,302.0000,277.0000,277.0000,1987300
276.0000,279.9000,272.0000,275.0000,4473400
278.5000,327.0000,250.0000,321.5000,4341000
323.0000,331.7500,302.0000,315.0000,624200
310.0000,320.0000,306.0000,320.0000,80000
321.7500,340.0000,319.9000,337.5000,379600
340.0000,357.0000,330.1000,334.0000,450900
338.0000,342.0000,330.1000,342.0000,184900
336.7500,338.0000,315.1000,325.0000,115300
315.0000,320.0000,290.0000,300.0000,341300
304.0000,310.0000,300.0000,310.0000,87700
305.0000,312.9000,297.1000,310.0000,77800
310.0000,315.0000,305.0000,310.2500,100000
305.0000,308.0000,301.5000,301.5000,70200
306.0000,306.0000,275.1000,280.5000,394700
279.0000,279.0000,256.0000,260.5000,224000
273.0000,273.0000,257.6000,270.7500,167200
267.0000,267.0000,262.0000,262.0000,119400
270.0000,270.0000,254.0000,261.0000,130900
260.0000,269.0000,260.0000,263.5000,91000
269.5000,269.5000,262.0000,262.0000,23600
257.0000,265.0000,257.0000,260.2500,53500
260.0000,269.0000,260.0000,265.0000,97100
270.0000,276.0000,266.1000,275.0000,57500
274.9000,276.0000,268.0000,276.0000,71900
271.0000,279.0000,271.0000,277.5000,232900
275.0000,275.5000,273.0000,275.2500,88100
279.0000,290.0000,275.0000,290.0000,112600
290.0000,302.0000,290.0000,298.0000,163800
302.0000,303.0000,294.0000,301.0000,311100
295.7500,305.0000,293.5000,301.0000,202700
300.0000,305.0000,298.0000,299.5000,909900
300.0000,302.0000,294.0000,295.0000,231100
300.0000,300.0000,280.0000,285.0000,240900
289.0000,289.0000,271.1000,282.0000,78400
270.0000,272.0000,265.0000,272.0000,142400
271.7500,274.0000,264.5000,265.2500,409500
272.0000,281.0000,267.0000,276.0000,1137000
281.0000,282.5000,275.0000,276.7500,353700
280.0000,298.1000,280.0000,282.0000,2053500
290.0000,290.0000,288.0000,288.0000,25300
288.0000,288.0000,288.0000,288.0000,0
288.0000,288.0000,288.0000,288.0000,0
295.0000,300.0000,295.0000,298.0000,265900
295.0000,298.0000,283.0000,294.0000,173400
300.0000,304.0000,300.0000,300.0000,272500
300.0000,300.0000,300.0000,300.0000,0
302.0000,302.5000,297.0000,299.0000,255100
300.0000,302.0000,293.0000,293.0000,4960700
298.0000,304.0000,298.0000,300.7500,339400
300.0000,305.0000,300.0000,300.2500,300300
303.0000,303.0000,282.7500,301.5000,567400
301.0000,301.0000,292.0000,293.0000,130000
297.2500,298.7500,283.0000,289.7500,371700
292.2500,296.0000,280.5000,280.5000,190100
292.0000,293.2500,289.7500,293.0000,256300
295.0000,295.0000,283.2500,283.2500,63100
277.0000,283.0000,275.0000,278.0000,499600
280.0000,281.6960,271.0000,275.0000,336300
268.2500,287.7500,265.0000,275.0000,489000
270.0000,270.0000,245.5000,249.2500,322100
240.0000,251.7500,240.0000,249.2500,374100
248.2500,248.2500,232.0000,235.7500,263900
238.0000,250.0000,236.2500,250.0000,151700
250.0000,257.2500,244.0000,245.0000,556700
240.0000,250.2500,240.0000,245.2500,52700
250.0000,257.0000,246.2500,250.0000,1814000
250.0000,250.0000,243.0000,243.0000,77900
244.0000,247.0000,190.0000,241.5000,788400
243.0000,247.0000,237.5000,240.0000,151900
242.2500,244.0000,233.0000,243.0000,64900
235.7500,245.0000,231.7500,233.2500,379300
233.0000,236.0000,220.0000,225.0000,175700
230.0000,230.0000,206.0000,215.0000,114800
218.5000,218.5000,203.7500,203.7500,195300
208.0000,208.2500,190.0000,192.2500,86600
196.7500,219.0000,196.0000,219.0000,323900
212.2500,234.7500,208.0000,232.0000,450700
235.0000,264.0000,234.0000,245.0000,375600
245.0000,248.0000,238.5000,245.0000,95000
246.0000,246.0000,240.0000,241.5000,33600
238.5000,245.0000,238.5000,242.0000,43100
238.2500,241.0000,233.7500,236.5000,105600
240.0000,241.5000,236.0000,240.0000,64100
240.0000,241.5000,235.0000,236.5000,110500
241.5000,243.0000,237.0000,242.5000,19200
245.0000,245.0000,238.5000,244.0000,99800
245.0000,245.0000,237.0000,239.2500,30000
235.0000,244.5000,231.0000,231.0000,19000
231.0000,238.0000,230.0000,238.0000,45100
235.0000,245.0000,232.5000,245.0000,55600
240.0000,245.0000,227.7500,227.7500,69400
232.0000,246.5000,232.0000,241.0000,87500
238.5000,244.7500,237.0000,240.0000,170300
237.0000,241.0000,229.0000,241.0000,527900
232.0000,232.0000,204.0000,212.0000,208900
207.0000,215.0000,207.0000,207.0000,32000
215.0000,228.0000,213.0000,228.0000,207700
223.0930,227.0000,215.0000,216.5000,59600
215.0000,220.0000,212.0000,212.0000,127500
205.5000,210.0000,200.5000,200.5000,68100
206.5000,208.0000,197.0000,197.0000,89100
200.0000,203.0000,197.0000,199.5000,160600
199.5000,199.5000,191.0000,196.5000,262800
196.5000,196.5000,196.5000,196.5000,0
196.5000,196.5000,196.5000,196.5000,0
197.5000,200.0000,191.2500,200.0000,127100
198.0000,198.0000,193.0000,194.0000,79800
194.0000,197.0000,190.2500,190.2500,159600
190.0000,195.0000,190.0000,192.0000,165000
190.0000,190.0000,180.5000,185.0000,247200
182.0000,190.0000,182.0000,187.0000,280900
186.0000,190.0000,185.0000,188.7500,592700
186.0000,186.0000,183.0000,183.0000,66000
185.0000,195.0000,185.0000,193.5000,292900
190.0000,201.0000,190.0000,200.0000,87100
190.0000,200.7500,185.5000,192.5000,58400
190.0000,197.0000,190.0000,194.0000,42000
192.0000,193.0000,182.5000,187.0000,85700
190.0000,191.0000,184.0000,188.0000,127100
182.2500,188.5000,181.7500,181.7500,54800
188.0000,191.0000,184.5000,188.5000,82800
191.0000,197.0000,188.7500,189.0000,61000
192.0000,195.0000,189.0000,192.0000,120900
195.0000,200.0000,191.2500,200.0000,132700
200.0000,202.0000,195.2500,195.2500,154900
200.0000,200.0000,187.7500,187.7500,64400
187.0000,194.0000,181.0000,186.0000,139000
186.0000,201.0000,184.0000,199.7500,661200
195.0000,199.7500,193.0000,197.0000,25600
193.5000,201.0000,193.0000,199.5000,95500
200.5000,210.0000,200.0000,210.0000,116600
207.0000,237.0000,207.0000,237.0000,202200
232.5000,250.2500,232.5000,250.0000,81000
252.0000,256.0000,248.0000,253.2500,149400
253.2500,253.2500,253.2500,253.2500,0
254.0000,255.0000,245.0000,252.0000,74000
245.0000,253.0000,245.0000,250.2500,68800
248.7500,250.0000,243.2500,250.0000,31700
249.0000,249.0000,242.0000,245.0000,40900
247.0000,252.0000,246.5000,249.5000,22200
250.5000,252.0000,238.0000,238.0000,76900
239.7500,239.7500,228.0000,228.0000,788700
235.5000,245.0000,233.0000,234.0000,237900
241.0000,245.0000,241.0000,242.0000,110000
241.2500,245.0000,237.5000,241.0000,24200
239.5000,241.0000,233.0000,233.0000,108900
239.7500,239.7500,234.7500,234.7500,78700
234.5000,238.7500,228.5000,231.0000,129200
233.0000,233.0000,226.2500,228.0000,99700
228.0000,228.0000,228.0000,228.0000,0
229.7500,229.7500,223.0000,223.5000,178700
227.7500,227.7500,220.0000,226.2500,202900
228.0000,240.7500,228.0000,240.0000,239200
241.0000,248.0000,239.7500,248.0000,938900
245.0000,247.7500,232.0000,245.2500,257600
248.0000,248.0000,240.0000,244.0000,36400
244.5000,246.7500,240.0000,245.0000,352200
240.2500,247.0000,238.0000,245.0000,301400
246.0000,250.0000,242.7500,246.5000,472900
246.5000,246.5000,238.0000,243.0000,136200
240.0000,244.5000,237.9660,240.0000,169600
246.0000,246.0000,238.0000,240.0000,477000
240.2500,243.0000,235.0000,241.2500,658100
237.0000,242.0000,237.0000,240.0000,869200
241.5000,245.0000,239.5000,244.5000,1087700
244.7500,254.7500,241.7500,250.5000,337200
253.0000,253.2500,247.0000,250.2500,0
250.0000,267.7500,249.0000,266.0000,0
264.5000,284.5000,261.7500,280.2500,0
275.0000,285.0000,270.7500,275.7500,0
279.0000,279.0000,258.5000,270.0000,0
270.0000,283.0000,269.5000,281.0000,0
282.5000,282.5000,265.2500,267.5000,0
268.2500,269.5000,263.0000,268.5000,0
271.0000,271.0000,267.0000,268.0000,0
268.0000,268.0000,259.0000,260.0000,164800
260.0000,260.0000,250.7500,252.0000,132200
255.5000,255.5000,248.5000,253.0000,0
251.7500,254.0000,238.0000,241.2500,378200
242.0000,244.0580,239.0000,240.0000,381100
237.2500,240.0000,235.7500,240.0000,348000
240.0000,242.7500,240.0000,241.5000,151800
239.0000,242.2500,237.7500,239.7500,349000
240.0000,245.0000,232.0000,232.5000,219800
233.2500,240.0000,232.0000,235.0000,115400
231.0000,235.0000,224.7500,230.0000,214200
228.0000,234.2500,224.2500,234.2500,143700
231.0000,248.0000,231.0000,243.0000,389500
240.0000,246.7500,239.7500,243.2500,167400
243.2500,249.5000,240.2500,249.5000,117200
248.5000,248.5000,237.0000,246.7500,317300
244.0000,255.5000,243.5000,252.7500,213400
253.2500,263.0000,250.0000,263.0000,146500
255.0000,263.0000,254.2500,259.2500,108000
257.2500,263.0000,250.0000,251.0000,235200
247.0000,264.0000,247.0000,264.0000,114100
275.0000,279.0000,268.5000,270.0000,1177200
268.0000,268.0000,235.0000,238.0000,1498600
234.2500,249.2500,233.2500,237.5000,225100
243.0000,243.0000,234.0000,235.7500,139300
235.0000,241.0000,235.0000,238.5000,234200
245.0000,257.0000,240.0000,254.2500,842200
255.0000,265.0000,255.0000,262.0000,990300
261.0000,261.0000,253.5000,259.2500,301100
262.0000,266.0000,261.2500,265.0000,94400
266.7500,269.2500,263.0000,269.2500,1441600
267.0000,275.0000,266.2500,270.2500,482700
273.7500,280.5000,268.0000,274.7500,784100
278.0000,280.0000,272.0000,278.5000,450600
277.5000,280.7500,275.7500,280.5000,630200
273.5000,280.0000,273.5000,277.2500,194600
275.0000,278.7500,269.0000,276.0000,69900
277.0000,278.0000,272.2500,275.0000,45700
268.7500,276.7500,268.7500,276.7500,206800
276.7500,276.7500,276.7500,276.7500,0
268.2500,276.5000,268.2500,276.5000,83600
279.0000,284.5000,270.0000,280.0000,226500
278.0000,285.7500,278.0000,284.0000,100000
285.0000,288.0000,280.0000,280.7500,137300
277.0000,284.7500,277.0000,279.5000,70000
286.0000,286.2500,276.2500,285.0000,60700
279.0000,285.0000,275.2500,282.0000,68300
282.5000,284.7500,267.0000,272.0000,170500
265.7500,271.2500,260.0000,262.5000,498100
266.0000,272.0000,266.0000,272.0000,10700
262.0000,273.0000,252.5000,252.5000,267000
250.2500,253.5000,248.7500,250.0000,277300
252.0000,252.0000,247.2500,248.0000,210800
250.0000,250.0000,240.0000,245.7500,262400
245.0000,250.0000,240.7500,245.0000,401200
238.2500,247.0000,227.2500,231.0000,573900
236.7500,237.0000,227.0000,230.0000,394300
230.0000,235.0000,217.2500,235.0000,462100
232.0000,272.0000,230.8010,235.0000,1497800
238.0000,243.2500,229.7500,230.0000,291100
234.0000,234.0000,220.0000,230.0000,256600
230.0000,230.0000,223.0000,225.0000,186500
229.2500,229.2500,214.5000,215.0000,516000
217.2500,225.0000,213.0000,225.0000,565500
220.0000,220.0000,212.7500,215.0000,234900
215.0000,222.7500,209.0000,220.0000,280700
220.5000,225.0000,210.0000,215.5000,238700
219.2500,219.7500,210.0000,218.0000,360600
216.0000,220.0000,212.0000,220.0000,155400
214.7500,215.7500,193.0000,195.0000,414100
195.7500,199.7500,176.5000,188.0000,431300
184.7500,188.7500,166.5000,167.5000,421700
176.5000,177.0000,170.0000,171.5000,699800
166.2500,166.2500,156.2500,157.7500,234800
165.2500,182.2500,163.7500,182.2500,240800
190.0000,201.0000,187.5000,196.0000,382300
197.0000,197.0000,189.7500,190.0000,169100
187.5000,196.0000,175.2500,178.7500,321500
186.0000,186.0000,178.7500,184.7500,184600
187.0000,201.2500,185.0000,198.0000,184700
197.0000,207.5000,197.0000,202.5000,172600
197.0000,202.5000,197.0000,198.5000,216000
200.0000,200.0000,187.7500,188.7500,126800
186.2500,186.2500,164.7500,173.0000,234400
174.0000,174.0000,167.0000,167.0000,55200
167.0000,170.5000,157.2500,162.7500,223600
166.0000,171.7500,165.2500,167.5000,546200
168.0000,173.0000,165.7500,171.0000,789200
171.0000,177.7500,168.0000,175.0000,633700
176.5000,186.5000,175.2500,180.0000,191600
178.2500,181.7500,176.2500,177.2500,282900
178.0000,194.2500,178.0000,187.0000,214300
180.0000,185.0000,169.5000,173.7500,206300
175.0000,176.2500,162.2500,169.0000,508500
172.0000,177.0000,167.5000,170.0000,74800
170.0000,170.5000,155.0000,155.5000,85200
158.0000,160.5000,149.0000,160.0000,174900
156.7500,164.0000,156.5000,162.0000,136400
166.0000,178.7500,163.0000,163.0000,105600
165.0000,165.0000,156.5000,159.0000,80600
156.0000,176.7500,156.0000,163.0000,249300
160.2500,164.7500,155.0000,156.2500,145100
155.0000,156.7500,145.7500,147.2500,93100
148.5000,153.0000,140.0000,140.0000,186500
144.2500,147.5000,143.5000,146.7500,162500
144.0000,163.2500,144.0000,155.7500,157400
151.5000,163.7500,151.5000,158.2500,105600
160.0000,173.2500,157.7500,169.0000,50200
168.0000,173.7500,166.0000,168.0000,64800
165.5000,171.2500,160.0000,168.0000,51200
168.2500,170.0000,158.0000,162.7500,120100
164.5000,164.5000,146.7500,146.7500,357000
150.7500,150.7500,135.5000,139.0000,135700
143.5000,143.5000,131.5000,132.2500,77700
135.2500,143.2500,130.0000,133.0000,280800
135.0000,149.0000,134.1190,147.0000,387500
150.0000,155.0000,149.0000,153.0000,73400
153.0000,162.0000,152.5000,156.7500,162300
155.5000,159.7500,152.5000,155.5000,305700
159.7500,159.7500,145.7500,152.0000,61200
148.0000,166.5000,148.0000,157.7500,123700
161.0000,161.0000,151.0000,155.0000,40400
158.0000,158.0000,150.0000,153.0000,72900
149.0000,160.0000,135.0000,160.0000,263400
153.2500,172.2500,153.2500,170.5000,99400
167.0000,181.0000,167.0000,173.5000,76800
177.0000,181.2500,177.0000,181.2500,12900
181.2500,181.2500,181.2500,181.2500,0
181.2500,181.2500,181.2500,181.2500,0
175.0000,181.0000,175.0000,176.2500,32900
175.0000,183.7500,175.0000,183.7500,32600
183.0000,189.7500,176.0000,176.0000,61200
176.0000,176.0000,176.0000,176.0000,0
178.0000,188.0000,178.0000,187.2500,51900
189.0000,194.0000,186.2500,188.0000,41500
190.0000,197.0000,185.2500,185.2500,151100
186.0000,187.0000,179.7500,182.5000,68500
180.0000,189.2500,178.2500,189.2500,67900
184.7500,184.7500,176.5000,176.5000,186900
179.5000,184.2500,176.0000,183.0000,285600
177.0000,177.2500,170.2500,170.7500,124900
171.0000,171.0000,161.0000,167.2500,116100
167.0000,167.0000,161.5000,165.0000,68500
165.0000,165.2500,157.0000,157.0000,107700
164.5000,166.0000,155.0000,156.0000,111100
157.2500,163.0000,157.2500,160.0000,85600
159.5000,165.2500,159.5000,165.2500,143600
163.0000,170.7500,163.0000,166.7500,116700
163.0000,167.2500,163.0000,164.7500,68200
170.0000,194.5000,165.0000,193.5000,134200
185.0000,185.2500,177.5000,180.0000,106700
176.0000,183.0000,176.0000,180.0000,117800
177.0000,177.5000,170.0000,174.2500,94000
170.0000,175.5000,167.0000,170.0000,101200
173.0000,194.7500,173.0000,191.0000,429600
185.5000,196.2500,188.2500,196.0000,0
191.2500,207.5000,192.0000,200.0000,0
205.0000,201.0000,191.5000,192.2500,0
192.0000,204.0000,192.0000,192.0000,115300
195.0000,202.0000,194.7500,200.0000,219900
196.5000,200.7500,195.2500,199.7500,57000
194.2500,199.5000,194.2500,199.5000,77400
194.2500,195.0000,182.7500,186.0000,262900
187.5000,192.0000,187.0000,190.0000,127500
190.0000,190.7500,183.0000,184.7500,241700
187.0000,187.0000,176.0000,179.5000,423900
181.0000,184.0000,177.0000,178.0000,244000
179.0000,184.0000,176.7500,180.0000,333800
178.0000,179.0000,168.7500,168.7500,140300
173.0000,173.0000,165.7500,170.0000,153600
165.7500,173.2500,156.5000,173.2500,428700
175.0000,178.8750,171.0000,173.0000,483000
174.0000,177.0000,173.5000,176.0000,142500
176.7500,180.0000,175.2500,180.0000,84100
178.7500,179.0000,175.0000,179.0000,65500
175.0000,180.0000,173.5000,175.0000,265800
179.7500,180.0000,175.0000,179.0000,218100
178.0000,179.5000,174.0000,175.0000,135300
174.2500,177.0000,171.0000,172.2500,115700
173.0000,173.0000,167.5000,170.0000,166900
170.0000,182.0000,170.0000,179.0000,219700
178.0000,182.5000,177.0000,178.0000,87400
178.0000,180.0000,176.0000,180.0000,80400
181.0000,189.0000,180.0000,188.0000,215100
186.2500,193.0000,183.7500,190.5000,101800
189.7500,190.0000,185.0000,190.0000,126300
189.7500,198.0000,185.7500,195.0000,202300
195.0000,196.0000,191.0000,193.0000,115200
195.2500,198.0000,191.0000,198.0000,167100
199.0000,199.0000,194.7500,197.0000,74500
197.5000,199.5000,193.0000,197.0000,98200
199.7500,199.7500,191.2500,196.0000,186900
197.7500,213.7500,196.5000,213.5000,406800
214.0000,220.0000,210.0000,220.0000,201800
213.0000,215.5000,208.0000,210.0000,64800
214.2500,215.3720,207.0000,212.0000,677900
207.0000,216.0000,207.0000,216.0000,74300
215.0000,231.5000,215.0000,230.0000,213700
227.0000,256.0000,227.0000,235.0000,936700
235.0000,237.7500,227.0000,228.7500,58900
230.0000,230.0000,212.2500,216.0000,153000
217.0000,225.2500,213.0000,218.7500,223100
219.5000,228.0000,219.5000,224.5000,50900
224.5000,224.5000,224.5000,224.5000,0
224.5000,224.5000,224.5000,224.5000,0
228.0000,240.7500,228.0000,237.0000,233600
233.5000,245.5000,233.5000,240.7500,97500
242.0000,255.0000,242.0000,253.7500,170400
253.2500,257.7500,251.2500,254.0000,580600
254.0000,254.9900,236.0000,236.0000,173200
237.0000,237.0000,224.0000,232.0000,601800
235.0000,246.0000,231.5000,246.0000,211500
246.0000,252.7500,243.5000,249.0000,569800
244.7500,253.0000,244.7500,250.0000,73900
253.0000,253.0000,233.5000,243.0000,333500
244.5000,244.5000,238.0000,243.0000,1848200
242.5000,249.7500,240.0000,248.0000,386300
249.0000,277.7500,249.0000,264.0000,215200
257.0000,272.0000,257.0000,265.5000,87700
265.5000,265.5000,265.5000,265.5000,0
276.0000,300.0000,265.0000,290.0000,867300
287.0000,290.0000,276.2500,276.5000,523700
274.5000,274.5000,252.5000,253.0000,50065700
257.7500,265.7500,253.0000,265.0000,905800
267.7500,288.7500,265.0000,273.7500,638100
272.0000,274.5000,266.7500,271.7500,248800
274.5000,279.0000,271.2500,272.0000,1137100
270.0000,274.0000,267.7500,268.5000,399700
275.0000,275.0000,268.0000,270.0000,210500
270.7500,275.0000,264.0000,275.0000,624500
274.0000,275.0000,270.2500,275.0000,256600
275.0000,282.5000,274.2500,281.0000,741600
280.0000,283.0000,275.7500,275.7500,1218400
276.7500,296.0000,276.7500,294.0000,593700
294.0000,294.0000,294.0000,294.0000,0
291.0000,298.7500,291.0000,294.2500,939800
298.5000,302.0000,294.2500,298.2500,660900
302.0000,318.0000,297.0000,305.0000,531300
303.0000,310.0000,301.2500,305.0000,250000
306.0000,306.0000,303.0000,304.5000,188000
305.0000,306.5000,298.5000,306.5000,214900
302.0000,309.5000,296.0000,297.5000,228500
300.5000,305.0000,290.0000,290.0000,835300
295.0000,305.0470,293.2500,293.2500,271000
295.0000,299.7500,293.7500,293.7500,114200
297.7500,298.2500,290.2500,297.0000,233800
297.0000,305.7500,295.0000,298.2500,785000
299.2500,301.7500,296.0000,299.2500,195400
294.2500,304.5000,285.2500,288.2500,988700
291.7500,291.7500,277.0000,280.7500,458600
279.5000,288.5000,277.0000,288.0000,486300
288.7500,291.0000,285.0000,290.0000,283700
288.5000,292.0000,283.2500,287.7500,714200
289.0000,295.0000,287.0000,293.7500,999500
290.2500,293.7500,274.0000,278.2500,171800
278.0000,289.7500,272.0000,282.2500,126900
282.2500,301.0000,280.0000,300.5000,743600
296.7500,301.5000,291.2500,293.0000,409300
293.0000,297.0000,289.2500,292.5000,272800
291.0000,296.0000,289.0000,296.0000,193000
295.2500,302.7500,294.0000,298.0000,151000
296.5000,310.2500,296.0000,310.2500,90300
305.0000,308.0000,298.0000,300.7500,130500
302.7500,306.0000,298.7500,303.2500,243400
301.0000,307.0000,301.0000,305.5000,249700
304.0000,306.5000,302.7500,302.7500,277600
300.0000,309.0000,298.0000,302.0000,407400
305.5000,309.0000,303.2500,304.7500,75900
305.0000,316.6800,302.5000,314.0000,169000
309.5000,317.0000,309.5000,316.5000,85900
315.2500,320.0000,315.0000,320.0000,140000
317.0000,328.7500,312.7500,328.7500,373100
324.5000,329.0000,319.0000,322.5000,118600
320.5000,326.0000,319.0000,324.5000,70100
323.5000,325.0000,319.0000,322.0000,63900
326.2500,326.2500,322.5000,324.5000,66400
325.0000,325.2500,323.5000,325.0000,75600
324.2500,331.5000,323.5000,329.0000,262500
325.0000,329.0000,322.7500,325.7500,137500
329.0000,329.0000,321.5000,322.0000,124200
325.0000,327.7500,321.5000,322.5000,90600
323.2500,325.0000,316.7500,318.0000,112000
318.2500,322.0000,314.7500,320.0000,165600
317.0000,337.0000,317.0000,337.0000,263600
335.5000,345.7000,335.5000,341.9000,611000
335.0000,341.1000,334.0000,334.0000,120600
335.0000,335.0000,317.0000,318.8000,431000
317.9000,320.0000,300.0000,313.0000,1275300
313.8000,323.0000,310.8000,322.9000,397600
316.7000,323.0000,316.7000,321.7000,108700
323.0000,323.0000,315.0000,320.0000,586800
318.5000,321.9000,316.9000,321.4000,293500
324.0000,328.2000,321.0000,327.0000,201700
324.9000,329.8000,321.4000,325.0000,390700
321.5000,327.4000,315.0000,317.3000,206500
321.1000,326.8000,315.6000,326.8000,123800
323.4000,326.8000,318.8000,319.0000,76100
325.9000,332.7000,325.2000,328.0000,153400
325.0000,330.0000,325.0000,326.0000,63400
327.4000,328.4000,315.3000,319.9000,113100
315.0000,320.3000,315.0000,319.3000,527100
320.6000,325.0000,317.0000,325.0000,625700
320.0000,326.0000,319.7000,322.6000,61900
324.0000,343.0000,324.0000,340.0000,301400
340.0000,340.0000,340.0000,340.0000,0
331.2000,349.9000,330.0000,345.7000,625500
347.4000,349.9000,333.8000,340.0000,194200
338.0000,339.2000,331.3000,331.5000,75100
334.8000,342.8000,330.5000,341.1000,132800
345.0000,348.0000,340.0000,345.0000,51700
339.0000,345.0000,331.0000,332.0000,9621700
332.0000,335.0000,330.1000,330.1000,334100
332.8000,335.0000,330.1000,332.6000,171400
333.5000,335.0000,332.0000,332.0000,78600
330.0000,333.0000,325.3000,329.0000,170200
329.0000,332.9000,329.0000,329.0000,166900
329.1000,332.0000,323.1000,332.0000,128200
332.0000,337.8000,329.3000,330.8000,688300
329.5000,334.8490,326.1000,330.0000,394300
330.0000,334.6000,327.8000,328.3000,40200
326.9000,331.3000,320.0000,322.1000,156400
321.9000,328.8000,321.9000,326.6000,109700
328.6000,329.0000,317.4000,324.7000,179300
323.8000,327.7000,318.8000,320.0000,97200
322.5000,325.0000,319.3000,323.0000,62100
326.3000,328.0000,319.0600,326.7000,169600
325.8000,330.0000,317.0000,319.9000,199300
321.3000,326.0000,320.0000,320.5000,128800
319.0000,321.2000,313.0000,314.7000,421500
317.8000,317.8000,311.3000,312.8000,219800
320.0000,327.5000,320.0000,325.0000,295300
323.0000,328.0000,320.0000,320.2000,575700
327.5000,328.0000,325.0000,325.5000,386300
326.4000,328.0000,322.4000,326.0000,781300
327.8000,339.8000,325.7000,339.6000,367100
336.7000,342.5760,336.7000,336.9000,451800
338.7000,355.0000,337.0000,355.0000,338400
353.5000,355.1000,343.9000,343.9000,281800
347.9000,350.3000,343.0000,344.9000,331500
349.8000,349.9000,341.1000,344.8000,103200
343.2000,348.0000,333.0000,333.2000,103300
337.0000,337.0000,328.0000,332.0000,507000
332.4000,348.4000,330.0000,346.1000,596500
344.6000,352.0000,337.1000,338.9000,595300
342.9000,343.2000,336.2000,337.0000,251300
336.2000,338.7000,333.0000,338.7000,192500
332.0000,337.1000,329.8000,332.5000,133000
334.0000,344.4000,334.0000,337.9000,456500
340.0000,340.0000,334.0000,335.0000,116900
340.0000,340.0000,332.5000,337.5000,399600
334.0000,337.0000,334.0000,335.1000,105100
334.0000,341.8000,334.0000,338.8000,675900
337.4000,341.1000,335.8000,336.1000,621300
335.6000,338.4000,335.0000,337.0000,195200
334.0000,339.7000,334.0000,335.0000,137500
334.0000,336.5000,326.0000,329.1000,362900
328.4000,334.0000,325.0800,330.1000,102100
331.2000,332.1590,327.2000,329.9000,129200
331.1000,335.0000,326.1000,328.8000,66500
326.0000,329.9000,323.5000,325.0000,109200
327.1000,328.9000,323.5000,325.6000,117100
325.9000,329.6000,323.5000,326.1000,328900
325.3000,332.5000,323.5000,332.5000,207400
334.0000,347.7000,328.3280,344.7000,451700
341.0000,351.5000,338.6000,341.1000,201500
342.0000,342.5000,330.0000,331.2000,234900
336.7000,339.8000,328.0000,335.0000,125300
331.0000,334.6000,330.0000,331.5000,175700
329.6000,338.3000,327.6000,338.2000,143800
333.6000,342.2000,329.1000,340.4000,171500
335.0000,340.9000,333.4000,333.4000,119400
336.2000,338.3000,333.6000,336.0000,112900
333.0000,342.9000,333.0000,339.2000,69700
337.1000,342.8000,336.1000,337.0000,87100
339.0000,340.0000,336.0000,339.0000,114800
340.0000,340.0000,335.7000,336.4000,252300
337.8000,337.8000,328.0000,335.0000,70400
337.9000,360.0000,337.2000,350.0000,336200
353.0000,379.3000,353.0000,368.9000,369600
363.5000,374.8970,360.0000,360.0000,198900
362.0000,365.5000,355.2000,357.0000,428300
357.0000,365.0000,355.7000,361.8000,443600
357.1000,390.0000,357.1000,384.6000,872100
383.4000,407.9000,377.4620,377.5000,3782000
385.0000,385.0000,367.2000,377.6000,306700
378.3000,384.9000,378.3000,384.9000,105800
384.9000,385.0000,380.7000,382.2000,85100
387.9000,387.9000,383.0000,385.0000,52300
385.0000,385.0000,385.0000,385.0000,0
385.9000,385.9000,373.1500,382.8000,231900
380.0000,384.0000,375.0000,382.6000,75500
375.9000,385.9000,375.2000,383.0000,54900
383.0000,383.0000,383.0000,383.0000,0
385.0000,390.0000,376.0830,390.0000,300700
385.7000,390.0000,385.1000,385.9000,202100
385.0000,388.0000,380.0000,380.0000,109700
384.0000,385.0000,382.0000,383.5000,191200
385.0000,415.5000,383.9000,407.9000,345700
408.6000,427.6000,408.6000,424.0000,539600
420.5000,432.5000,415.3000,416.5000,390100
415.0000,417.9000,404.5000,404.5000,106900
403.7000,406.4000,397.5000,402.0000,382100
402.0000,402.0000,395.0000,401.2000,238600
397.7000,401.6000,395.0000,400.0000,235800
400.0000,400.8680,395.6000,399.9000,295800
399.4000,407.0000,398.2000,405.8000,199900
402.9000,411.4000,402.3000,405.0000,171200
402.2000,405.0000,397.0000,400.0000,256800
396.0000,403.1000,396.0000,396.0000,192900
400.0000,404.7000,398.0000,398.0000,573100
395.0000,400.4000,390.0000,400.0000,874200
400.0000,401.0000,387.7000,389.7000,309000
394.4000,399.9000,389.3000,392.2000,173500
390.6000,398.0000,386.5000,397.4000,151500
399.5000,401.9000,397.0000,400.0000,362500
402.0000,402.0000,388.4000,388.4000,222600
440.0000,440.0000,440.0000,440.0000,422000
382.8000,382.8000,367.2000,369.2000,349000
378.0000,380.0000,360.0000,360.0000,233300
360.0000,379.0000,355.0000,374.7000,346300
380.0000,389.6000,363.0000,363.0000,619600
351.0000,372.1000,343.0000,363.0000,36831800
369.4000,375.0000,365.0000,367.7000,696600
366.5000,378.5000,366.5000,370.1000,489700
374.0000,378.9000,371.1000,374.8000,362100
379.0000,385.0000,375.0000,380.0000,606100
382.9000,387.0000,373.9000,378.0000,313900
375.0000,380.7000,373.0000,373.0000,807900
376.9000,380.9000,371.6000,377.0000,1306800
378.0000,385.3000,377.1000,377.1000,1108500
377.8000,384.9000,373.6000,374.0000,416100
371.1000,379.1000,365.0000,365.0000,334500
366.0000,374.5000,366.0000,373.0000,956700
374.0000,381.5000,372.0000,374.5000,1175000
376.1000,381.8000,370.1000,370.9000,957800
372.8000,380.5000,369.6000,378.2000,855200
379.4000,385.9000,373.0000,380.3000,667300
409.0000,409.0000,409.0000,409.0000,2487100
393.7000,410.0000,393.7000,407.3000,551800
410.3000,425.6000,407.5000,421.0000,1338000
421.9000,444.5000,421.9000,434.0000,1312200
434.0000,437.0000,418.0000,420.0000,391600
420.2000,427.0000,420.2000,424.0000,290700
426.0000,428.9000,418.0000,419.6000,332800
420.5000,424.9000,417.0000,421.3000,355300
425.0000,425.0000,419.2000,419.2000,830800
419.4000,422.3000,413.2000,413.9000,851500
416.3000,419.4000,411.0000,414.6000,649600
413.0000,415.9000,412.6000,415.0000,417000
416.1000,418.0000,414.6000,415.5000,623600
418.7000,418.7000,413.2000,413.5000,131800
414.9000,433.3000,412.2000,428.3000,690200
424.0000,431.5000,422.4000,429.0000,407200
428.2000,441.4000,428.0000,429.0000,992300
431.0000,434.9000,424.8000,427.5000,541900
426.0000,433.7000,423.4000,424.0000,416500
429.6000,445.0000,424.0000,440.0000,1285100
440.0000,440.0000,440.0000,440.0000,0
440.0000,440.0000,440.0000,440.0000,0
440.0000,455.0000,440.0000,453.0000,1144600
440.0000,444.9000,435.0000,435.4000,12264700
432.5000,441.0000,428.0000,435.0000,1089200
435.0000,437.0000,429.5000,430.0000,1105800
429.2000,439.9000,428.9000,428.9000,640400
431.0000,432.9000,419.7000,420.0000,878700
422.0000,429.0000,419.0000,421.0000,888000
423.0000,424.6000,417.3000,418.5000,299300
418.9000,420.0000,401.1000,403.7000,1252800
404.3000,409.2000,401.9000,409.0000,731900
408.1000,416.0000,408.0000,410.0000,305300
410.0000,411.5000,405.0000,405.0000,825900
407.0000,424.9000,407.0000,421.5000,1294800
422.0000,431.3000,416.5000,420.0000,929200
426.0000,434.0000,420.0000,420.0000,1146100
422.0000,422.0000,405.0000,405.0000,1087700
406.0000,416.9000,400.0000,404.0000,693300
407.2000,419.8000,405.5000,409.5000,890900
410.0000,417.6000,405.0000,409.0000,424700
409.0000,409.0000,409.0000,409.0000,0
440.0000,440.0000,440.0000,440.0000,732200
394.6000,403.0000,388.4000,390.7000,792600
387.9000,397.0000,378.7000,379.0000,742900
376.7000,380.0000,365.1000,375.0000,715300
384.6000,397.0000,383.0000,390.0000,1533200
390.0000,401.0000,390.0000,395.1000,3083100
396.0000,404.0000,386.8000,388.0000,1261800
392.0000,393.0000,386.4000,391.3000,1469200
391.1000,409.2000,386.1000,394.0000,1083800
396.1000,397.6000,385.3000,386.0000,808500
392.0000,393.3000,386.0000,387.2000,482300
384.3000,386.4000,374.1000,374.1000,765000
374.5000,389.9000,363.0000,367.1000,989100
365.7000,380.0000,365.7000,369.5000,1191500
373.5000,382.7000,368.5000,375.0000,446000
372.0000,375.0000,365.0000,365.0000,468600
370.0000,380.5000,367.1000,372.6000,854600
375.6000,384.2000,375.6000,380.0000,620700
383.0000,398.1000,380.6000,383.0000,622600
383.0000,383.0000,383.0000,383.0000,0
384.7000,393.7000,379.9000,386.0000,537600
382.1000,391.4000,381.5000,391.0000,354200
395.6000,404.5000,395.0000,396.0000,395100
393.8000,408.8000,389.0000,389.0000,448600
389.0000,394.9000,383.5000,385.0000,227600
388.3000,394.3000,370.2000,374.0000,537700
380.2000,384.9200,370.0000,374.9000,648300
375.0000,396.7000,375.0000,388.8000,388600
392.6000,405.0000,392.6000,403.7000,853000
406.0000,407.5000,401.9000,405.2000,323800
403.7000,410.1000,401.0000,408.6000,844500
407.0000,410.9000,402.9000,408.0000,644900
406.0000,409.0580,398.1000,402.0000,976600
404.0000,415.4000,400.5000,410.0000,2460000
411.5000,420.3000,407.4000,411.4000,863100
411.4000,421.3000,409.1000,412.2000,555200
407.0000,423.9000,407.0000,409.5000,308000
408.4000,419.5000,400.0000,402.1000,498500
404.0000,408.0760,395.0000,399.6000,517600
399.6000,408.9000,399.6000,405.7000,308100
400.1000,415.2000,395.9000,399.0000,868200
402.2000,409.9000,398.5000,400.4000,729000
400.0000,401.6000,391.0000,393.0000,1201800
395.2000,397.9000,390.0000,393.0000,1849400
392.0000,404.0000,392.0000,397.9000,906800
397.9000,407.8000,391.5000,394.0000,1062800
394.9000,395.0000,376.2000,377.0000,886100
380.7000,400.9000,377.0000,393.9000,683100
394.6000,400.0000,393.3000,394.1000,372100
392.7000,401.4000,392.0000,394.4000,508100
396.0000,398.9000,390.3000,391.5000,427200
394.0000,406.1000,390.0000,395.9000,666700
394.4000,418.9000,394.0000,403.3000,1418600
405.0000,441.3800,405.0000,420.0000,2531300
422.5000,439.8000,415.0000,423.8000,983700
423.7000,437.6000,423.7000,429.5000,811900
432.1000,438.6000,420.3000,421.8000,659300
420.9000,434.3000,418.2000,425.2000,525300
428.4000,444.5000,425.0000,436.3000,656000
440.8000,458.9000,436.7000,440.1000,741600
441.0000,447.0000,435.9000,437.0000,471900
440.3000,440.3000,430.5000,433.5000,414900
436.9000,450.0000,435.0000,439.8000,550200
439.1000,440.3000,429.0000,433.0000,530800
426.7000,447.9000,426.7000,435.0000,711300
436.7000,439.7000,415.2000,420.5000,740600
426.8000,430.1000,418.2000,424.7000,757800
416.5000,446.6000,416.5000,436.5000,559900
441.2000,446.7000,427.0000,429.0000,412200
431.7000,437.9000,431.7000,435.8000,532100
431.7000,441.0000,431.4000,441.0000,266900
440.7000,441.0000,426.5800,439.0000,2170400
438.4000,440.0000,424.2000,428.5000,333200
433.1000,436.7000,428.8000,434.5000,236400
433.2000,444.8000,433.2000,444.8000,290200
441.0000,485.0000,441.0000,456.0000,848500
450.5000,453.7000,448.4000,449.5000,103000
452.9000,452.9000,444.4000,448.0000,171900
450.4000,451.5000,444.1000,450.0000,216200
451.8000,463.0000,447.9000,457.3000,592600
451.5000,458.6000,451.5000,457.4000,313600
454.9000,471.1000,454.9000,465.0000,648800
466.4000,471.8000,462.1000,464.4000,258000
464.6000,480.0000,464.6000,474.9000,350400
474.9000,474.9000,474.9000,474.9000,0
474.7000,484.9000,473.0000,482.0000,311900
483.0000,483.0000,479.1000,482.0000,365300
477.1000,490.0000,476.1000,484.4000,419700
488.9000,512.0000,481.4000,488.0000,1247800
491.9000,495.5000,484.3000,485.5000,318400
489.9000,501.0000,481.1000,483.0000,262300
488.2000,499.0000,480.3000,490.0000,519500
491.8000,500.0000,487.6000,500.0000,278800
495.3000,520.0000,495.3000,506.5000,460900
505.0000,533.5000,505.0000,527.5000,675100
528.0000,533.0000,520.5000,524.0000,1586700
523.5000,542.5000,523.5000,524.5000,884100
506.5000,511.0000,499.8000,500.0000,2040100
505.0000,510.0000,500.0000,501.0000,942100
506.0000,527.0000,501.0000,515.0000,945800
519.0000,530.0000,511.0000,515.0000,583300
519.0000,519.0000,506.5000,506.5000,528000
513.5000,518.5000,508.0000,510.0000,630200
510.0000,520.5000,508.0000,515.0000,517000
519.5000,546.0000,519.5000,532.5000,917600
530.5000,544.0000,524.5000,527.0000,655800
533.0000,542.5000,515.5000,518.5000,670500
507.0000,519.0000,495.1000,495.5000,1227200
499.7000,505.0000,495.5000,500.0000,425900
500.0000,505.5000,497.5000,498.0000,616300
501.0000,507.0000,495.5000,498.1000,907800
475.0000,488.6000,448.1000,486.0000,7310000
485.0000,492.2000,480.4000,486.0000,1672800
487.6000,509.0000,486.7000,499.2000,872500
502.0000,520.0000,499.0000,504.0000,645200
500.0000,505.5000,498.7000,500.0000,477100
505.0000,517.0000,500.0000,501.5000,980700
504.5000,510.0000,493.1000,497.0000,641900
495.7000,501.5000,490.0000,491.4000,905100
497.2000,501.5000,493.1000,498.0000,398200
499.2000,501.0000,490.4000,490.4000,705900
489.0000,494.5000,480.0000,480.9000,671300
485.5000,493.0000,481.3000,487.7000,729900
489.2000,490.0000,480.0000,481.5000,1153800
484.9000,486.3000,479.4000,481.0000,390000
483.0000,490.6000,479.0000,482.0000,801400
482.8000,512.5000,480.0000,501.5000,1199900
500.0000,500.5000,498.0000,500.0000,340900
496.1000,499.9000,489.2000,497.9000,1154200
504.5000,515.5000,490.4000,497.0000,767900
494.2000,500.0000,489.0000,492.0000,651400
490.9000,496.8000,486.4000,487.8000,185400
494.3000,494.3000,477.4000,478.4000,1305500
481.9000,485.0000,475.5000,477.2000,767500
477.4000,480.5000,463.5000,463.8000,623500
466.0000,468.0000,448.8000,452.0000,952000
454.0000,483.3000,454.0000,468.0000,912100
470.0000,471.5000,461.8000,463.5000,536400
461.8000,470.7000,459.0000,463.6000,287600
463.7000,470.0000,462.5000,463.9000,195100
464.0000,470.0000,453.3000,453.3000,388800
451.8000,457.5000,441.0000,444.0000,650600
448.9000,454.0000,443.0000,445.0000,943000
455.0000,462.0000,445.6000,448.0000,678800
450.0000,460.0000,445.0000,446.7000,527500
445.1000,446.8000,437.5000,438.8000,499000
438.4000,445.0000,433.8000,441.8000,574300
441.9000,448.4000,439.0000,444.0000,277400
443.8000,486.9000,441.9000,471.5000,1221700
473.2000,481.0000,466.4000,469.5000,1007500
471.9000,473.5000,459.1000,468.4000,470000
472.0000,475.7000,469.9000,474.0000,560700
475.0000,475.6000,467.9000,471.3000,1306000
473.4000,474.0000,465.0000,466.6000,292400
469.5000,482.0000,469.5000,474.8000,448200
475.8000,484.4000,474.2000,478.6000,887000
482.1000,495.8000,478.6000,485.6000,673700
499.8000,510.5000,490.0000,493.9000,628200
497.9000,497.9000,490.8000,493.8000,320400
503.0000,513.0000,496.9000,502.0000,688400
507.0000,512.5000,503.0000,507.5000,680300
508.0000,512.0000,492.3000,494.9000,484100
491.7000,491.7000,491.7000,491.7000,413300
492.4000,501.0000,489.7000,493.8000,574500
490.3000,490.3000,478.2000,480.5000,404300
479.6000,489.5000,478.7000,480.7000,321400
483.8000,488.3000,478.2000,480.2000,353400
482.2000,484.0000,475.0000,475.6000,237700
472.1000,487.9000,472.1000,479.8000,60100
479.8000,479.8000,479.8000,479.8000,0
484.0000,484.0000,471.8000,474.5000,632300
474.1000,484.0000,462.1000,465.0000,1068200
467.2000,477.0000,463.6000,470.4000,211600
479.2000,487.5000,470.4000,484.1000,639400
480.6000,484.3000,464.6000,466.9000,479300
469.7000,471.9000,457.0000,461.4000,1291000
460.3000,463.8000,450.2000,458.4000,1776900
456.1000,461.4000,448.0000,456.1000,647300
459.2000,471.7000,458.5000,464.8000,926800
475.0000,485.0000,440.6170,444.0000,1764500
446.8000,448.0000,427.9000,430.0000,4089400
431.9000,467.1000,430.3000,455.0000,1515200
461.9000,463.3000,454.4000,460.0000,770700
460.7000,468.5000,459.5000,459.5000,817900
459.6000,473.9000,459.5000,460.0000,438800
458.7000,460.2000,446.0000,452.9000,909100
444.6000,444.6000,444.6000,444.6000,688300
445.0000,447.6000,432.1000,433.0000,639300
435.3000,465.5000,431.0000,454.2000,722500
453.1000,470.0000,453.1000,462.1000,412400
459.9000,479.8000,459.9000,475.0000,852000
490.0000,507.0000,490.0000,497.0000,1803900
495.3000,497.6100,483.3000,490.0000,765400
494.8000,499.9000,490.0000,494.0000,603700
498.4000,515.0000,491.9000,499.5000,653500
500.5000,506.0000,492.3000,495.0000,733500
497.7000,500.5000,490.2000,495.0000,227600
497.0000,504.0000,492.5000,499.9000,388800
497.5000,505.0000,490.1000,494.0000,826000
498.0000,498.0000,466.3000,489.7000,2492900
486.5000,502.0000,486.0090,496.0000,647500
499.5000,510.5000,491.3000,505.0000,749600
510.0000,510.0000,497.0000,498.0000,951200
496.1000,505.5000,496.1000,500.5000,481600
502.5000,510.3020,500.0000,502.5000,375500
504.5000,505.0000,497.4000,500.0000,806700
500.5000,503.0000,496.3000,500.0000,268500
496.0000,498.5000,484.9000,486.5000,333200
485.0000,485.0000,474.0000,480.0000,423200
476.3000,483.5000,471.0000,474.1000,305800
470.0000,478.9000,470.0000,473.9000,531900
478.8000,486.6000,471.5000,478.5000,621200
476.8000,486.9000,474.5000,476.3000,780600
477.7000,485.5000,477.3000,480.0000,390800
480.1000,480.1000,470.0000,471.4000,617600
470.8000,476.2000,470.1000,472.5000,324300
470.1000,481.9000,470.1000,481.0000,276300
482.0000,495.2000,480.7000,490.0000,566800
490.0000,497.0000,488.6000,491.7000,355500
491.7000,491.8000,478.1000,482.9000,478400
482.5000,487.5000,474.8000,482.6000,311300
480.1000,489.3000,476.9000,477.3000,259000
478.8000,480.7000,468.8000,469.0000,378400
465.4000,471.0000,450.4000,470.0000,445800
467.0000,474.8000,460.1000,460.8000,445100
463.3000,472.1000,460.0000,472.1000,410700
472.3000,493.7000,472.3000,485.9000,776300
489.6000,489.9000,483.1000,487.5000,314000
489.1000,493.2000,482.3000,482.8000,309200
479.1000,483.0000,477.3000,482.1000,327000
480.8000,485.1000,477.5000,483.0000,366200
492.0000,500.7650,489.1000,495.0000,532600
497.3000,497.3000,490.0000,492.3000,188700
493.0000,501.5000,490.0000,497.0000,260100
501.0000,510.5000,501.0000,506.0000,250700
506.5000,509.5000,505.0000,508.5000,281800
509.5000,516.5000,507.5000,516.0000,723700
515.0000,516.0000,511.0000,513.5000,500900
511.5000,518.0000,508.0000,517.0000,201200
518.5000,520.0000,511.5000,515.0000,179700
515.5000,518.0000,501.0000,503.0600,1070500
504.0000,506.0000,500.0000,502.0000,407700
502.5000,508.0000,495.2000,499.3000,330300
497.2000,498.0000,492.6000,494.7000,235300
488.1000,506.0000,488.1000,504.5000,568900
504.0000,508.5000,495.6000,507.5000,186900
508.0000,519.5000,507.0000,519.5000,182400
509.5000,517.5000,507.5000,513.0000,267300
513.0000,518.5000,510.0000,515.5000,223400
516.5000,529.0000,516.5000,523.0000,578600
530.0000,534.0000,523.0000,530.0000,743100
532.5000,535.0000,514.5000,519.5000,274800
521.5000,527.0000,517.0000,525.5000,425000
529.5000,530.0000,520.5000,525.5000,354300
526.0000,534.5000,518.5000,533.5000,386000
534.0000,546.0000,527.5000,529.0000,333400
537.5000,538.5000,523.0000,525.0000,241900
523.0000,550.0000,523.0000,531.0000,467100
537.0000,537.0000,512.0000,513.5000,678300
514.5000,522.5000,513.0000,518.5000,614800
520.5000,525.5000,520.0000,523.5000,339800
520.0000,524.5000,520.0000,520.0000,228800
522.5000,526.0000,519.5000,524.0000,180000
522.5000,528.5000,522.0000,524.5000,221700
523.0000,529.5000,523.0000,525.0000,209800
526.5000,531.5000,524.0000,529.5000,180300
531.0000,548.5000,530.5000,541.5000,481200
542.0000,550.0000,540.0000,541.0000,356700
536.5000,537.5000,528.5000,528.5000,204700
531.5000,538.5000,530.0000,535.0000,341000
527.5000,541.5000,527.5000,530.0000,290800
530.5000,536.0000,529.5000,535.5000,251100
538.0000,553.5000,538.0000,548.5000,615600
547.5000,550.0000,540.0000,542.5000,393600
544.5000,546.5000,540.0000,542.0000,227100
530.0000,540.5000,525.0000,537.0000,857500
540.0000,544.5000,536.5000,543.0000,513600
542.5000,545.0000,534.5000,539.5000,317800
540.0000,546.0000,539.0000,542.0000,558900
540.5000,543.5000,534.5000,540.0000,787600
540.5000,542.5000,536.5000,539.0000,462800
542.5000,542.5000,535.0000,537.5000,343500
537.0000,539.5000,531.0000,535.5000,273700
539.5000,543.5000,538.0000,541.5000,121600
539.0000,557.0000,535.5000,548.0000,590900
547.0000,548.0000,535.0000,543.5000,250300
542.0000,544.5000,540.0000,540.0000,563400
539.0000,548.0000,537.0000,544.5000,232100
544.5000,549.5000,544.5000,546.0000,274000
545.0000,547.0000,539.5000,543.5000,245900
541.5000,542.5000,534.0000,535.0000,377000
542.5000,542.5000,536.5000,540.5000,253100
544.5000,549.5000,539.0000,549.5000,533000
550.5000,556.0000,548.5000,551.5000,246500
553.0000,555.0000,550.0000,554.5000,443400
555.5000,558.0000,544.0000,554.0000,698300
552.5000,660.0000,552.5000,557.0000,1399900
557.0000,557.0000,543.5000,549.5000,379600
549.5000,550.5000,545.0000,549.0000,299200
548.5000,551.0000,544.5000,545.0000,282800
545.5000,548.0000,544.0000,545.0000,927500
547.0000,553.0000,542.0000,545.0000,823000
543.0000,545.0000,535.5000,535.5000,242200
531.0000,531.0000,521.0000,527.0000,619400
524.0000,537.5000,524.0000,536.0000,392900
531.0000,536.0000,525.0000,526.0000,198600
525.5000,528.0000,520.0000,524.5000,277400
519.0000,526.0000,516.5000,517.0000,360000
517.0000,533.5000,517.0000,531.0000,704800
536.5000,549.0000,536.0000,538.5000,472900
540.5000,544.5000,532.0000,539.0000,309500
541.5000,545.5000,536.5000,540.0000,411700
539.5000,544.5000,534.5000,540.0000,280400
538.5000,555.0000,538.0000,549.5000,443900
546.0000,551.0000,534.0000,538.0000,631300
535.0000,554.0000,535.0000,553.5000,679900
547.5000,572.0000,547.0000,553.0000,932200
558.0000,579.5000,552.5000,559.5000,1117700
553.0000,557.5000,547.5000,550.0000,593200
544.5000,547.5000,525.5000,528.5000,465300
539.5000,539.5000,505.0000,508.5000,363200
499.7000,509.0000,473.3000,487.0000,1088500
495.0000,510.0000,450.5000,450.5000,991800
447.0000,493.0000,424.3000,484.7000,1284600
491.4000,519.5000,491.4000,501.5000,1457800
513.0000,520.0000,500.5000,516.5000,717700
520.0000,542.5000,512.0000,531.0000,496600
532.0000,536.0000,521.5000,535.0000,295000
532.5000,533.0000,519.0000,522.0000,304200
517.5000,549.0000,515.5000,537.0000,1771100
533.0000,533.0000,506.5000,510.0000,425900
500.0000,536.0000,499.4000,530.5000,694800
535.0000,547.5000,519.5000,520.0000,462000
528.0000,536.5000,520.0000,524.5000,296800
529.0000,534.0000,520.0000,531.0000,315200
534.0000,534.5000,525.0000,528.0000,266700
527.5000,532.0000,525.0000,530.0000,256900
534.0000,545.0000,532.0000,541.0000,269000
541.5000,547.0000,533.5000,545.5000,421300
552.5000,576.0000,546.0000,572.5000,322900
567.5000,572.0000,550.5000,554.5000,323900
547.5000,547.5000,541.0000,544.5000,245000
544.0000,563.0000,544.0000,563.0000,395300
574.0000,574.0000,559.0000,570.0000,213200
570.0000,575.5000,562.5000,569.0000,285800
566.5000,569.0000,543.5000,543.5000,316500
536.0000,542.0000,528.0000,530.0000,298300
543.5000,549.0000,530.0000,546.0000,309100
538.5000,554.0000,538.0000,540.5000,247500
549.0000,557.0000,543.5000,553.0000,215500
557.5000,574.5000,551.0000,574.5000,581500
568.0000,571.0000,561.0000,567.0000,498000
563.5000,587.5000,563.5000,583.5000,649800
579.0000,589.5000,562.0000,566.0000,579500
553.0000,553.5000,538.5000,540.0000,654100
547.0000,547.0000,527.0000,542.5000,722100
540.0000,569.0000,529.0000,568.5000,627000
575.0000,579.0000,564.0000,564.0000,252600
559.0000,574.0000,559.0000,561.0000,173300
554.5000,570.5000,553.5000,567.0000,263800
562.0000,567.5000,545.5000,558.5000,401500
554.5000,583.0000,551.0000,574.0000,1601500
570.0000,582.5000,561.5000,575.0000,837300
578.0000,587.5000,572.5000,580.0000,703100
582.0000,586.0000,562.5000,563.5000,969100
567.0000,567.0000,555.5000,558.0000,280400
560.5000,580.0000,559.0000,577.0000,502300
579.5000,591.0000,570.0000,588.0000,337400
590.0000,591.5000,569.0000,578.0000,375200
573.0000,590.0000,573.0000,580.5000,1099400
581.5000,590.0000,577.0000,579.5000,521100
585.5000,592.0000,573.5000,580.5000,335000
575.0000,587.5000,573.5000,582.0000,188900
583.5000,594.0000,576.5000,582.0000,433300
574.0000,602.5000,573.5000,588.5000,344200
592.5000,604.5000,587.0000,587.0000,536000
587.0000,601.0000,581.0000,597.0000,245400
594.0000,602.5000,588.0000,595.5000,220600
595.0000,605.0000,591.5000,600.0000,249800
609.5000,615.0000,597.5000,598.5000,377200
600.0000,604.5000,595.0000,599.5000,369000
595.5000,604.0000,595.5000,597.5000,601800
583.5000,595.0000,580.0000,590.0000,520000
590.0000,599.0000,584.0000,588.5000,388200
581.5000,605.5000,579.0000,596.5000,486300
596.5000,605.0000,595.0000,597.5000,367900
600.0000,602.5000,401.0000,600.0000,608500
600.0000,608.5000,597.5000,604.0000,937000
604.0000,615.0000,604.0000,614.5000,739800
607.0000,615.0000,605.5000,609.0000,1157800
608.0000,625.0000,608.0000,620.5000,1080800
620.5000,621.0000,606.5000,613.0000,314000
610.0000,618.0000,608.0000,611.0000,960800
611.5000,618.0000,611.0000,616.0000,739900
613.0000,619.2920,611.6800,614.5000,529100
608.0000,613.7500,594.5000,595.0000,575500
593.5000,596.5600,571.5000,571.5000,727800
573.0000,577.5000,566.5000,572.0000,847600
569.5000,577.5400,575.9260,576.0000,799600
576.0000,581.5000,573.5000,578.0000,400200
578.0000,584.0000,572.5000,581.5000,363500
584.5000,596.5000,584.5000,590.5000,423200
592.0000,599.0000,590.0000,599.0000,394800
596.0000,611.5000,593.0000,610.0000,841300
612.5000,615.1540,608.0000,615.0000,531100
615.5000,617.5000,605.5000,607.5000,487700
618.0000,620.5000,610.5000,613.0000,426300
610.0000,620.5000,605.5000,620.0000,351100
622.0000,627.5000,617.5000,627.5000,1340100
630.0000,636.0000,618.5000,621.5000,629400
627.0000,636.0000,624.0000,635.5000,684100
633.0000,638.5000,622.0000,622.0000,520600
625.0000,630.0000,614.5000,628.0000,459300
621.5000,629.5000,619.5000,628.5000,554100
627.0000,644.5000,626.0000,641.0000,521900
644.0000,644.0000,622.5000,624.5000,1088100
622.0000,632.0000,619.5000,623.0000,308600
623.5000,634.5000,623.5000,632.5000,321400
633.0000,637.5000,617.0000,621.0000,345600
621.0000,630.0000,621.0000,624.5000,366300
629.0000,633.0000,622.5000,629.0000,140200
629.0000,629.0000,629.0000,629.0000,0
629.0000,629.0000,629.0000,629.0000,0
626.5000,636.5000,624.5000,628.0000,189800
631.0000,639.0000,626.5000,635.5000,136600
635.5000,651.5000,635.5000,647.0000,170800
647.0000,647.0000,647.0000,647.0000,0
648.0000,651.0000,624.0000,629.0000,688200
626.0000,632.5000,623.0000,626.0000,467200
629.0000,631.5000,620.5000,622.5000,828500
625.0000,637.0000,623.0000,630.5000,414600
632.0000,657.0000,630.0000,656.5000,646300
660.0000,671.0000,657.0000,657.5000,624800
657.5000,663.9250,645.5000,647.5000,281500
647.0000,648.5000,630.0000,636.0000,630800
639.0000,641.2500,631.0000,635.0000,835400
638.0000,650.0000,635.0000,635.0000,443300
640.0000,644.5000,635.0000,637.0000,654500
639.0000,639.0000,631.0000,634.0000,1023600
635.0000,642.0000,634.0000,639.0000,523100
643.5000,672.0000,639.0000,655.0000,1090400
655.0000,663.5000,647.0000,655.5000,430300
654.0000,658.5000,646.5000,655.5000,319300
655.5000,658.0000,650.5000,655.5000,509700
656.5000,668.5000,656.0000,661.5000,290500
661.5000,665.0000,653.5000,659.0000,357100
655.5000,655.5000,644.5000,649.5000,607800
650.5000,656.5000,646.0000,647.0000,394100
648.0000,666.0000,648.0000,660.0000,736200
659.5000,668.0000,659.5000,662.5000,580300
660.0000,667.5000,656.0000,662.0000,497000
662.0000,667.5000,659.0000,666.5000,272600
670.0000,670.5000,661.0000,664.5000,352300
663.0000,667.5000,651.5000,658.5000,426700
661.0000,665.0000,649.5000,652.0000,432000
642.5000,659.5000,642.5000,653.0000,821100
659.5000,660.0000,635.5000,648.5000,1442400
655.0000,681.0000,645.5000,676.0000,1501900
679.0000,693.0000,677.5000,691.5000,1164200
689.0000,705.0000,679.5000,694.5000,1388100
700.0000,710.0000,676.5000,677.5000,1220700
680.5000,689.0000,675.5000,682.5000,607800
683.0000,684.0000,676.5000,681.0000,420800
684.0000,687.5000,677.5000,681.5000,715700
679.0000,689.5000,679.0000,687.5000,818400
689.5000,694.5000,680.5000,682.0000,385800
679.5000,683.8400,676.0000,680.5000,526400
683.0000,698.5000,680.5000,698.0000,1050400
699.0000,703.8100,686.5000,689.5000,622400
689.0000,698.5000,684.0000,696.5000,745600
698.5000,707.1800,695.5000,704.0000,889900
703.5000,710.5000,702.0000,706.0000,908300
705.5000,709.5000,686.0000,688.0000,1157900
687.5000,691.5000,683.8700,689.0000,438100
689.5000,705.0000,689.5000,702.5000,434800
702.5000,707.7500,696.5000,696.5000,890500
694.5000,710.5000,693.0000,706.5000,477600
708.0000,720.0000,706.0000,717.0000,861200
725.0000,725.0000,707.5000,709.5000,676000
707.0000,717.0000,707.0000,712.5000,488600
711.5000,726.0000,711.5000,721.5000,699400
719.5000,727.0000,716.0000,716.0000,459100
708.0000,715.5000,705.0000,712.0000,897600
715.0000,721.0000,710.0000,710.5000,407800
710.0000,740.4200,704.0000,717.0000,979400
718.5000,722.0000,709.5000,717.0000,483900
718.0000,739.5000,718.0000,735.0000,545000
740.0000,741.5000,725.5000,727.0000,513800
728.5000,736.0000,720.6770,725.0000,494900
724.0000,727.2200,717.0000,721.0000,2450400
731.5000,742.0000,727.0000,737.0000,887600
741.0000,751.0000,737.5000,751.0000,524400
751.0000,759.5000,742.5000,757.0000,634300
758.5000,758.5000,740.5000,744.5000,709100
746.0000,748.0000,736.0000,746.5000,392900
746.5000,746.5000,746.5000,746.5000,0
746.5000,746.5000,746.5000,746.5000,0
742.5000,750.6760,738.0000,744.0000,380100
741.0000,750.0000,741.0000,747.5000,637800
749.5000,766.5000,746.5000,762.0000,404300
759.0000,777.0000,756.5000,776.5000,804500
777.5000,778.0000,755.5000,759.0000,810600
756.5000,764.5000,755.0000,764.5000,945500
765.0000,779.5000,762.6800,777.0000,673500
779.5000,786.5000,775.0000,781.0000,696700
780.5000,806.0000,778.0000,806.0000,814900
800.5000,808.5000,785.5000,792.0000,787700
790.0000,795.2540,777.0000,778.5000,1284700
782.5000,798.0000,780.0000,789.0000,961400
800.5000,813.0000,798.5000,813.0000,573000
808.5000,818.0000,796.5000,798.0000,638800
801.5000,811.5000,798.5000,807.0000,791000
804.5000,815.0000,803.0000,815.0000,171200
823.0000,826.6150,804.0000,808.5000,805800
814.5000,825.0000,810.0000,816.0000,464400
815.0000,817.6600,795.5000,799.5000,614100
799.5000,799.5000,799.5000,799.5000,0
793.0000,804.5300,755.0000,762.0000,1582400
772.0000,772.0000,747.5000,752.5000,1023300
758.0000,766.5000,753.2700,766.0000,941500
780.0000,802.0000,777.0000,800.5000,1148000
798.0000,798.0000,786.5000,790.5000,786800
785.5000,798.0000,785.5000,791.5000,764800
785.0000,788.6700,777.0000,784.0000,711300
789.0000,793.5000,782.0000,787.0000,529600
779.5000,782.0000,755.0000,756.5000,787200
753.0000,765.0000,751.0000,761.0000,460700
767.5000,771.9000,758.0000,763.5000,618900
756.5000,761.0000,752.0000,756.5000,517800
759.5000,768.5000,756.5000,766.0000,383400
767.5000,780.5000,759.0000,777.0000,713400
777.5000,788.1980,762.6410,784.5000,1436400
783.5000,796.0000,783.5000,791.0000,779300
791.0000,801.0000,785.5000,797.0000,826100
801.0000,818.0000,801.0000,818.0000,1267500
814.0000,823.0000,790.0000,794.0000,1040200
794.0000,794.0000,794.0000,794.0000,0
794.0000,794.0000,794.0000,794.0000,0
801.0000,802.5000,774.5000,783.5000,992700
789.0000,804.0000,787.0000,802.5000,838500
801.0000,807.5000,792.0000,806.0000,444600
817.0000,825.0000,806.0000,809.0000,432500
808.0000,811.0000,791.5000,797.0000,522500
801.5000,806.5000,788.0000,803.5000,462400
790.0000,800.5000,788.5000,799.0000,843700
804.0000,809.5000,798.5000,803.5000,1052700
806.5000,811.0000,799.5000,800.0000,471100
803.0000,815.0000,801.5000,810.5000,580800
814.5000,816.0000,801.0000,812.5000,370800
810.0000,818.0000,804.0000,811.0000,498900
806.5000,806.5000,798.5000,803.0000,324800
799.0000,800.5000,784.0000,784.0000,446800
784.5000,784.5000,765.5000,774.5000,707600
779.0000,784.5000,764.5000,781.0000,2157700
783.5000,785.0000,764.0000,772.0000,654100
782.5000,805.5000,777.5000,803.0000,551800
802.5000,822.5000,802.5000,813.0000,365900
818.0000,827.5000,815.0000,826.5000,307300
823.0000,831.1540,815.0000,829.5000,229900
827.0000,846.5000,822.5000,845.5000,823600
841.5000,851.5000,834.5000,840.0000,424800
838.0000,845.5000,828.5000,829.5000,487100
836.0000,852.5000,829.0000,850.5000,484900
848.0000,854.5000,845.2500,851.5000,695700
847.5000,848.5000,831.1530,840.5000,450200
842.5000,853.0000,841.0000,844.0000,387800
844.0000,849.5000,836.5000,844.0000,258600
837.0000,847.5000,835.5000,842.5000,278400
844.0000,847.0000,839.0000,846.0000,523200
852.0000,856.5000,846.0000,851.0000,766100
850.5000,861.5000,848.0000,855.0000,421900
848.5000,853.0000,823.5000,825.0000,559500
828.5000,843.0000,828.5000,833.0000,248300
833.5000,842.5000,822.5000,832.0000,251700
835.0000,864.5000,830.0000,864.5000,432600
868.5000,868.5000,851.5000,863.0000,411000
861.5000,870.5000,857.0000,860.0000,243200
863.5000,864.0000,855.5000,858.0000,235300
858.5000,870.0000,854.0000,862.0000,236200
860.5000,868.0000,844.5000,852.5000,257900
845.0000,858.0000,821.5000,838.5000,691500
854.0000,907.0000,845.5000,877.5000,1121100
885.5000,891.5000,870.0000,876.0000,500700
877.0000,886.0000,875.0000,880.0000,594700
880.0000,894.5000,875.0000,889.0000,595400
887.0000,901.5000,886.0000,895.0000,409200
893.0000,897.0000,886.5000,887.5000,276100
887.0000,890.5000,881.5000,887.0000,304400
885.5000,899.5000,879.5000,892.5000,278400
891.0000,900.0000,881.5000,882.5000,260800
885.0000,886.0300,878.0000,881.5000,512200
880.0000,882.2170,872.5000,878.5000,264900
879.5000,887.5000,865.5000,884.0000,574500
879.5000,880.5000,854.0000,859.0000,258500
863.0000,869.7600,855.5000,861.5000,481400
859.0000,862.0000,846.0000,854.0000,324300
854.0000,854.0000,854.0000,854.0000,0
850.5000,868.0000,848.5000,863.5000,490700
863.5000,868.5000,855.5000,864.0000,288000
862.5000,867.5000,854.0000,854.0000,245100
856.0000,873.0000,849.0000,870.0000,398400
867.0000,880.0000,863.0000,870.5000,436800
869.0000,875.5000,865.0000,867.5000,203600
870.0000,877.0000,867.0000,873.0000,212100
872.0000,884.0000,869.0000,881.5000,191700
883.0000,887.0000,879.0000,879.0000,203500
879.5000,881.5600,867.5000,867.5000,228800
866.5000,870.0000,857.5000,859.0000,240300
860.0000,869.5000,855.0000,864.0000,335300
865.0000,879.0000,858.5000,872.5000,419300
879.0000,885.5000,873.5000,882.0000,320500
877.5000,887.5000,877.5000,878.0000,322200
875.5000,878.0000,861.5000,865.0000,379000
868.5000,870.0000,859.5000,859.5000,434800
855.0000,870.0000,849.5000,865.5000,476200
868.5000,881.5000,865.0000,876.0000,614700
873.0000,885.0000,866.5000,882.5000,282300
879.5000,892.5000,878.5000,890.0000,367400
882.0000,886.7650,880.0000,880.5000,344100
885.5000,888.3900,871.0000,875.5000,240600
884.5000,902.0000,883.0000,895.5000,342400
894.5000,927.5000,894.5000,917.5000,548000
913.5000,942.0000,913.5000,934.0000,813400
928.0000,937.5000,923.5000,936.5000,452500
938.0000,956.0000,936.5820,950.0000,532300
952.0000,958.0000,937.5000,939.0000,340800
933.5000,961.5000,932.5000,957.0000,456600
957.0000,959.5000,926.5000,933.0000,433400
933.5000,936.5000,920.5000,928.0000,344100
928.0000,935.0000,922.2880,933.0000,142800
933.0000,938.0000,926.0000,930.5000,405200
927.5000,947.0000,927.5000,942.5000,150900
947.0000,963.5000,945.0000,955.0000,312400
956.0000,961.2100,940.5000,947.0000,292600
952.0000,952.0000,939.0000,948.5000,200500
944.0000,945.0000,926.5000,931.0000,505500
931.0000,932.0000,920.0000,925.5000,531600
926.5000,931.5000,912.1100,925.0000,450300
923.0000,927.0000,916.5000,917.0000,274600
918.5000,927.5000,917.0000,925.0000,291400
924.0000,926.0000,900.0000,904.0000,442700
904.5000,911.0000,892.0000,911.0000,380400
915.0000,926.0000,908.0000,920.0000,257000
920.0000,924.5000,901.5000,901.5000,251800
901.0000,922.0000,899.5000,922.0000,227900
927.0000,933.0000,913.0000,913.0000,365100
901.5000,903.0000,807.5000,835.0000,3642800
839.0000,843.0900,830.0000,833.0000,1602000
830.5000,830.5000,816.5000,819.5000,956400
829.0000,829.0800,814.6000,819.0000,884400
816.0000,826.0000,811.0000,819.5000,744700
820.0000,827.5000,815.0000,819.5000,513900
821.5000,827.5000,816.0000,825.0000,583900
824.0000,858.5000,824.0000,850.0000,1171200
844.0000,868.0000,837.5000,860.5000,1005600
860.5000,870.5000,858.0000,858.0000,675100
860.5000,872.5000,860.5000,869.0000,446400
865.0000,880.0000,865.0000,872.5000,341300
870.0000,871.0000,853.0000,858.0000,588100
858.5000,863.0000,856.5000,859.5000,336100
866.0000,866.0000,856.5000,858.5000,307400
856.5000,857.0000,841.5000,842.5000,502600
844.5000,848.5000,837.0000,843.0000,572000
843.0000,848.5000,838.5000,846.5000,344500
859.0000,860.0000,847.0000,860.0000,485600
856.5000,865.0000,853.5000,857.0000,471600
855.0000,860.0000,837.0000,842.0000,694500
840.0000,845.0000,836.0000,836.0000,390000
840.5000,842.0000,825.0000,831.0000,455000
830.5000,838.5000,824.5000,834.5000,545500
834.0000,843.5000,829.5000,840.0000,423400
833.0000,841.0000,833.0000,837.5000,331400
838.5000,843.5000,829.0000,831.5000,566100
835.5000,867.0000,833.0000,867.0000,1084600
867.0000,870.5000,849.5000,855.5000,550600
854.5000,857.5000,840.5000,842.5000,404900
848.0000,848.0000,830.0000,840.0000,1177900
842.0000,843.5000,835.0000,835.0000,376000
841.0000,849.0000,798.5000,800.0000,1968200
798.0000,804.5000,764.5000,775.5000,1890900
785.0000,803.5000,773.1010,797.0000,1328700
794.0000,810.0000,786.0000,810.0000,105400
810.0000,810.0000,810.0000,810.0000,0
813.5000,813.5000,787.0000,795.5000,552300
798.5000,803.5000,788.0000,791.0000,232500
780.0000,798.5000,780.0000,786.5000,262100
786.5000,786.5000,786.5000,786.5000,0
799.0000,823.0000,786.5000,817.0000,847600
811.5000,821.0000,804.0000,820.0000,608000
819.5000,819.5000,809.6000,814.0000,507700
814.5000,814.5000,794.0000,806.0000,604900
805.0000,810.0000,803.5000,808.0000,475300
810.0000,830.0000,809.0000,830.0000,869800
828.0000,830.0000,823.0000,826.5000,619000
829.5000,841.0000,828.5000,836.5000,984500
840.0000,840.0000,823.5000,831.0000,560300
831.5000,837.0000,824.5000,834.5000,653600
833.5000,846.0000,830.5000,846.0000,708500
848.0000,862.5000,846.5000,862.0000,632200
863.0000,869.0000,857.0000,865.5000,580900
867.0000,868.5000,851.5000,861.5000,279100
859.0000,872.5000,859.0000,865.5000,571000
864.0000,873.0000,861.0000,871.5000,510100
873.5000,876.5000,867.0000,872.5000,429200
869.0000,878.5000,869.0000,876.0000,386600
877.5000,887.0000,877.5000,878.5000,405000
875.0000,876.0000,853.0000,863.0000,868100
861.0000,864.5000,856.0000,858.0000,648700
857.5000,860.5000,845.0000,847.0000,674900
850.5000,869.5000,847.0000,859.5000,712600
865.0000,867.0000,857.0000,860.0000,432900
858.5000,878.5000,858.5000,873.5000,1165900
884.0000,887.0000,875.5000,884.0000,1679300
885.5000,890.5000,874.5000,877.0000,1101700
878.0000,879.0000,843.0000,864.0000,1063800
862.0000,863.5000,812.5000,827.5000,1766100
833.0000,833.5000,821.5000,825.0000,1356500
860.0000,897.0000,851.5000,893.5000,2256700
886.5000,909.5000,880.0000,896.5000,1175600
897.0000,924.5000,897.0000,915.5000,980900
913.5000,929.0000,904.0000,909.0000,554000
916.5000,935.0000,911.0500,918.5000,726700
919.5000,933.5000,906.5000,913.0000,571500
910.0000,910.0000,880.0000,894.0000,1116800
897.0000,922.5000,897.0000,922.0000,837800
926.5000,938.5000,922.5000,928.0000,471900
913.0000,942.0000,912.0000,933.0000,803600
935.0000,944.0000,928.0000,934.5000,434600
935.0000,939.5000,931.5000,935.0000,721700
936.5000,939.5000,918.6000,934.5000,543600
932.0000,935.0000,920.0000,933.0000,375100
934.5000,952.5000,933.4750,940.5000,456500
943.0000,951.0000,929.5000,932.0000,553500
933.5000,935.0000,924.0000,927.5000,455000
933.5000,934.5000,904.0000,906.0000,844200
903.0000,919.5000,898.0000,916.5000,690500
913.5000,931.5000,908.5000,929.0000,407700
924.0000,926.0000,912.0000,918.5000,451800
921.5000,930.9000,918.0000,926.0000,586900
925.0000,938.0000,917.0000,919.0000,511600
909.5000,926.0000,900.5000,906.0000,500200
902.5000,919.5000,902.5000,909.5000,246400
914.0000,921.0000,908.0000,912.0000,556400
910.0000,910.0000,894.5000,903.5000,495800
904.5000,913.5000,898.5000,907.5000,424700
913.0000,930.5000,903.5000,907.5000,637500
908.0000,915.0000,904.0000,907.0000,468400
908.5000,911.0000,897.0000,909.5000,659800
908.5000,911.0000,901.0000,903.5000,699100
903.5000,903.5000,903.5000,903.5000,0
903.5000,903.5000,903.5000,903.5000,0
903.0000,921.5000,899.5000,918.0000,463600
911.0000,924.0000,911.0000,923.0000,718600
924.5000,925.0000,895.5000,899.5000,352000
900.5000,904.0000,874.0000,884.0000,738800
888.0000,896.5000,886.0000,889.0000,498000
889.0000,895.0000,877.5000,890.0000,492900
890.0000,900.0000,887.0000,900.0000,385800
898.5000,937.0000,898.5000,914.5000,626400
910.0000,914.0000,897.0000,906.5000,408000
906.5000,906.5000,893.5000,905.0000,314400
902.0000,911.0000,899.0000,911.0000,620200
914.5000,921.0000,904.5000,909.0000,361800
910.5000,919.5000,898.5000,908.0000,382100
912.0000,920.5000,905.5000,919.5000,356200
922.0000,923.5000,912.5000,916.0000,324300
918.5000,940.5000,914.0000,939.0000,397900
939.5000,939.5000,921.0000,925.0000,474100
910.0000,920.0000,903.2540,916.5000,533900
915.0000,919.5000,902.0000,910.0000,317400
913.5000,923.0000,910.0250,917.5000,288000
919.5000,936.0000,914.0000,922.5000,480700
925.0000,930.0000,910.5000,925.0000,365800
923.5000,973.5630,923.0000,969.5000,871200
969.0000,969.0000,939.0000,945.5000,728000
945.5000,945.5000,945.5000,945.5000,0
932.0000,959.0000,917.0000,943.5000,872900
945.5000,954.0000,941.0000,943.5000,469000
940.0000,962.5000,939.5000,961.5000,511500
960.5000,964.0000,941.0000,949.0000,449700
952.5000,957.5000,939.0000,947.0000,314900
950.0000,958.5000,941.0000,950.0000,456600
951.0000,954.5000,943.5000,950.0000,338600
950.0000,959.0000,946.0000,958.0000,411100
955.5000,974.0000,952.5000,974.0000,1106800
977.0000,979.4030,952.5000,964.5000,370800
965.5000,975.5000,956.0000,962.0000,412500
961.0000,964.5000,949.5000,960.0000,306400
950.5000,950.5000,933.5000,948.0000,681500
949.0000,962.0000,940.5000,942.5000,756600
942.5000,942.5000,942.5000,942.5000,0
947.5000,1004.0000,947.5000,989.5000,887000
986.0000,988.3500,969.5000,975.0000,502600
972.0000,980.0000,970.0000,978.0000,245900
972.0000,980.0000,966.5000,970.5000,410300
963.5000,973.5000,960.5000,963.5000,302000
970.0000,972.5000,961.0000,967.0000,236400
960.5000,981.5000,958.0000,969.0000,466700
971.5000,977.0000,966.0000,969.0000,434700
968.0000,968.0000,944.0000,960.5000,535900
961.5000,964.2500,955.0000,962.5000,1004000
960.5000,960.5000,940.5000,951.5000,495000
950.0000,961.5000,933.0000,933.0000,471100
924.0000,930.0000,917.5000,925.0000,534100
932.0000,934.0000,918.0000,924.0000,516300
924.5000,930.0000,918.0000,921.5000,800800
936.0000,999.0000,921.5000,999.0000,1968000
1000.0000,1000.0000,955.0000,960.5000,1007800
946.5000,959.5000,946.5000,956.5000,726400
959.5000,1002.0000,959.2200,971.0000,1089300
971.0000,973.5000,947.0000,950.5000,586000
956.0000,956.0000,930.5000,951.5000,999600
954.0000,973.0000,950.5000,970.0000,623000
973.5000,1024.0000,973.5000,1014.0000,924700
1010.0000,1017.0000,999.5000,1014.0000,756500
1014.0000,1025.0000,1008.0000,1009.0000,359600
1006.0000,1010.0000,986.5000,995.5000,573300
992.0000,994.5000,981.5000,989.0000,449300
993.0000,1013.0000,993.0000,1010.0000,344300
1005.0000,1020.0000,994.5000,999.0000,280200
1008.0000,1026.0000,999.5000,1024.0000,201600
1014.0000,1022.0000,981.0000,989.0000,582600
995.0000,998.5000,975.3600,988.5000,407600
984.5000,1001.0000,961.5000,973.0000,609000
973.5000,991.5000,973.5000,991.0000,430300
997.0000,1003.0000,985.5000,988.5000,341200
991.0000,994.5000,983.5000,988.0000,159100
990.0000,990.0000,976.5000,986.0000,243400
987.5000,1007.0000,982.5000,1003.0000,254200
999.0000,1008.0000,993.0000,1007.0000,319800
1010.0000,1010.0000,993.0000,995.0000,285100
998.0000,1003.0000,991.5000,991.5000,221700
1002.0000,1003.0000,962.5000,964.0000,645600
962.0000,967.0800,947.5000,966.0000,567900
970.0000,978.5000,957.0000,975.0000,580800
977.0000,987.0000,975.0000,987.0000,582100
980.0000,984.0000,911.5000,916.0000,2639800
916.0000,917.8800,885.5000,889.0000,1807800
898.5000,905.0000,890.5000,894.0000,1053700
897.5000,903.0000,872.0000,873.5000,1188500
876.5000,889.0000,875.1750,879.0000,910300
878.0000,881.5000,850.8090,855.0000,1166100
854.0000,857.5000,846.7440,855.5000,742900
853.5000,879.0000,853.5000,872.5000,767500
874.0000,876.5000,868.0000,871.0000,414500
868.5000,877.5000,865.0000,872.5000,335600
872.5000,876.0000,869.5000,871.0000,505200
866.5000,883.5000,862.5000,880.5000,453600
880.0000,880.0000,862.0000,875.0000,775000
876.5000,882.0000,868.0000,878.0000,599500
886.0000,886.0000,875.0000,877.0000,216400
876.5000,881.5000,860.5000,862.0000,590400
863.0000,865.2010,851.0000,853.5000,595800
856.5000,869.5700,856.0000,859.5000,624800
859.5000,862.2500,852.5000,854.0000,539500
854.0000,854.0000,854.0000,854.0000,0
853.0000,855.0000,829.5000,832.5000,726400
829.5000,831.0000,823.5000,827.5000,786300
829.5000,832.0000,817.0000,817.5000,741400
819.0000,820.5000,802.5000,819.5000,886300
824.0000,846.0000,822.6420,843.0000,530800
847.0000,855.5000,838.5000,850.0000,858300
850.5000,853.0000,844.5000,852.0000,352900
852.0000,856.5000,843.5000,854.0000,268100
855.5000,863.0000,847.0000,854.0000,457500
855.5000,855.5000,844.0000,846.5000,218100
846.5000,846.5000,828.5000,842.5000,705100
844.5000,856.0000,844.5000,849.5000,419300
854.5000,856.5000,840.0000,840.5000,394000
834.5000,839.5000,820.5000,832.0000,663300
837.5000,845.0000,831.0000,839.5000,277100
840.5000,840.5000,811.0000,817.0000,599700
820.0000,820.0000,807.5000,813.0000,489300
819.0000,820.0000,809.0000,815.0000,549300
814.5000,820.5000,799.0000,801.0000,1265700
802.0000,811.5000,797.5000,803.5000,287500
803.5000,812.0000,799.5000,810.0000,473400
815.0000,828.0000,812.0000,822.5000,728600
822.0000,842.5000,820.0000,840.5000,766600
843.0000,866.0000,838.2500,850.0000,856300
848.0000,849.0000,828.0000,830.0000,477600
830.0000,847.0000,830.0000,845.0000,303400
843.5000,845.5000,830.0000,837.5000,423700
840.0000,840.0000,820.0000,820.0000,509200
822.0000,822.6250,804.5000,807.0000,499500
806.5000,806.5000,775.5000,784.0000,937900
783.0000,788.5000,777.5000,779.5000,305600
778.0000,779.6000,759.7360,770.0000,631500
770.5000,788.0000,753.5000,786.0000,1250300
789.0000,803.5000,782.0000,803.5000,611500
803.5000,805.5000,788.5000,797.5000,255700
798.0000,809.0000,791.5000,799.0000,361600
797.0000,798.5000,778.0000,792.0000,348600
793.0000,801.5000,789.0000,796.5000,367700
810.5000,823.0000,809.5000,817.5000,988100
817.0000,831.0000,817.0000,826.5000,589100
826.5000,840.5000,823.0000,827.0000,892000
819.0000,819.0000,761.5000,779.5000,1429900
781.5000,804.6650,781.5000,795.5000,653400
794.0000,794.0000,781.0000,791.5000,470600
793.0000,797.8000,784.0000,784.0000,306300
784.5000,790.4300,780.0000,787.0000,334900
789.5000,795.0000,786.0000,790.5000,434300
787.0000,787.0000,704.5000,762.5000,2580900
762.5000,773.0000,756.5000,759.5000,810700
780.0000,792.0000,738.0000,740.0000,1794600
733.5000,747.5000,683.0000,688.5000,3196000
689.0000,715.0000,686.5000,700.5000,1991000
709.0000,709.0000,668.5000,672.5000,2051800
669.5000,694.5000,663.0000,684.0000,1436000
684.5000,689.5000,675.5000,675.5000,1015600
676.5000,679.0900,656.0000,659.5000,1163900
657.5000,660.0000,633.0000,642.5000,1851400
648.0000,652.0000,641.0000,642.0000,1714800
646.0000,665.5000,646.0000,663.0000,2776800
662.0000,665.0000,650.5000,660.0000,838800
660.0000,677.5000,659.0000,672.0000,1410300
670.0000,697.0000,670.0000,692.0000,1552100
689.5000,692.5000,680.5000,689.5000,942600
695.0000,703.0000,682.5000,688.5000,1348200
691.5000,697.0000,686.0000,687.0000,572300
688.0000,693.5000,684.5000,687.0000,641000
690.0000,698.0000,685.5000,695.5000,533800
698.5000,700.5000,692.0000,695.5000,469700
694.0000,704.5000,692.8300,702.5000,691900
701.0000,709.0000,696.0000,700.0000,1001600
698.5000,703.0000,683.5000,684.5000,605400
687.0000,689.5000,671.5000,673.5000,725800
673.0000,687.0000,670.0000,675.0000,699300
675.0000,680.0000,671.5000,673.0000,638400
675.0000,687.0000,669.5000,686.0000,616400
686.0000,702.0000,682.5000,699.0000,849300
699.0000,701.5000,690.5000,691.0000,382400
688.0000,689.0000,671.0000,671.0000,554200
667.0000,680.5000,664.0000,677.5000,380300
675.5000,676.1900,669.0000,674.5000,379500
671.5000,671.5000,660.5000,661.5000,411900
662.0000,674.0000,656.5200,668.0000,502300
670.5000,689.5000,668.3800,684.5000,597600
683.5000,690.0000,678.5000,687.0000,593900
685.0000,691.0000,685.0000,686.5000,392700
690.5000,697.5000,671.5000,695.5000,82500
695.5000,695.5000,695.5000,695.5000,0
695.5000,695.5000,695.5000,695.5000,0
700.0000,701.0000,684.0000,701.0000,462400
705.5000,736.5000,700.0000,732.5000,700800
735.5000,742.0000,717.0000,725.5000,282500
725.5000,725.5000,725.5000,725.5000,0
729.5000,769.6000,727.5000,736.0000,1134600
735.0000,767.5000,729.5000,766.5000,988000
768.5000,773.5000,754.5000,759.0000,669900
765.5000,765.5000,742.0000,743.0000,705100
748.5000,765.0000,741.5000,764.0000,870700
767.5000,782.0000,758.3800,770.0000,797900
768.5000,781.5000,768.5000,774.5000,505000
772.0000,781.0000,767.1400,776.5000,688500
773.5000,779.0150,768.0000,770.5000,521900
771.5000,787.5000,771.5000,782.5000,535800
785.5000,790.0000,769.5000,770.5000,1079900
766.5000,768.0000,757.5000,760.0000,1140000
763.5000,768.0000,756.2200,765.5000,325100
766.0000,775.0000,761.0000,765.0000,986600
770.0000,791.5000,767.0000,780.5000,847400
777.0000,781.0000,756.0000,756.0000,673000
757.5000,758.5000,740.0000,741.0000,969700
739.5000,746.0000,724.0000,736.5000,825600
746.5000,746.5000,725.5000,730.5000,735900
739.0000,742.0000,718.0000,720.5000,1053100
715.5000,725.0000,715.5000,723.0000,740800
726.0000,730.0000,709.3600,715.0000,489500
715.0000,724.0000,712.0000,714.0000,595700
711.0000,714.6800,706.5000,711.5000,642800
705.0000,715.0000,701.5000,704.0000,659900
713.0000,713.0000,704.0000,709.5000,883800
708.5000,720.0000,708.5000,711.0000,678700
712.0000,718.5000,707.0000,714.5000,617400
722.5000,730.0000,715.5000,730.0000,645100
688.0000,688.5000,631.7000,660.0000,6549700
660.0000,660.0000,625.0000,641.0000,4601500
638.5000,651.5000,627.0000,645.0000,1406600
641.0000,661.6220,641.0000,658.0000,1138700
659.5000,674.0000,656.9400,665.0000,1340300
665.5000,669.0000,659.0000,667.0000,661700
665.0000,685.5000,665.0000,681.0000,978900
665.0000,678.0000,662.0000,673.0000,1139000
674.0000,675.0000,665.4950,670.0000,695000
670.0000,671.0000,663.5000,666.0000,1038000
667.5000,672.0000,650.0000,654.5000,815900
656.5000,663.0000,653.5000,654.0000,559000
654.0000,664.5000,649.0000,659.5000,495700
654.0000,661.5000,635.5000,652.0000,921700
654.5000,676.5000,650.0000,675.0000,1235600
669.5000,680.5000,665.5000,667.5000,1039300
671.0000,679.0000,670.0000,675.0000,484000
674.0000,680.0000,673.5000,676.0000,589600
675.0000,682.0000,668.0000,670.0000,439000
673.0000,674.0000,664.0000,668.0000,398000
663.0000,666.5000,659.5000,661.0000,407900
662.0000,662.0000,647.0500,655.0000,482600
650.0000,658.5000,643.5000,656.0000,489900
655.0000,671.0000,653.5000,667.5000,646600
668.5000,679.5000,661.5000,677.5000,453900
677.0000,690.1050,676.0000,684.0000,526800
680.0000,687.5000,675.5000,687.0000,294400
690.5000,695.5000,685.0000,692.0000,703200
692.0000,696.5000,689.0000,694.5000,363700
698.0000,702.5000,694.0000,697.5000,347500
701.5000,724.0000,699.0000,710.5000,642100
708.0000,709.5000,684.7100,689.5000,393600
692.0000,698.6060,685.5000,690.0000,397400
693.5000,704.9220,691.5000,698.0000,318100
701.0000,706.5000,697.0000,704.5000,311600
707.5000,719.5000,703.5000,710.5000,349000
710.0000,712.5600,686.5000,693.5000,581500
693.5000,704.2500,691.5000,700.0000,868800
698.0000,698.0000,678.0000,682.0000,813500
678.5000,684.0000,658.5000,660.0000,848800
663.0000,676.0000,661.5000,673.0000,637400
677.0000,684.0000,668.0000,668.0000,592400
659.5000,666.0000,647.6860,662.5000,554600
656.5000,658.0000,635.0000,642.0000,741300
642.5000,652.0000,640.0000,640.5000,480900
651.5000,651.5000,636.5000,639.0000,439900
635.5000,640.0000,628.0000,631.0000,386200
631.0000,631.0000,631.0000,631.0000,0
631.0000,631.0000,631.0000,631.0000,0
635.0000,641.5000,630.3400,639.5000,729300
638.5000,645.5000,633.5000,633.5000,796900
640.5000,643.5000,630.5000,636.0000,609900
628.5000,643.0000,628.5000,642.0000,644700
644.5000,645.0000,626.0000,634.0000,745900
683.0000,753.0000,680.0000,728.0000,3230200
733.0000,733.5000,703.0000,717.0000,868900
724.5000,729.0000,717.0000,723.5000,308200
721.5000,721.5000,696.0000,710.0000,802600
710.0000,710.0000,710.0000,710.0000,0
707.0000,718.5600,701.5000,708.5000,506900
704.0000,707.0000,695.5000,700.5000,405600
705.0000,712.2970,695.0000,708.5000,455400
705.0000,709.0000,695.5000,698.5000,761400
704.0000,714.0000,696.0000,709.0000,1032200
714.0000,727.5000,706.0000,720.5000,658900
719.0000,719.5000,704.5000,707.0000,353700
709.0000,709.0000,695.0000,699.5000,430800
699.0000,699.5000,668.5000,688.5000,514500
690.5000,701.5000,684.0000,686.5000,301300
689.5000,691.0000,679.5000,685.0000,324700
682.5000,691.5000,682.5000,691.0000,547100
689.5000,702.5000,688.0000,700.0000,858200
701.5000,704.5000,694.5000,702.0000,259000
702.0000,702.0000,702.0000,702.0000,0
703.5000,725.7600,703.5000,718.5000,439600
719.5000,720.0000,712.5000,716.0000,296400
713.0000,726.0000,713.0000,723.0000,561300
723.0000,729.0000,706.7500,711.0000,707300
720.0000,732.0000,713.1100,729.5000,1460400
725.0000,739.5000,725.0000,737.0000,336700
737.0000,746.0000,734.0000,745.0000,630800
744.0000,755.5000,744.0000,753.0000,679200
757.0000,765.5000,751.0000,764.0000,462700
767.0000,783.5000,762.0000,767.5000,267000
766.5000,769.5000,751.5000,756.0000,186400
759.5000,759.5000,747.5000,753.0000,250700
748.0000,760.0010,748.0000,760.0000,459400
760.0000,760.0000,747.0000,750.0000,226800
751.0000,755.0000,742.5000,751.5000,332200
750.0000,758.5000,748.0000,758.0000,1514000
760.5000,760.5000,747.5000,753.5000,252300
758.0000,765.0800,756.0000,761.0000,312100
761.0000,772.5000,761.0000,763.0000,383800
760.5000,769.5000,753.0000,761.5000,410800
767.5000,767.5000,749.0000,757.0000,279600
753.5000,754.2500,746.0000,746.0000,1134500
747.0000,759.5000,747.0000,755.5000,2978200
757.0000,758.5000,749.5000,750.0000,219400
750.5000,757.0000,749.0000,754.0000,223300
754.0000,765.5000,748.0000,764.5000,286700
762.5000,771.0000,762.5000,765.0000,376200
760.5000,772.5000,760.5000,768.0000,253200
764.5000,778.5000,764.5000,767.0000,152900
763.5000,770.0000,757.5000,762.0000,266200
757.0000,761.0000,749.5000,757.0000,438200
759.5000,765.5000,748.5000,751.0000,215500
752.0000,752.0000,727.5000,735.0000,468900
735.5000,741.0000,727.5000,740.0000,252400
743.0000,755.5000,741.5000,751.0000,177400
747.5000,761.5000,747.5000,753.5000,327700
756.0000,764.5000,754.0000,754.0000,419600
752.5000,763.0000,746.8200,760.0000,214400
754.5000,755.5000,749.0000,755.0000,278000
753.5000,791.5000,753.0000,784.0000,572000
785.5000,811.6000,780.5000,801.0000,664400
797.5000,805.0000,797.0000,800.0000,403400
798.0000,807.5000,794.5000,803.0000,452900
801.5000,808.0000,798.5000,801.0000,329800
804.5000,804.5000,797.5000,801.0000,298700
800.5000,809.5000,798.5000,806.0000,689700
806.0000,810.0000,799.0000,804.0000,333600
812.0000,812.0000,786.5000,795.0000,931300
797.5000,797.5000,779.5000,791.0000,434500
806.5000,806.5000,743.0000,756.0000,905200
760.5000,768.5000,743.0000,767.5000,601400
763.0000,763.5000,736.6600,748.0000,496700
747.0000,752.0000,736.0000,738.5000,579100
734.5000,738.5000,715.5000,726.5000,601700
730.0000,753.5000,729.0000,751.0000,612800
755.0000,767.0000,746.0000,765.0000,500000
759.0000,763.5000,751.5000,760.5000,624700
760.0000,769.8400,759.0000,769.0000,243900
769.5000,787.0000,769.5000,781.0000,296300
786.0000,792.0000,783.0000,791.5000,380900
797.0000,798.0000,776.8840,779.5000,371600
784.5000,784.5000,765.5000,771.0000,291100
769.0000,777.0000,765.0000,769.5000,228100
770.0000,773.5000,759.4600,761.5000,167900
761.5000,761.5000,761.5000,761.5000,0
735.0000,735.0000,693.5000,716.0000,4014600
715.0000,737.0000,715.0000,737.0000,557800
736.0000,744.5000,728.0000,741.5000,412500
739.0000,745.0000,736.7000,741.0000,356700
739.0000,745.0000,738.5000,740.5000,573100
740.5000,745.5000,738.0000,742.5000,388400
743.0000,750.0000,738.5000,740.0000,385100
741.5000,743.5000,734.0000,739.5000,251800
738.0000,745.0000,732.0000,743.0000,418100
745.0000,773.0000,743.0000,770.0000,1182800
768.0000,770.0000,750.5000,760.0000,921800
755.5000,768.0000,749.0000,764.0000,228700
763.5000,771.0000,754.5000,760.5000,221700
761.0000,770.5000,755.1590,770.5000,324200
764.0000,773.0000,764.0000,769.0000,369100
767.0000,767.0000,750.0000,761.5000,426500
767.5000,767.5000,754.0000,755.0000,261900
754.5000,755.0000,737.5000,751.5000,921200
758.5000,759.0000,745.5000,751.5000,812800
746.5000,753.0000,745.0000,750.0000,233400
746.5000,747.9950,738.0000,742.0000,471300
743.5000,746.0000,736.0000,744.5000,301700
744.0000,750.0000,731.0000,739.0000,413100
738.0000,741.5000,730.5000,734.0000,482300
735.0000,746.5000,733.9800,746.0000,1628400
749.0000,752.5000,742.0000,748.0000,624800
751.5000,753.5000,741.1700,749.0000,1527000
750.0000,750.0000,733.0000,736.0000,2078200
742.5000,742.5000,732.0000,740.5000,272700
743.0000,745.5000,732.0000,734.5000,271500
732.5000,732.5000,699.0000,712.5000,701900
712.0000,713.0000,697.5000,706.0000,378400
713.0000,716.5000,684.5000,686.0000,435100
681.5000,686.0000,671.5000,675.0000,1032200
670.5000,684.5000,664.0000,679.0000,561800
672.5000,685.0000,672.5000,682.5000,291500
681.0000,690.0000,661.5000,670.0000,826200
673.0000,680.0000,652.5000,666.5000,752900
666.5000,691.0000,666.5000,685.5000,512000
688.0000,701.5000,683.0000,697.5000,657200
699.0000,713.0000,694.0000,710.0000,526400
712.0000,728.0000,710.5000,728.0000,381700
720.5000,738.5000,720.0000,735.0000,726300
731.0000,738.0000,730.5000,737.5000,245800
742.0000,744.0000,734.0000,737.0000,480900
739.0000,747.5000,739.0000,747.0000,259100
746.5000,762.0000,746.5000,762.0000,270900
765.5000,771.5000,758.5000,767.5000,647100
776.0000,780.5000,765.0000,770.5000,553500
750.0000,778.0000,730.8200,771.0000,601300
770.0000,777.5000,759.0000,761.5000,594400
768.0000,772.5000,759.5000,772.0000,380000
770.0000,783.5000,768.5000,775.5000,548200
780.5000,781.0000,766.0000,766.0000,470900
761.0000,770.5000,756.5000,761.5000,745300
758.0000,776.5000,755.5000,769.5000,821700
775.0000,775.5000,767.0000,772.0000,446500
780.0000,802.5000,777.3000,800.5000,1533500
806.0000,806.0000,787.0000,798.5000,640400
792.5000,794.5000,784.5000,792.0000,591900
791.0000,803.0000,787.0000,800.5000,568400
802.5000,812.0000,797.0000,808.0000,564100
802.0000,812.5000,802.0000,809.0000,601700
809.0000,826.0000,807.5000,824.0000,564700
825.0000,833.5000,818.4000,830.0000,491000
834.5000,834.5000,816.9500,820.0000,376300
815.5000,826.5000,815.0000,815.5000,546500
819.0000,821.0000,811.5000,814.5000,274500
815.5000,815.5000,807.0000,811.5000,583800
800.0000,807.0000,775.5000,778.5000,657500
781.5000,781.5000,770.0000,776.0000,1687100
780.0000,796.0000,777.5000,791.5000,1232700
796.5000,797.5000,784.5000,786.0000,452400
793.5000,794.0000,785.5000,791.5000,426800
792.0000,802.5000,787.0000,801.0000,297800
796.0000,796.0000,781.5000,788.0000,479400
792.5000,796.0000,785.0000,790.0000,369900
790.0000,793.0000,785.5000,790.5000,348400
793.0000,795.0000,787.5000,788.5000,425200
794.0000,795.0000,779.5000,779.5000,507500
781.0000,782.0000,752.0000,771.5000,731800
770.0000,778.5000,760.5000,776.5000,729100
783.0000,789.0000,780.5000,789.0000,522800
788.5000,792.0000,778.5000,786.5000,959100
792.0000,802.0000,788.5000,801.5000,208300
806.0000,806.5000,796.5000,798.0000,156400
805.0000,808.5000,796.0000,807.0000,21400
807.0000,807.0000,807.0000,807.0000,0
807.0000,807.0000,807.0000,807.0000,0
801.0000,809.0000,793.5000,799.5000,238000
799.5000,799.5000,792.0000,794.5000,133400
799.0000,804.5000,796.0000,804.5000,29600
804.5000,804.5000,804.5000,804.5000,0
808.5000,809.0000,791.5000,805.5000,263800
805.0000,815.0000,797.0000,798.0000,185500
803.0000,803.0000,787.5000,788.5000,623300
794.0000,794.0000,779.0000,783.5000,461800
791.5000,810.0000,790.0000,808.0000,439400
802.0000,808.5000,796.5000,799.5000,260500
799.5000,801.5000,782.5000,792.5000,398000
795.0000,826.0000,792.5000,817.0000,673000
808.5000,812.5000,798.5000,803.5000,205500
806.0000,819.5000,801.0000,817.5000,740600
812.5000,818.0000,807.5000,816.5000,299700
816.0000,839.0000,816.0000,834.5000,270100
838.0000,841.0000,829.0000,837.5000,270600
841.0000,852.5000,838.5000,848.5000,270900
846.5000,862.5000,846.5000,858.0000,402000
838.0000,858.0000,818.5170,841.0000,529900
833.0000,844.5000,823.5000,835.0000,683900
830.5000,847.5000,830.5000,840.0000,266700
842.0000,855.5000,835.0000,846.0000,384100
840.0000,856.0000,840.0000,854.0000,290200
853.0000,863.5000,849.5000,862.0000,324000
859.5000,881.0000,855.3000,880.0000,939900
877.0000,885.5000,871.0000,878.5000,427600
872.0000,888.5000,872.0000,883.5000,435000
862.5000,877.0000,857.5000,865.0000,824400
857.5000,870.5000,857.5000,864.0000,463300
862.5000,863.0000,834.0000,854.0000,470600
853.5000,859.5000,845.0000,848.5000,528100
940.0000,1000.0000,940.0000,978.0000,3640200
979.0000,982.0000,960.5000,972.5000,3895600
973.5000,979.5000,948.5000,952.0000,1183100
952.0000,955.5000,911.0000,936.5000,1333200
927.0000,953.2000,927.0000,952.0000,2958100
957.0000,962.0000,943.5000,943.5000,894200
940.0000,946.0000,933.5000,936.5000,653500
933.0000,937.5000,923.0000,923.0000,847600
935.5000,935.5000,916.5000,926.0000,904300
924.0000,931.5000,918.0000,927.0000,1026800
924.0000,941.0000,923.0000,940.5000,999200
934.5000,943.5000,932.0000,934.5000,464000
929.0000,933.0000,923.0000,925.0000,2008200
927.0000,930.5000,907.0000,911.0000,479600
911.0000,913.0000,896.5000,901.0000,709700
898.0000,914.0000,898.0000,907.0000,508000
915.0000,923.5000,904.0000,921.0000,542800
918.0000,937.5000,918.0000,930.0000,770600
931.5000,950.0000,912.5000,915.0000,1029800
908.5000,920.5000,907.5000,911.5000,823500
906.5000,915.4300,899.5000,910.5000,660700
915.5000,920.5000,900.0000,905.0000,755600
908.5000,910.3900,885.0000,895.0000,607300
899.5000,911.5000,894.5000,908.0000,433600
912.5000,917.5000,899.5000,905.5000,340300
904.0000,926.0000,904.0000,917.0000,461700
908.0000,920.0000,905.5000,910.0000,431400
906.5000,916.0000,906.5000,914.0000,550200
917.5000,917.5000,904.2130,909.0000,289900
908.0000,918.5000,908.0000,914.0000,361500
910.0000,914.5000,893.5000,893.5000,262900
890.0000,891.8000,871.5000,874.5000,459500
876.5000,882.0000,861.5000,864.0000,456300
869.0000,886.5000,864.1600,880.0000,444100
881.5000,885.0000,872.0000,875.0000,815900
870.5000,905.5000,870.5000,889.5000,1194400
893.0000,904.0000,891.0000,898.5000,889400
898.5000,898.5000,898.5000,898.5000,0
898.5000,898.5000,898.5000,898.5000,0
908.5000,915.5000,899.7290,914.0000,339700
908.5000,923.0000,907.5000,916.0000,473400
918.0000,940.0000,915.5000,937.0000,654300
944.0000,947.0000,935.5000,940.5000,966800
938.5000,941.5000,929.0000,932.0000,655000
937.0000,937.5000,914.5000,915.5000,893900
920.5000,925.0000,914.5000,923.0000,505500
925.0000,926.1040,915.5000,922.5000,354400
918.0000,927.0000,907.0000,918.0000,459700
917.5000,923.0000,914.5000,920.0000,280500
928.0000,928.5000,915.5000,923.5000,1039700
930.0000,930.0000,918.5000,923.5000,301700
929.5000,933.0000,918.5000,925.0000,622400
925.0000,933.5000,919.5000,925.0000,687700
931.0000,931.0000,912.5000,916.5000,456400
918.5000,918.5000,897.0000,904.0000,505600
903.0000,908.0000,886.5000,890.0000,436400
887.0000,895.0000,876.5000,888.5000,650000
881.5000,895.0000,881.5000,895.0000,147700
895.0000,895.0000,895.0000,895.0000,0
911.0000,912.5000,892.5000,894.5000,489000
898.0000,900.0000,888.5000,899.5000,408600
1100.0000,1116.0000,1060.0000,1095.0000,15374500
1090.0000,1104.0000,1068.6000,1095.0000,2828300
1086.0000,1096.0000,1074.0000,1077.0000,3221700
1065.0000,1082.0000,1060.0000,1079.0000,2532800
1085.0000,1130.0000,1069.0000,1115.0000,4493400
1082.0000,1086.0000,1075.0000,1080.0000,751900
1084.0000,1088.0000,1069.0000,1069.0000,1351200
1062.0000,1080.0000,1057.2500,1070.0000,720900
1073.0000,1085.0000,1072.0000,1082.0000,504200
1080.0000,1109.0000,1079.0000,1099.0000,1593500
1093.0000,1099.0000,1087.0000,1095.0000,778400
1098.0000,1104.0000,1096.0000,1101.0000,1111900
1101.0000,1101.0000,1101.0000,1101.0000,0
1089.0000,1097.0000,1069.0000,1095.0000,843900
1095.0000,1110.0000,1095.0000,1105.0000,361800
1095.0000,1104.0000,1087.0000,1090.0000,1301000
1093.0000,1104.0000,1074.0000,1078.0000,3552500
1072.0000,1093.0000,1070.0000,1092.0000,3127800
1102.0000,1102.0000,1088.0000,1091.0000,814600
1092.0000,1098.0000,1088.0000,1094.0000,1396000
1092.0000,1094.2500,1085.0000,1090.0000,1374400
1085.0000,1090.0000,1069.0000,1075.0000,722000
1067.0000,1079.0000,1067.0000,1076.0000,387900
1066.0000,1074.0000,1065.0000,1070.0000,473100
1072.0000,1072.0000,1060.0000,1068.0000,498700
1070.0000,1076.0000,1066.0000,1075.0000,862700
1065.0000,1070.0000,1062.0000,1070.0000,433500
1066.0000,1067.0000,1060.0000,1060.0000,297400
1059.0000,1063.0000,1051.0000,1058.0000,686400
1055.0000,1060.0000,1049.0000,1054.0000,693000
1056.0000,1056.0000,1042.0000,1048.0000,1669200
1053.0000,1053.0000,1044.0000,1046.0000,910400
1061.0000,1061.0000,1049.0000,1055.0000,959700
1054.0000,1055.0000,1048.0000,1054.0000,730800
1058.0000,1058.0000,1042.0000,1046.0000,861800
1044.0000,1046.0000,1039.0000,1044.0000,952200
1043.0000,1044.0000,1035.2500,1043.0000,462700
1028.0000,1033.0000,1008.0000,1028.0000,1726300
1027.0000,1038.0000,1017.0000,1028.0000,360700
1031.0000,1040.0000,1028.0000,1034.0000,587000
1035.0000,1042.0000,1029.0000,1034.0000,538400
1028.0000,1034.0000,1020.0000,1024.0000,155000
1014.0000,1032.0000,1014.0000,1032.0000,662900
1040.0000,1040.0000,1021.0000,1025.0000,421600
1033.0000,1040.0000,1027.0000,1038.0000,422600
1040.0000,1048.0000,1036.4000,1043.0000,221100
1057.0000,1060.2500,1044.0000,1046.0000,423100
1050.0000,1053.0000,1047.0000,1050.0000,288800
1051.0000,1051.0000,1044.0000,1046.0000,588400
1051.0000,1054.0000,1042.0000,1050.0000,307400
1050.0000,1051.0000,1044.0000,1049.0000,602300
1050.0000,1053.0000,1043.7200,1051.0000,529800
1074.0000,1074.0000,1055.0000,1062.0000,226900
1069.0000,1075.0000,1059.0000,1070.0000,184100
1063.0000,1069.0000,1053.0000,1065.0000,173100
1065.0000,1080.0000,1022.0000,1077.0000,653300
1083.0000,1083.0000,1067.0000,1075.0000,938100
1070.0000,1081.0000,1066.0000,1076.0000,392300
1054.0000,1094.0000,1054.0000,1082.0000,536400
1080.0000,1091.0000,1079.0000,1088.0000,458200
1088.0000,1106.0000,1082.0000,1093.0000,1075800
1103.0000,1103.0000,1089.0000,1095.0000,281100
1101.0000,1102.0000,1087.0000,1101.0000,296900
1108.0000,1108.0000,1100.0000,1104.0000,163700
1116.0000,1116.0000,1093.0000,1103.0000,306800
1087.0000,1101.0000,1084.7500,1098.0000,146100
1090.0000,1104.0000,1090.0000,1091.0000,242000
1093.0000,1100.0000,1088.0000,1100.0000,388000
1089.0000,1103.0000,1089.0000,1096.0000,459000
1100.0000,1103.0000,1079.0000,1096.0000,858900
1093.0000,1115.0000,1085.0000,1104.0000,959800
1096.0000,1105.0000,1093.0000,1099.0000,558000
1099.0000,1104.0000,1099.0000,1100.0000,624400
1102.0000,1102.0000,1097.0000,1099.0000,445900
1090.0000,1100.0000,1090.0000,1095.0000,554800
1085.0000,1094.0000,1084.0000,1090.0000,261600
1082.0000,1086.0000,1076.0000,1079.0000,470900
1055.0000,1064.0000,1028.0000,1045.0000,613600
1056.0000,1061.0000,1037.0000,1059.0000,480900
1043.0000,1065.0000,1042.0000,1050.0000,176000
1055.0000,1073.0000,1053.0000,1070.0000,222400
1075.0000,1087.0000,1066.0000,1087.0000,200000
1087.0000,1087.0000,1087.0000,1087.0000,0
1074.0000,1084.6801,1061.0000,1074.0000,218300
1080.0000,1084.0000,1065.0000,1081.0000,238900
1094.0000,1099.0000,1082.0000,1097.0000,838300
1097.0000,1101.0000,1088.0000,1096.0000,306800
1095.0000,1104.0000,1095.0000,1096.0000,82000
1104.0000,1104.0000,1091.0000,1102.0000,313900
1104.0000,1129.0000,1102.0000,1122.0000,207834
1114.0000,1131.0000,1114.0000,1124.0000,172449
1134.0000,1136.0000,1123.0000,1127.0000,208808
1133.0000,1133.0000,1124.0000,1127.0000,194199
1130.0000,1134.0000,1123.0000,1130.0000,158573
1140.0000,1140.0000,1117.0000,1117.0000,458235
1117.0000,1125.0000,1112.0000,1115.0000,376794
1116.0000,1117.0000,1103.0000,1110.0000,455183
1097.0000,1116.0000,1097.0000,1112.0000,421831
1110.0000,1110.0000,1098.2800,1103.0000,174188
1110.0000,1113.0000,1104.0000,1110.0000,896888
1090.0000,1113.0000,1090.0000,1105.0000,194146
1110.0000,1113.0000,1104.0000,1106.0000,423417
