<TICKER>,<PER>,<DTYYYYMMDD>,<TIME>,<OPEN>,<HIGH>,<LOW>,<CLOSE>,<VOL>,<OPENINT>
DLG.L,D,20121011,000000,181.0000,189.2500,175.0000,188.0000,165481104,0
DLG.L,D,20121012,000000,188.0000,189.1300,183.9450,186.5000,39875400,0
DLG.L,D,20121015,000000,188.0000,190.0000,182.5320,188.0000,15910100,0
DLG.L,D,20121016,000000,188.2500,189.7500,186.0830,189.2500,15913100,0
DLG.L,D,20121017,000000,190.0000,194.0830,188.4150,193.0000,16412900,0
DLG.L,D,20121018,000000,192.5000,194.0000,189.0000,192.7500,7572500,0
DLG.L,D,20121019,000000,193.7500,195.7500,191.6580,195.0000,11959200,0
DLG.L,D,20121022,000000,195.0000,195.0000,191.6180,193.0000,5216200,0
DLG.L,D,20121023,000000,192.5000,192.5000,188.9080,189.2500,6784800,0
DLG.L,D,20121024,000000,188.0000,192.0350,188.0000,190.0000,5353100,0
DLG.L,D,20121025,000000,190.2500,193.7500,188.3880,191.5000,3279300,0
DLG.L,D,20121026,000000,190.0000,192.7500,189.1680,192.5000,2555400,0
DLG.L,D,20121029,000000,193.0000,193.0000,190.0000,190.2500,2579900,0
DLG.L,D,20121030,000000,191.0000,193.5000,189.6930,193.5000,3211700,0
DLG.L,D,20121031,000000,193.5000,195.0000,191.6750,194.5000,2772600,0
DLG.L,D,20121101,000000,193.2500,199.0000,192.4300,199.0000,3129500,0
DLG.L,D,20121102,000000,197.0000,199.0000,193.7500,195.2500,3644100,0
DLG.L,D,20121105,000000,198.0000,198.0000,193.5000,196.0000,2219000,0
DLG.L,D,20121106,000000,197.7500,198.0000,193.5000,196.0000,1968500,0
DLG.L,D,20121107,000000,195.7500,197.3900,193.0000,194.0000,2066500,0
DLG.L,D,20121108,000000,197.5000,197.5000,193.5000,195.0000,749000,0
DLG.L,D,20121109,000000,193.2500,195.0000,191.7500,194.0000,2564700,0
DLG.L,D,20121112,000000,191.0000,196.0000,191.0000,194.5000,1402700,0
DLG.L,D,20121113,000000,199.0000,199.0000,193.5000,195.5000,879100,0
DLG.L,D,20121114,000000,197.2500,197.2500,193.3700,194.7500,943400,0
DLG.L,D,20121115,000000,194.7500,195.8800,192.7500,194.7500,1647500,0
DLG.L,D,20121116,000000,197.0000,197.0000,192.5000,194.7500,1435300,0
DLG.L,D,20121119,000000,197.0000,197.0000,193.4120,195.2500,506200,0
DLG.L,D,20121120,000000,196.7500,197.0000,192.5000,195.5000,812000,0
DLG.L,D,20121121,000000,197.0000,198.0000,194.0000,197.0000,2365300,0
DLG.L,D,20121122,000000,194.5000,202.0000,194.4650,200.0000,2422100,0
DLG.L,D,20121123,000000,202.0000,203.2500,198.6180,202.2500,1053500,0
DLG.L,D,20121126,000000,197.0000,204.0000,197.0000,200.7500,1485000,0
DLG.L,D,20121127,000000,197.5000,203.7500,197.5000,202.0000,1454900,0
DLG.L,D,20121128,000000,198.0000,203.7500,198.0000,203.7500,631800,0
DLG.L,D,20121129,000000,204.0000,205.5000,201.0850,203.0000,656200,0
DLG.L,D,20121130,000000,201.0000,202.7500,199.8100,202.7500,532200,0
DLG.L,D,20121203,000000,198.0000,203.5280,198.0000,202.0000,1750700,0
DLG.L,D,20121204,000000,203.0000,203.6680,197.2500,199.0000,886300,0
DLG.L,D,20121205,000000,200.0000,201.0000,198.5000,199.0000,2003300,0
DLG.L,D,20121206,000000,198.0000,202.1300,197.7500,199.2500,6942900,0
DLG.L,D,20121207,000000,203.7500,203.7500,197.9630,201.0000,1393800,0
DLG.L,D,20121210,000000,201.5000,202.2500,197.6500,200.2500,832800,0
DLG.L,D,20121211,000000,197.5000,208.5200,197.0000,206.0000,2645900,0
DLG.L,D,20121212,000000,201.2500,209.0000,201.2500,209.0000,2360100,0
DLG.L,D,20121213,000000,207.7500,213.7500,204.4730,211.7500,4332000,0
DLG.L,D,20121214,000000,211.0000,212.3100,208.0000,210.0000,2493600,0
DLG.L,D,20121217,000000,210.5000,211.7500,207.8750,210.0000,2211200,0
DLG.L,D,20121218,000000,211.0000,213.0000,206.4000,213.0000,2586300,0
DLG.L,D,20121219,000000,213.0000,215.0000,209.0000,210.0000,2783100,0
DLG.L,D,20121220,000000,214.0000,214.2500,207.9750,210.5000,3256000,0
DLG.L,D,20121221,000000,215.0000,217.7500,207.2500,214.0000,29936700,0
DLG.L,D,20121224,000000,213.0000,217.5000,210.1000,213.0000,338900,0
DLG.L,D,20121225,000000,213.0000,213.0000,213.0000,213.0000,0,0
DLG.L,D,20121227,000000,216.0000,217.0000,210.3000,212.5000,532000,0
DLG.L,D,20121228,000000,213.2000,218.1000,211.0000,213.4000,703700,0
DLG.L,D,20121231,000000,212.7000,216.4000,210.2200,216.4000,210500,0
DLG.L,D,20130101,000000,216.4000,216.4000,216.4000,216.4000,0,0
DLG.L,D,20130102,000000,217.5000,217.5000,211.5000,214.3000,1515600,0
DLG.L,D,20130103,000000,213.9000,214.9000,210.3000,213.3000,1279100,0
DLG.L,D,20130104,000000,212.0000,214.2000,211.4250,214.0000,998500,0
DLG.L,D,20130107,000000,213.7000,216.2000,211.2000,212.1000,797200,0
DLG.L,D,20130108,000000,210.0000,214.3000,210.0000,211.4000,1482900,0
DLG.L,D,20130109,000000,214.6000,217.0000,210.2100,211.4000,2718600,0
DLG.L,D,20130110,000000,211.3000,214.2500,211.3000,211.3000,717500,0
DLG.L,D,20130111,000000,210.9000,213.1000,210.0000,211.0000,708500,0
DLG.L,D,20130114,000000,210.6000,215.6100,210.4000,213.0000,2374600,0
DLG.L,D,20130115,000000,212.0000,215.4500,210.8000,214.0000,1200600,0
DLG.L,D,20130116,000000,213.6000,214.2000,210.0000,213.4000,1235900,0
DLG.L,D,20130117,000000,210.0000,214.1000,210.0000,213.5000,4503300,0
DLG.L,D,20130118,000000,212.9000,213.8300,211.0000,213.0000,1368000,0
DLG.L,D,20130121,000000,215.1000,215.3420,213.0000,214.3000,333500,0
DLG.L,D,20130122,000000,214.5000,218.4000,212.8450,217.7000,1499700,0
DLG.L,D,20130123,000000,220.1000,220.1000,216.2760,218.8000,1877300,0
DLG.L,D,20130124,000000,218.1000,223.3000,217.5000,223.3000,1552900,0
DLG.L,D,20130125,000000,222.0000,225.5000,222.0000,223.6000,1766400,0
DLG.L,D,20130128,000000,223.0000,226.5000,220.9000,225.0000,1337000,0
DLG.L,D,20130129,000000,224.0000,225.3000,219.1170,219.8000,2730300,0
DLG.L,D,20130130,000000,224.0000,224.0000,219.1600,220.6000,1248600,0
DLG.L,D,20130131,000000,220.0000,225.7000,219.0870,222.9000,1762300,0
DLG.L,D,20130201,000000,221.1000,223.1470,218.8620,221.0000,1186700,0
DLG.L,D,20130204,000000,219.3000,221.7000,218.6000,218.7000,655900,0
DLG.L,D,20130205,000000,221.0000,221.0000,218.6000,219.0000,1058400,0
DLG.L,D,20130206,000000,219.6000,219.6000,216.5000,217.7000,3138400,0
DLG.L,D,20130207,000000,217.5000,218.4600,215.8000,216.7000,628200,0
DLG.L,D,20130208,000000,220.0000,220.0000,216.3700,219.0000,530300,0
DLG.L,D,20130211,000000,219.6000,220.4000,215.8000,218.9000,595700,0
DLG.L,D,20130212,000000,219.4000,219.9000,217.5700,219.1000,405800,0
DLG.L,D,20130213,000000,219.4000,219.8000,218.1000,219.5000,812100,0
DLG.L,D,20130214,000000,219.5000,219.5000,215.5860,216.0000,2797000,0
DLG.L,D,20130215,000000,215.9000,218.6600,214.9260,216.4000,479700,0
DLG.L,D,20130218,000000,217.1000,217.6000,215.1000,215.6000,241300,0
DLG.L,D,20130219,000000,216.0000,216.6070,213.1000,214.3000,1432700,0
DLG.L,D,20130220,000000,215.0000,218.1000,204.5730,206.0000,3630900,0
DLG.L,D,20130221,000000,210.0000,210.0000,203.5780,208.0000,1514500,0
DLG.L,D,20130222,000000,207.6000,211.8000,207.6000,210.0000,1658900,0
DLG.L,D,20130225,000000,209.9000,213.0000,209.5000,211.0000,1194400,0
DLG.L,D,20130226,000000,209.2000,212.9400,208.2000,211.3000,1101900,0
DLG.L,D,20130227,000000,211.9000,212.0000,208.9730,210.5000,1374600,0
DLG.L,D,20130228,000000,210.0000,214.3750,209.0000,211.0000,2588100,0
DLG.L,D,20130301,000000,211.0000,211.0000,207.4000,208.0000,2205200,0
DLG.L,D,20130304,000000,207.0000,208.9380,204.4400,206.5000,2236600,0
DLG.L,D,20130305,000000,209.7000,211.2000,206.7000,206.7000,2601100,0
DLG.L,D,20130306,000000,202.2000,202.4000,197.8000,201.4000,2553300,0
DLG.L,D,20130307,000000,204.0000,206.7000,200.8000,206.1000,1726500,0
DLG.L,D,20130308,000000,206.0000,216.0000,204.3400,209.3000,1594500,0
DLG.L,D,20130311,000000,207.5000,214.0000,206.6930,210.3000,1445900,0
DLG.L,D,20130312,000000,210.8000,212.7000,208.0000,210.2000,1836400,0
DLG.L,D,20130313,000000,204.0000,209.1000,202.2000,205.0000,22467900,0
DLG.L,D,20130314,000000,206.0000,208.0000,204.6900,206.0000,5138200,0
DLG.L,D,20130315,000000,205.0000,206.7000,203.9400,205.0000,11676300,0
DLG.L,D,20130318,000000,202.0000,205.1000,197.5000,204.7000,7396600,0
DLG.L,D,20130319,000000,202.5000,205.7000,202.2000,203.6000,3134900,0
DLG.L,D,20130320,000000,205.1000,207.7000,202.1000,207.0000,15638400,0
DLG.L,D,20130321,000000,205.4000,208.8000,203.6000,203.8000,2622500,0
DLG.L,D,20130322,000000,204.6000,207.3000,204.1000,204.7000,2739200,0
DLG.L,D,20130325,000000,207.6000,207.6000,201.2000,201.2000,2157600,0
DLG.L,D,20130326,000000,202.0000,203.6000,200.3000,202.0000,3971200,0
DLG.L,D,20130327,000000,203.0000,203.3000,199.8600,201.5000,1869900,0
DLG.L,D,20130328,000000,202.3000,205.1000,201.6500,203.8000,1817300,0
DLG.L,D,20130329,000000,203.8000,203.8000,203.8000,203.8000,0,0
DLG.L,D,20130401,000000,203.8000,203.8000,203.8000,203.8000,0,0
DLG.L,D,20130402,000000,205.1000,205.1000,203.0000,204.4000,1842000,0
DLG.L,D,20130403,000000,204.7000,206.9000,203.8000,204.0000,1514400,0
DLG.L,D,20130404,000000,206.1000,206.1000,202.0200,202.2000,1660200,0
DLG.L,D,20130405,000000,201.6000,202.6500,195.3000,198.2000,1942800,0
DLG.L,D,20130408,000000,197.2000,200.1000,196.9600,199.5000,1692700,0
DLG.L,D,20130409,000000,199.6000,202.0000,195.6200,200.1000,1895000,0
DLG.L,D,20130410,000000,201.5000,204.3400,200.5000,203.9000,1332200,0
DLG.L,D,20130411,000000,203.4000,205.4000,203.4000,204.8000,3970200,0
DLG.L,D,20130412,000000,203.7000,208.3200,202.6000,207.6000,2635400,0
DLG.L,D,20130415,000000,208.6000,208.6000,202.9000,207.0000,1553100,0
DLG.L,D,20130416,000000,205.7000,206.9000,204.3000,206.3000,1292000,0
DLG.L,D,20130417,000000,205.5000,206.9000,204.0500,204.8000,5789200,0
DLG.L,D,20130418,000000,205.7000,205.7000,201.4000,202.0000,2361200,0
DLG.L,D,20130419,000000,204.5000,204.5000,201.9000,202.7000,1075000,0
DLG.L,D,20130422,000000,204.0000,204.5000,201.1000,201.8000,1081400,0
DLG.L,D,20130423,000000,201.3000,202.8000,201.0000,201.7000,3299400,0
DLG.L,D,20130424,000000,201.9000,205.0000,201.5000,202.0000,2388600,0
DLG.L,D,20130425,000000,203.4000,203.4000,197.5000,199.6000,1844800,0
DLG.L,D,20130426,000000,199.5000,200.5000,194.6900,200.5000,2285300,0
DLG.L,D,20130429,000000,200.0000,201.2000,198.1600,199.9000,2099900,0
DLG.L,D,20130430,000000,202.0000,202.7000,200.0000,202.5000,2301400,0
DLG.L,D,20130501,000000,203.9000,204.1000,199.8450,204.1000,1012400,0
DLG.L,D,20130502,000000,204.3000,206.4000,202.2000,203.8000,3025500,0
DLG.L,D,20130503,000000,205.0000,205.0000,199.1000,201.6000,1967100,0
DLG.L,D,20130506,000000,201.6000,201.6000,201.6000,201.6000,0,0
DLG.L,D,20130507,000000,206.4000,206.4000,197.6000,200.0000,3197900,0
DLG.L,D,20130508,000000,200.5000,201.4000,198.8000,199.2000,4200300,0
DLG.L,D,20130509,000000,199.0000,200.1000,198.1000,198.6000,4447400,0
DLG.L,D,20130510,000000,198.3000,201.5760,198.3000,200.5000,7207800,0
DLG.L,D,20130513,000000,199.4000,202.7400,199.4000,200.1000,2470600,0
DLG.L,D,20130514,000000,204.0000,204.2000,200.4000,203.4000,3907500,0
DLG.L,D,20130515,000000,204.3000,207.7000,204.2850,205.1000,6609600,0
DLG.L,D,20130516,000000,207.5000,208.9000,205.5000,205.5000,5788200,0
DLG.L,D,20130517,000000,212.0000,221.6000,207.8800,208.5000,8753100,0
DLG.L,D,20130520,000000,209.8000,212.9000,207.8000,211.3000,4548300,0
DLG.L,D,20130521,000000,210.5000,212.6000,209.6000,212.1000,1915800,0
DLG.L,D,20130522,000000,212.0000,217.0000,211.4500,214.6000,3192800,0
DLG.L,D,20130523,000000,213.1000,213.1000,208.5000,210.9000,3198400,0
DLG.L,D,20130524,000000,212.6000,212.6000,207.5000,209.4000,2195700,0
DLG.L,D,20130527,000000,209.4000,209.4000,209.4000,209.4000,0,0
DLG.L,D,20130528,000000,212.8000,212.8000,207.8000,209.6000,3969200,0
DLG.L,D,20130529,000000,209.1000,209.6000,205.6000,206.0000,2286000,0
DLG.L,D,20130530,000000,207.0000,209.4000,205.5000,207.4000,2769500,0
DLG.L,D,20130531,000000,207.9000,212.7000,205.7000,212.0000,47500000,0
DLG.L,D,20130603,000000,211.6000,213.0000,209.0000,211.5000,3456400,0
DLG.L,D,20130604,000000,212.0000,214.3000,210.9000,213.4000,3834600,0
DLG.L,D,20130605,000000,213.0000,216.4000,212.7200,213.9000,3601500,0
DLG.L,D,20130606,000000,213.9000,216.1000,211.3000,211.5000,2536200,0
DLG.L,D,20130607,000000,211.8000,212.9000,210.7000,212.2000,2038500,0
DLG.L,D,20130610,000000,210.9000,214.4000,210.9000,213.3000,1250600,0
DLG.L,D,20130611,000000,214.5000,215.2500,212.2000,214.8000,2755800,0
DLG.L,D,20130612,000000,213.9000,214.8000,211.9300,214.1000,2658700,0
DLG.L,D,20130613,000000,212.8000,214.8000,209.6000,214.0000,1314500,0
DLG.L,D,20130614,000000,214.3000,215.1800,211.5000,212.2000,2056800,0
DLG.L,D,20130617,000000,213.6000,215.3000,212.2000,213.4000,1442700,0
DLG.L,D,20130618,000000,212.9000,216.1000,212.3000,215.4000,1919100,0
DLG.L,D,20130619,000000,216.2000,217.1000,214.0000,216.5000,3328700,0
DLG.L,D,20130620,000000,215.1000,216.8000,211.1000,213.3000,1753000,0
DLG.L,D,20130621,000000,213.5000,219.0000,212.2000,219.0000,10466200,0
DLG.L,D,20130624,000000,218.1000,219.4000,215.5000,218.0000,3135100,0
DLG.L,D,20130625,000000,218.3000,220.1000,217.4000,219.1000,2108400,0
DLG.L,D,20130626,000000,222.0000,232.7000,222.0000,227.4000,8412000,0
DLG.L,D,20130627,000000,227.5000,232.5000,225.0000,228.7000,5683800,0
DLG.L,D,20130628,000000,230.0000,234.5000,228.6000,233.0000,4711300,0
DLG.L,D,20130701,000000,235.0000,238.0000,231.5000,234.1000,2586300,0
DLG.L,D,20130702,000000,234.2000,234.2000,229.3500,230.6000,2644400,0
DLG.L,D,20130703,000000,230.3000,230.3000,226.4000,227.6000,2714000,0
DLG.L,D,20130704,000000,227.7000,230.3000,226.3000,227.3000,2625500,0
DLG.L,D,20130705,000000,227.4000,228.5000,225.4000,225.9000,1752400,0
DLG.L,D,20130708,000000,226.0000,230.3000,225.5800,229.1000,2181000,0
DLG.L,D,20130709,000000,229.7000,230.4000,224.7000,225.3000,4005000,0
DLG.L,D,20130710,000000,224.8000,226.0500,218.6000,225.3000,3042400,0
DLG.L,D,20130711,000000,225.8000,227.3000,221.6000,222.0000,4064600,0
DLG.L,D,20130712,000000,221.9000,226.0000,221.9000,225.7000,1011800,0
DLG.L,D,20130715,000000,225.8000,227.9000,225.3000,227.4000,2086500,0
DLG.L,D,20130716,000000,227.3000,228.6000,223.3000,225.8000,2417900,0
DLG.L,D,20130717,000000,225.9000,229.8000,225.3000,227.6000,2946300,0
DLG.L,D,20130718,000000,228.0000,229.2000,225.9000,226.7000,2698300,0
DLG.L,D,20130719,000000,226.8000,227.9000,223.7000,225.0000,1847200,0
DLG.L,D,20130722,000000,225.1000,226.2000,223.8000,225.0000,1467600,0
DLG.L,D,20130723,000000,225.1000,227.1000,222.7000,222.8000,1650400,0
DLG.L,D,20130724,000000,222.9000,226.4000,222.9000,224.6000,1275700,0
DLG.L,D,20130725,000000,224.5000,227.3000,223.6000,225.9000,2238400,0
DLG.L,D,20130726,000000,226.0000,226.7000,224.1000,225.9000,966100,0
DLG.L,D,20130729,000000,225.8000,225.8000,222.3560,224.7000,1258500,0
DLG.L,D,20130730,000000,224.6000,226.4000,223.0000,225.8000,790000,0
DLG.L,D,20130731,000000,225.7000,228.6000,224.5000,226.8000,1660900,0
DLG.L,D,20130801,000000,226.8000,231.0000,225.4000,229.5000,1876000,0
DLG.L,D,20130802,000000,230.7000,237.6000,226.6710,236.2000,3262500,0
DLG.L,D,20130805,000000,235.6000,235.6000,231.8000,232.6000,2301900,0
DLG.L,D,20130806,000000,232.5000,232.5810,225.2000,226.4000,3651800,0
DLG.L,D,20130807,000000,226.2000,228.0000,221.7000,221.8000,2452900,0
DLG.L,D,20130808,000000,221.9000,224.0000,221.6000,223.0000,1445100,0
DLG.L,D,20130809,000000,223.1000,224.8000,218.9000,221.3000,3040100,0
DLG.L,D,20130812,000000,221.4000,223.8000,220.5000,223.5000,1220800,0
DLG.L,D,20130813,000000,223.4000,233.9000,223.2000,232.3000,9324600,0
DLG.L,D,20130814,000000,228.0000,228.0000,223.2000,223.4000,1827300,0
DLG.L,D,20130815,000000,223.3000,223.5000,214.3000,216.2000,1975200,0
DLG.L,D,20130816,000000,216.1000,218.4000,214.6000,216.7000,2114500,0
DLG.L,D,20130819,000000,216.6000,218.3000,215.7200,217.0000,1166800,0
DLG.L,D,20130820,000000,216.9000,218.2000,215.1000,216.5000,780300,0
DLG.L,D,20130821,000000,216.6000,217.0000,212.6000,214.8000,1129600,0
DLG.L,D,20130822,000000,214.7000,217.0000,213.4000,216.4000,1364500,0
DLG.L,D,20130823,000000,216.5000,218.0000,215.6000,217.0000,1978200,0
DLG.L,D,20130826,000000,217.0000,217.0000,217.0000,217.0000,0,0
DLG.L,D,20130827,000000,216.9000,217.1000,212.9000,213.0000,1335700,0
DLG.L,D,20130828,000000,213.0000,215.1000,212.5000,213.3000,954200,0
DLG.L,D,20130829,000000,213.4000,217.2000,213.1000,216.5000,1790000,0
DLG.L,D,20130830,000000,216.6000,217.9000,215.7000,216.8000,2539600,0
DLG.L,D,20130902,000000,216.9000,219.4100,215.3000,216.1000,1285100,0
DLG.L,D,20130903,000000,216.0000,217.5800,214.8000,215.6000,1704300,0
DLG.L,D,20130904,000000,215.7000,217.5000,214.6000,215.9000,1682100,0
DLG.L,D,20130905,000000,216.0000,217.1000,214.4000,216.3000,1705400,0
DLG.L,D,20130906,000000,216.2000,216.6000,213.0250,215.6000,1209800,0
DLG.L,D,20130909,000000,215.7000,216.6000,214.3000,215.5000,1008700,0
DLG.L,D,20130910,000000,215.6000,219.5000,215.3000,219.0000,3424300,0
DLG.L,D,20130911,000000,219.1000,220.6010,218.0000,219.7000,1426800,0
DLG.L,D,20130912,000000,219.8000,220.3000,218.8000,219.8000,1585700,0
DLG.L,D,20130913,000000,218.5000,219.5000,216.2000,217.3000,1799600,0
DLG.L,D,20130916,000000,217.2000,219.3000,216.4500,216.8000,1214000,0
DLG.L,D,20130917,000000,216.7000,219.0000,214.5000,215.7000,1940700,0
DLG.L,D,20130918,000000,217.0000,217.8000,215.5060,217.8000,1460900,0
DLG.L,D,20130919,000000,217.5000,220.2000,217.5000,218.0000,2649900,0
DLG.L,D,20130920,000000,211.0000,215.0000,210.0000,210.0000,19311400,0
DLG.L,D,20130923,000000,212.1000,215.0000,211.8000,212.9000,2891900,0
DLG.L,D,20130924,000000,213.5000,213.9000,212.1000,213.0000,2580100,0
DLG.L,D,20130925,000000,212.0000,213.6400,212.0000,213.1000,2250600,0
DLG.L,D,20130926,000000,213.3000,214.0000,211.3000,211.7000,2863500,0
DLG.L,D,20130927,000000,212.0000,1386.8350,211.0000,212.6000,19131000,0
DLG.L,D,20130930,000000,211.7000,213.2000,210.0000,213.2000,4847200,0
DLG.L,D,20131001,000000,213.0000,213.4000,211.0000,211.3000,1763400,0
DLG.L,D,20131002,000000,210.0000,211.0000,209.0000,210.4000,2522500,0
DLG.L,D,20131003,000000,210.4000,211.9000,209.8000,209.9000,2125800,0
DLG.L,D,20131004,000000,209.4000,210.4000,209.0000,209.5000,1362100,0
DLG.L,D,20131007,000000,209.3000,209.5000,206.6000,207.0000,1717800,0
DLG.L,D,20131008,000000,211.7000,211.7000,208.0300,209.0000,1582200,0
DLG.L,D,20131009,000000,208.3000,208.9000,207.4000,208.6000,1803000,0
DLG.L,D,20131010,000000,208.6000,210.2000,208.0000,209.9000,2348100,0
DLG.L,D,20131011,000000,210.4000,210.9500,208.7000,209.3000,2456400,0
DLG.L,D,20131014,000000,207.8000,211.0000,207.8000,210.0000,1909700,0
DLG.L,D,20131015,000000,210.7000,212.5000,209.2600,211.1000,3381800,0
DLG.L,D,20131016,000000,210.4000,212.4000,209.0000,212.2000,3718100,0
DLG.L,D,20131017,000000,211.3000,220.0700,210.9000,215.6000,7452400,0
DLG.L,D,20131018,000000,215.8000,220.3000,215.7500,218.6000,2957300,0
DLG.L,D,20131021,000000,218.1000,219.9000,217.4000,219.1000,2588700,0
DLG.L,D,20131022,000000,219.0000,220.7000,218.2000,220.0000,2305500,0
DLG.L,D,20131023,000000,220.3000,221.7000,219.4000,220.5000,2826600,0
DLG.L,D,20131024,000000,220.3000,222.6000,220.3000,221.0000,3198300,0
DLG.L,D,20131025,000000,221.3000,224.5000,221.3000,224.5000,3050900,0
DLG.L,D,20131028,000000,223.2000,225.0000,223.2000,223.7000,1863200,0
DLG.L,D,20131029,000000,222.8000,227.2000,222.8000,226.0000,1379800,0
DLG.L,D,20131030,000000,225.5000,228.5000,225.3000,227.2000,2219300,0
DLG.L,D,20131031,000000,227.4000,228.3000,223.7000,225.0000,3181100,0
DLG.L,D,20131101,000000,225.4000,232.4000,225.4000,228.5000,4050300,0
DLG.L,D,20131104,000000,230.5000,231.4030,226.9000,227.4000,2102600,0
DLG.L,D,20131105,000000,226.1000,226.8800,224.6840,226.2000,1720300,0
DLG.L,D,20131106,000000,228.0000,230.8000,226.5000,229.3000,2773800,0
DLG.L,D,20131107,000000,227.9000,231.8000,227.2000,230.1000,2928800,0
DLG.L,D,20131108,000000,230.2000,232.7000,228.0000,229.9000,2747000,0
DLG.L,D,20131111,000000,231.5000,234.3000,229.8230,233.6000,1496900,0
DLG.L,D,20131112,000000,234.5000,236.2000,230.0000,232.7000,2223900,0
DLG.L,D,20131113,000000,232.6000,233.0000,225.8000,229.2000,2259300,0
DLG.L,D,20131114,000000,230.0000,231.6000,229.4010,231.3000,1838100,0
DLG.L,D,20131115,000000,232.7000,233.5000,230.2930,232.2000,1702700,0
DLG.L,D,20131118,000000,232.3000,236.8000,232.2000,235.1000,2405000,0
DLG.L,D,20131119,000000,233.5000,236.6000,233.1000,236.5000,1634700,0
DLG.L,D,20131120,000000,234.9010,236.0000,230.7000,232.0000,2160300,0
DLG.L,D,20131121,000000,230.5000,231.1000,229.8000,230.4000,1830200,0
DLG.L,D,20131122,000000,230.4000,233.7000,230.2000,233.0000,2352800,0
DLG.L,D,20131125,000000,234.8000,235.3000,232.6500,233.2000,1487000,0
DLG.L,D,20131126,000000,233.6000,236.8000,231.2710,232.2000,17983300,0
DLG.L,D,20131127,000000,232.6000,234.9280,226.8960,229.5000,3546600,0
DLG.L,D,20131128,000000,230.3000,231.2000,228.1000,230.7000,905800,0
DLG.L,D,20131129,000000,231.2000,236.3000,230.6000,235.2000,2353300,0
DLG.L,D,20131202,000000,236.0000,236.0000,230.3000,231.2000,1595600,0
DLG.L,D,20131203,000000,231.8000,232.8500,227.2000,228.9000,2515100,0
DLG.L,D,20131204,000000,228.0000,228.0000,219.2500,221.4000,2881100,0
DLG.L,D,20131205,000000,220.9000,224.3000,219.3000,223.8000,1996800,0
DLG.L,D,20131206,000000,226.4000,226.4000,220.4100,223.5000,3721900,0
DLG.L,D,20131209,000000,223.1000,226.0000,223.1000,225.8000,1234900,0
DLG.L,D,20131210,000000,226.0000,232.6000,226.0000,228.8000,2474200,0
DLG.L,D,20131211,000000,227.8000,229.7000,227.5960,228.1000,1105300,0
DLG.L,D,20131212,000000,226.0000,230.1000,225.9000,228.9000,2410200,0
DLG.L,D,20131213,000000,229.5000,230.5000,227.9000,229.5000,2949400,0
DLG.L,D,20131216,000000,230.5000,233.3080,228.7080,232.6000,2047600,0
DLG.L,D,20131217,000000,230.5000,233.9000,230.0000,230.9000,1834000,0
DLG.L,D,20131218,000000,232.0000,234.7000,230.3000,234.3000,1496400,0
DLG.L,D,20131219,000000,236.6000,240.0000,236.3750,239.0000,1586600,0
DLG.L,D,20131220,000000,239.3000,243.5000,238.5000,243.3000,4281400,0
DLG.L,D,20131223,000000,241.9000,246.1000,241.9000,245.2000,1045200,0
DLG.L,D,20131224,000000,241.2000,246.7000,241.2000,245.9010,204500,0
DLG.L,D,20131225,000000,245.9010,245.9010,245.9010,245.9010,0,0
DLG.L,D,20131226,000000,245.9010,245.9010,245.9010,245.9010,0,0
DLG.L,D,20131227,000000,248.6000,248.6000,243.7010,246.3000,949700,0
DLG.L,D,20131230,000000,246.1000,249.4000,244.7000,246.8000,1095000,0
DLG.L,D,20131231,000000,244.9000,251.1810,244.9000,249.6000,1468000,0
DLG.L,D,20140101,000000,249.6000,249.6000,249.6000,249.6000,0,0
DLG.L,D,20140102,000000,250.6000,251.6000,243.6000,245.8000,2289000,0
DLG.L,D,20140103,000000,245.0000,248.0000,243.2000,246.4000,1117300,0
DLG.L,D,20140106,000000,245.5000,247.9000,243.6000,246.7000,1660200,0
DLG.L,D,20140107,000000,245.6000,248.1010,244.6000,244.9000,3996600,0
DLG.L,D,20140108,000000,246.8000,247.6000,244.8000,246.4000,2089400,0
DLG.L,D,20140109,000000,246.0000,249.2010,244.9000,247.5000,1771900,0
DLG.L,D,20140110,000000,247.1000,249.2010,247.1000,248.5000,1579400,0
DLG.L,D,20140113,000000,249.2010,250.3000,248.3000,249.1000,1830900,0
DLG.L,D,20140114,000000,248.2000,251.2000,247.7100,250.6000,1388700,0
DLG.L,D,20140115,000000,248.0000,252.4000,248.0000,252.2000,1833300,0
DLG.L,D,20140116,000000,253.2000,255.8000,250.9000,255.4000,2403400,0
DLG.L,D,20140117,000000,255.0000,267.1000,255.0000,266.6000,4780100,0
DLG.L,D,20140120,000000,266.5000,269.0000,266.0000,266.8010,2233000,0
DLG.L,D,20140121,000000,267.9010,267.9010,261.8000,265.0000,2266500,0
DLG.L,D,20140122,000000,264.7000,268.4000,263.5600,267.2000,1569000,0
DLG.L,D,20140123,000000,265.0000,268.1000,261.4000,265.5000,2286700,0
DLG.L,D,20140124,000000,264.6010,267.1000,260.0000,260.8000,3604500,0
DLG.L,D,20140127,000000,259.3000,260.0000,255.1000,257.5000,2374700,0
DLG.L,D,20140128,000000,258.6000,266.9000,258.6000,265.1000,3500300,0
DLG.L,D,20140129,000000,265.6000,269.4460,260.9710,265.8000,2375700,0
DLG.L,D,20140130,000000,267.1000,268.5000,264.9600,267.9010,2108400,0
DLG.L,D,20140131,000000,267.2000,268.3000,262.1000,264.8000,2601300,0
DLG.L,D,20140203,000000,263.3000,265.9000,262.2000,263.2000,2081100,0
DLG.L,D,20140204,000000,262.5000,263.6000,260.8000,261.7000,1607000,0
DLG.L,D,20140205,000000,261.6000,261.6000,257.7000,258.3000,2013100,0
DLG.L,D,20140206,000000,261.1000,262.4010,258.5000,261.1000,2794900,0
DLG.L,D,20140207,000000,263.0000,263.0000,259.5000,260.0000,2441000,0
DLG.L,D,20140210,000000,259.4000,262.4010,259.3000,259.4000,2061200,0
DLG.L,D,20140211,000000,261.0000,261.0000,250.9000,259.7000,3918300,0
DLG.L,D,20140212,000000,260.9000,261.6000,255.0000,258.0000,3561700,0
DLG.L,D,20140213,000000,256.2000,258.0000,254.1000,257.3000,2438800,0
DLG.L,D,20140214,000000,257.5000,260.0300,253.9960,258.3000,1901000,0
DLG.L,D,20140217,000000,257.0000,259.3000,253.3100,257.5000,1679400,0
DLG.L,D,20140218,000000,258.6000,259.8000,257.1000,258.8000,1659500,0
DLG.L,D,20140219,000000,258.3000,259.9000,256.5000,258.6000,1827400,0
DLG.L,D,20140220,000000,257.3000,260.0000,255.6000,259.8000,1430800,0
DLG.L,D,20140221,000000,260.0000,262.6000,258.4000,260.8000,2341900,0
DLG.L,D,20140224,000000,259.3000,262.4010,259.3000,262.4010,2638700,0
DLG.L,D,20140225,000000,260.2010,262.7000,259.2000,261.0000,3134200,0
DLG.L,D,20140226,000000,263.0000,271.5000,260.0000,263.0000,12323800,0
DLG.L,D,20140227,000000,266.0000,267.5000,257.8000,258.0000,182999008,0
DLG.L,D,20140228,000000,258.2000,264.5000,258.2000,264.5000,13969800,0
DLG.L,D,20140303,000000,261.4000,263.4000,259.4000,261.3010,8624300,0
DLG.L,D,20140304,000000,263.1000,266.2000,262.4010,264.2000,4492800,0
DLG.L,D,20140305,000000,264.9000,266.7000,263.2620,265.4000,7009000,0
DLG.L,D,20140306,000000,266.2000,268.1000,263.9000,267.9010,31637900,0
DLG.L,D,20140307,000000,268.2000,268.2000,264.2000,265.2000,7904500,0
DLG.L,D,20140310,000000,265.4000,270.0000,265.1000,268.0000,5052100,0
DLG.L,D,20140311,000000,267.8000,269.1000,265.0000,267.2000,5545200,0
DLG.L,D,20140312,000000,254.4000,269.3000,252.2100,254.9000,5665900,0
DLG.L,D,20140313,000000,255.1000,255.1000,252.8000,253.4000,3993100,0
DLG.L,D,20140314,000000,251.9000,252.7000,247.4000,248.1010,4565200,0
DLG.L,D,20140317,000000,248.4000,249.9000,248.0560,248.5000,4063400,0
DLG.L,D,20140318,000000,248.4000,250.8360,246.0000,249.9000,4614000,0
DLG.L,D,20140319,000000,249.8000,252.0000,248.5000,251.5000,5829800,0
DLG.L,D,20140320,000000,250.8000,251.8000,247.2000,248.3000,3678100,0
DLG.L,D,20140321,000000,248.8000,249.0000,243.5760,243.6000,23084100,0
DLG.L,D,20140324,000000,243.7010,245.5000,240.4010,242.5000,5633400,0
DLG.L,D,20140325,000000,243.2000,244.8000,242.2000,244.0000,3398700,0
DLG.L,D,20140326,000000,244.6000,246.0000,243.1000,243.5000,2764600,0
DLG.L,D,20140327,000000,242.6000,245.4230,240.8750,243.7010,3131600,0
DLG.L,D,20140328,000000,244.2000,245.0000,240.7000,241.5000,4844500,0
DLG.L,D,20140331,000000,241.2000,242.7000,237.0000,237.5000,5626000,0
DLG.L,D,20140401,000000,238.6000,240.8000,236.5000,240.3000,8400500,0
DLG.L,D,20140402,000000,241.1000,245.0000,241.0000,244.0000,8305700,0
DLG.L,D,20140403,000000,243.5000,246.7000,243.4000,243.8000,3904600,0
DLG.L,D,20140404,000000,243.4000,247.5000,243.4000,244.8000,5996600,0
DLG.L,D,20140407,000000,243.2000,244.3000,241.0000,242.0000,2623500,0
DLG.L,D,20140408,000000,241.8000,242.5000,235.4000,238.8000,3920700,0
DLG.L,D,20140409,000000,237.4000,238.7240,230.7000,233.4000,8661400,0
DLG.L,D,20140410,000000,233.2000,237.5000,233.2000,234.9010,2310100,0
DLG.L,D,20140411,000000,233.2000,234.7500,231.1000,231.6000,4407700,0
DLG.L,D,20140414,000000,231.5000,232.3000,227.7000,230.3000,3160100,0
DLG.L,D,20140415,000000,230.9000,235.2000,229.8000,233.1000,5286000,0
DLG.L,D,20140416,000000,236.7000,237.7000,234.4000,235.9000,5467100,0
DLG.L,D,20140417,000000,235.4000,242.4000,235.4000,239.5000,4333200,0
DLG.L,D,20140418,000000,239.5000,239.5000,239.5000,239.5000,0,0
DLG.L,D,20140421,000000,239.5000,239.5000,239.5000,239.5000,0,0
DLG.L,D,20140422,000000,241.5000,242.3000,239.1000,240.0000,3816000,0
DLG.L,D,20140423,000000,240.4010,242.4000,237.8000,242.3000,3151900,0
DLG.L,D,20140424,000000,242.2000,244.7000,242.2000,243.0000,2014700,0
DLG.L,D,20140425,000000,245.4000,246.2410,240.4010,241.2000,3124200,0
DLG.L,D,20140428,000000,241.0000,244.1000,239.5670,243.2000,1864900,0
DLG.L,D,20140429,000000,244.9000,246.6000,244.2000,246.0000,3051200,0
DLG.L,D,20140430,000000,244.9000,251.1000,244.9000,250.3000,5522700,0
DLG.L,D,20140501,000000,247.9000,249.2010,245.3000,247.8000,3584900,0
DLG.L,D,20140502,000000,258.9000,258.9000,247.2000,249.0000,4139600,0
DLG.L,D,20140505,000000,249.0000,249.0000,249.0000,249.0000,0,0
DLG.L,D,20140506,000000,250.6000,251.3000,247.7000,249.0000,2894600,0
DLG.L,D,20140507,000000,249.6000,249.7300,246.7000,248.4000,2912200,0
DLG.L,D,20140508,000000,248.9000,250.3310,248.0000,249.5000,2432900,0
DLG.L,D,20140509,000000,249.9000,249.9000,246.6000,248.6000,2606900,0
DLG.L,D,20140512,000000,250.3000,251.3000,248.4000,249.5000,16318600,0
DLG.L,D,20140513,000000,250.8000,252.0000,250.1000,250.4000,2720600,0
DLG.L,D,20140514,000000,250.1000,252.4800,245.2000,248.5000,3596500,0
DLG.L,D,20140515,000000,248.8000,250.1000,243.3000,244.6000,5123400,0
DLG.L,D,20140516,000000,245.7000,246.8000,240.3000,242.3000,4357900,0
DLG.L,D,20140519,000000,240.4010,243.5000,240.4010,242.3000,2189100,0
DLG.L,D,20140520,000000,242.9000,245.7000,242.3000,242.9000,2477500,0
DLG.L,D,20140521,000000,241.7000,243.9000,241.7000,243.8000,2751500,0
DLG.L,D,20140522,000000,243.9000,244.7000,241.2000,242.3000,2963300,0
DLG.L,D,20140523,000000,242.1000,243.0000,239.7000,243.0000,3516100,0
DLG.L,D,20140526,000000,243.0000,243.0000,243.0000,243.0000,0,0
DLG.L,D,20140527,000000,243.8000,245.2000,242.0000,244.8000,4020100,0
DLG.L,D,20140528,000000,244.6000,247.3000,242.3000,246.7000,3494000,0
DLG.L,D,20140529,000000,245.7000,252.4000,245.7000,251.0000,6485700,0
DLG.L,D,20140530,000000,252.1000,256.4000,252.1000,253.3000,30058200,0
DLG.L,D,20140602,000000,254.1000,258.3000,253.4000,257.9000,6727900,0
DLG.L,D,20140603,000000,257.8000,258.5000,253.9000,254.5000,2882200,0
DLG.L,D,20140604,000000,254.2000,257.3000,253.6010,256.3000,3864900,0
DLG.L,D,20140605,000000,257.0000,259.2600,256.3900,258.2000,2936100,0
DLG.L,D,20140606,000000,257.9000,261.6000,257.7000,260.7000,2405100,0
DLG.L,D,20140609,000000,261.1000,261.9000,259.7000,261.4000,1299600,0
DLG.L,D,20140610,000000,261.0000,261.0000,257.8000,258.2000,2203600,0
DLG.L,D,20140611,000000,256.9010,260.6300,256.9010,260.1000,3011500,0
DLG.L,D,20140612,000000,261.9000,265.3000,259.1010,264.5000,3863500,0
DLG.L,D,20140613,000000,264.0000,267.4000,263.0000,264.3000,4818300,0
DLG.L,D,20140616,000000,263.5000,264.9000,261.6000,263.8000,2255900,0
DLG.L,D,20140617,000000,264.1000,264.8000,262.0000,263.6000,3693500,0
DLG.L,D,20140618,000000,264.1000,265.9000,263.6000,264.8000,2318000,0
DLG.L,D,20140619,000000,266.4000,267.8000,265.0000,266.5000,3602500,0
DLG.L,D,20140620,000000,265.9000,268.1000,265.3000,265.3000,4901600,0
DLG.L,D,20140623,000000,264.7000,266.2000,262.7600,265.5000,2015300,0
DLG.L,D,20140624,000000,267.0000,270.2000,262.2000,265.1000,3730100,0
DLG.L,D,20140625,000000,265.1000,266.3000,262.7000,265.5000,2008900,0
DLG.L,D,20140626,000000,266.5000,270.5000,265.8250,270.0000,3732100,0
DLG.L,D,20140627,000000,269.8000,270.6000,265.7010,268.2000,3687500,0
DLG.L,D,20140630,000000,269.0000,270.9000,267.6000,269.8000,3426100,0
DLG.L,D,20140701,000000,270.8000,272.5000,269.5000,272.1000,2028700,0
DLG.L,D,20140702,000000,272.0000,275.3000,271.0000,274.7000,3653700,0
DLG.L,D,20140703,000000,274.4000,279.8000,274.0000,277.8010,3494000,0
DLG.L,D,20140704,000000,281.3000,283.6000,279.2000,281.3000,2987200,0
DLG.L,D,20140707,000000,280.4000,282.2010,279.5000,280.9000,1981100,0
DLG.L,D,20140708,000000,280.5000,280.7520,276.0000,277.1000,3736900,0
DLG.L,D,20140709,000000,276.7010,277.0000,272.0000,275.0000,3960800,0
DLG.L,D,20140710,000000,275.5000,276.3000,272.0000,274.8000,2971000,0
DLG.L,D,20140711,000000,274.7000,278.0000,274.7000,277.4000,2653800,0
DLG.L,D,20140714,000000,278.6000,287.1460,278.3100,284.9000,4743800,0
DLG.L,D,20140715,000000,286.2000,286.6010,283.3010,283.9000,4449700,0
DLG.L,D,20140716,000000,284.4010,285.8000,282.2010,283.7000,3687800,0
DLG.L,D,20140717,000000,283.2000,285.3000,281.6000,284.8000,4376400,0
DLG.L,D,20140718,000000,284.1000,284.8000,281.1010,284.1000,2858500,0
DLG.L,D,20140721,000000,284.0000,284.9000,282.6000,283.7000,6614100,0
DLG.L,D,20140722,000000,285.0000,285.8000,283.5000,284.8000,2667800,0
DLG.L,D,20140723,000000,283.0000,286.9000,280.0010,286.5000,4537500,0
DLG.L,D,20140724,000000,287.6000,287.6000,284.7000,285.3000,4371600,0
DLG.L,D,20140725,000000,285.3000,289.6000,284.9000,287.0000,3214900,0
DLG.L,D,20140728,000000,287.0000,288.8010,284.8000,286.7000,5720200,0
DLG.L,D,20140729,000000,288.2000,290.9000,287.1110,290.2000,3430200,0
DLG.L,D,20140730,000000,291.1000,291.2000,286.0000,287.4000,2406100,0
DLG.L,D,20140731,000000,286.4000,288.5000,282.5000,285.0000,5294100,0
DLG.L,D,20140801,000000,292.0000,299.4900,292.0000,299.4000,9127700,0
DLG.L,D,20140804,000000,299.4000,304.9000,298.5800,304.0000,5563700,0
DLG.L,D,20140805,000000,305.5000,307.0000,301.9000,304.2010,5137900,0
DLG.L,D,20140806,000000,302.8000,303.0000,295.9400,297.9000,6084300,0
DLG.L,D,20140807,000000,298.3000,298.5000,295.1000,295.1000,3116300,0
DLG.L,D,20140808,000000,292.8000,295.2000,292.1010,292.9000,3707700,0
DLG.L,D,20140811,000000,296.4000,297.6100,294.0000,295.1000,3639000,0
DLG.L,D,20140812,000000,295.0000,297.0000,292.7000,296.4000,3876500,0
DLG.L,D,20140813,000000,287.0000,287.0000,280.6000,281.1010,7314100,0
DLG.L,D,20140814,000000,281.0000,282.4000,278.1000,278.2000,5711000,0
DLG.L,D,20140815,000000,278.5000,279.2000,276.8280,278.5000,4616800,0
DLG.L,D,20140818,000000,281.8000,283.5000,278.5000,281.0000,4022400,0
DLG.L,D,20140819,000000,282.9000,284.3000,281.0000,282.0000,2116000,0
DLG.L,D,20140820,000000,282.4000,283.3010,280.0010,283.1000,3758200,0
DLG.L,D,20140821,000000,283.7000,288.8010,282.7000,288.6000,3450900,0
DLG.L,D,20140822,000000,288.8010,289.5000,286.6010,287.3000,3095700,0
DLG.L,D,20140825,000000,287.3000,287.3000,287.3000,287.3000,0,0
DLG.L,D,20140826,000000,288.4000,290.5000,286.3000,289.2000,3463400,0
DLG.L,D,20140827,000000,289.1000,292.2000,287.4000,292.2000,4279900,0
DLG.L,D,20140828,000000,291.1000,295.1000,286.1000,289.2000,4340300,0
DLG.L,D,20140829,000000,290.0000,298.9000,289.9010,298.9000,7464700,0
DLG.L,D,20140901,000000,298.4000,300.6000,296.8560,300.2000,2604000,0
DLG.L,D,20140902,000000,299.4000,304.3000,299.4000,302.6000,4857100,0
DLG.L,D,20140903,000000,303.6000,306.7000,299.2000,300.7000,5815500,0
DLG.L,D,20140904,000000,299.3000,300.7000,294.8000,295.9000,6806900,0
DLG.L,D,20140905,000000,296.5010,298.2000,294.3010,295.6000,3460000,0
DLG.L,D,20140908,000000,296.3000,296.3000,290.7000,294.6000,2761100,0
DLG.L,D,20140909,000000,293.4000,295.1000,289.7000,292.9000,2445900,0
DLG.L,D,20140910,000000,293.0000,295.3000,291.6000,292.2000,2946200,0
DLG.L,D,20140911,000000,290.0000,292.2000,286.9800,292.2000,6480600,0
DLG.L,D,20140912,000000,293.0000,296.7000,292.6000,296.1000,4719000,0
DLG.L,D,20140915,000000,296.1000,296.3500,292.2000,293.5000,2615800,0
DLG.L,D,20140916,000000,292.0000,294.0000,289.2000,291.3000,2768900,0
DLG.L,D,20140917,000000,292.6000,293.2010,286.6010,289.2000,4806400,0
DLG.L,D,20140918,000000,288.3000,292.7000,286.5850,292.0000,5891800,0
DLG.L,D,20140919,000000,295.1000,300.0000,292.6000,300.0000,42211900,0
DLG.L,D,20140922,000000,299.5000,300.6000,296.9000,300.1000,6058500,0
DLG.L,D,20140923,000000,300.4000,302.0010,295.4010,297.0000,5381100,0
DLG.L,D,20140924,000000,297.2000,298.3000,294.5000,297.1000,4495400,0
DLG.L,D,20140925,000000,304.6000,306.2000,296.3000,298.5000,11634100,0
DLG.L,D,20140926,000000,298.7010,300.2040,296.1000,299.7000,3398700,0
DLG.L,D,20140929,000000,300.2000,303.0000,296.9000,299.1000,3500700,0
DLG.L,D,20140930,000000,299.1000,299.6000,292.5000,294.2000,6331200,0
DLG.L,D,20141001,000000,293.5000,294.0000,291.0010,291.8000,5599300,0
DLG.L,D,20141002,000000,289.6000,290.3000,284.6000,284.9000,6993200,0
DLG.L,D,20141003,000000,286.0000,289.5000,285.2000,287.8000,4466200,0
DLG.L,D,20141006,000000,288.6000,289.4000,285.4000,287.5000,15698300,0
DLG.L,D,20141007,000000,286.4000,287.0880,281.5000,283.6000,6011500,0
DLG.L,D,20141008,000000,283.0000,283.9000,276.6000,280.6000,4693900,0
DLG.L,D,20141009,000000,282.9000,283.3250,277.4000,278.2000,5065300,0
DLG.L,D,20141010,000000,276.2000,278.6630,274.8640,276.0000,6336600,0
DLG.L,D,20141013,000000,274.4000,277.6700,272.4000,275.2000,4080400,0
DLG.L,D,20141014,000000,273.4010,274.9000,272.1000,273.6000,4913700,0
DLG.L,D,20141015,000000,274.5000,274.5000,267.0000,267.2000,5032100,0
DLG.L,D,20141016,000000,269.0000,269.9000,260.3000,264.4000,5791400,0
DLG.L,D,20141017,000000,264.7000,265.1000,261.9680,264.6010,7474900,0
DLG.L,D,20141020,000000,265.5000,268.8000,265.3000,268.4000,7500600,0
DLG.L,D,20141021,000000,268.5000,271.5000,267.4000,271.1000,9631500,0
DLG.L,D,20141022,000000,271.9000,280.1000,271.9000,279.6000,9206000,0
DLG.L,D,20141023,000000,279.1000,281.8630,277.9000,278.0000,5719400,0
DLG.L,D,20141024,000000,277.8010,278.1000,274.4000,276.5000,6032800,0
DLG.L,D,20141027,000000,278.8000,279.5000,272.9000,276.1000,5191100,0
DLG.L,D,20141028,000000,277.5000,280.5000,277.5000,279.0000,5464700,0
DLG.L,D,20141029,000000,280.4000,280.4000,277.6000,278.9010,4517100,0
DLG.L,D,20141030,000000,278.5000,281.5000,278.0000,281.5000,5006800,0
DLG.L,D,20141031,000000,284.0000,285.8000,273.6000,276.0000,9250600,0
DLG.L,D,20141103,000000,275.8000,275.8000,271.2010,274.5000,6503500,0
DLG.L,D,20141104,000000,274.7000,278.2000,273.9000,277.9000,4409200,0
DLG.L,D,20141105,000000,278.3000,281.1010,276.0000,279.4000,6384000,0
DLG.L,D,20141106,000000,278.1000,279.8000,276.8000,277.0000,4979700,0
DLG.L,D,20141107,000000,278.1000,280.6000,270.5000,271.2010,3936800,0
DLG.L,D,20141110,000000,271.2010,273.9000,270.6250,273.9000,2624200,0
DLG.L,D,20141111,000000,274.3000,277.8750,271.9370,276.9000,2809500,0
DLG.L,D,20141112,000000,276.0000,277.6000,275.6010,276.4000,3534000,0
DLG.L,D,20141113,000000,278.4000,281.3000,277.0000,280.3000,3300800,0
DLG.L,D,20141114,000000,281.5000,281.5000,278.6000,280.4000,4301400,0
DLG.L,D,20141117,000000,278.7000,281.4000,277.9690,281.2000,2554200,0
DLG.L,D,20141118,000000,282.3000,284.1000,281.0000,282.5000,3308100,0
DLG.L,D,20141119,000000,283.3010,283.8000,281.1010,283.3010,3201900,0
DLG.L,D,20141120,000000,282.7000,286.9000,282.2010,285.5010,3380600,0
DLG.L,D,20141121,000000,285.9000,286.7000,283.6000,284.6000,3943100,0
DLG.L,D,20141124,000000,285.1000,286.3000,284.0000,285.2000,2141600,0
DLG.L,D,20141125,000000,285.6000,289.0000,285.5560,287.4000,4310800,0
DLG.L,D,20141126,000000,288.1000,291.0010,287.9000,289.5000,3301200,0
DLG.L,D,20141127,000000,290.0000,294.3010,290.0000,292.5000,3655100,0
DLG.L,D,20141128,000000,291.6000,296.4000,291.6000,294.5000,2999400,0
DLG.L,D,20141201,000000,293.7000,296.3000,289.6000,291.5000,4233800,0
DLG.L,D,20141202,000000,291.4000,294.8000,291.0010,291.2000,3460400,0
DLG.L,D,20141203,000000,291.1000,292.9000,289.6000,290.5000,2892300,0
DLG.L,D,20141204,000000,291.3000,292.2000,289.9010,290.7000,3200900,0
DLG.L,D,20141205,000000,291.6000,292.5350,290.5000,291.7000,2146500,0
DLG.L,D,20141208,000000,290.3000,293.2010,290.3000,292.2000,8494000,0
DLG.L,D,20141209,000000,290.9000,292.7000,286.1490,288.0000,5014000,0
DLG.L,D,20141210,000000,288.7000,291.4000,286.8350,290.0000,4135200,0
DLG.L,D,20141211,000000,289.9010,293.1000,288.6000,288.9000,3914300,0
DLG.L,D,20141212,000000,288.0000,288.4000,283.8000,284.8000,4832600,0
DLG.L,D,20141215,000000,283.7000,284.7040,276.7350,279.1000,4105300,0
DLG.L,D,20141216,000000,279.6000,282.4000,276.7010,282.4000,4228900,0
DLG.L,D,20141217,000000,280.6000,281.6000,278.5000,280.1000,4505000,0
DLG.L,D,20141218,000000,282.6000,289.4000,281.8000,287.4000,5814700,0
DLG.L,D,20141219,000000,288.7000,292.9000,288.7000,288.8010,8431400,0
DLG.L,D,20141222,000000,290.9000,293.1000,288.1000,291.7000,2357400,0
DLG.L,D,20141223,000000,293.4000,294.2000,289.7000,290.4000,1848100,0
DLG.L,D,20141224,000000,295.8000,295.8000,292.0000,292.0000,691300,0
DLG.L,D,20141225,000000,292.0000,292.0000,292.0000,292.0000,0,0
DLG.L,D,20141226,000000,292.0000,292.0000,292.0000,292.0000,0,0
DLG.L,D,20141229,000000,292.8000,295.5120,290.4000,291.8000,1366400,0
DLG.L,D,20141230,000000,290.1000,293.4900,289.5000,291.2000,1915800,0
DLG.L,D,20141231,000000,291.8000,294.6000,274.9650,291.3000,935600,0
DLG.L,D,20150101,000000,291.3000,291.3000,291.3000,291.3000,0,0
DLG.L,D,20150102,000000,294.9000,295.2000,291.5540,292.4000,3603600,0
DLG.L,D,20150105,000000,292.0000,295.9000,291.0200,292.9000,4625700,0
DLG.L,D,20150106,000000,292.9000,294.1000,289.6000,289.7000,4903600,0
DLG.L,D,20150107,000000,291.1000,295.7000,288.8010,293.4000,5683200,0
DLG.L,D,20150108,000000,295.0000,300.0000,293.5000,297.1000,4816200,0
DLG.L,D,20150109,000000,298.0000,300.5000,295.9250,299.2000,4282900,0
DLG.L,D,20150112,000000,299.6000,305.0000,299.1000,302.1000,5357600,0
DLG.L,D,20150113,000000,302.1000,309.0000,301.0000,308.1000,7135600,0
DLG.L,D,20150114,000000,305.2000,307.3000,301.5000,302.6000,4343400,0
DLG.L,D,20150115,000000,303.5000,305.8000,298.1000,305.6000,7343800,0
DLG.L,D,20150116,000000,304.5000,306.6000,301.3000,305.5000,4069200,0
DLG.L,D,20150119,000000,305.0000,310.4000,304.4000,309.8000,2755600,0
DLG.L,D,20150120,000000,308.5000,310.3000,306.0000,307.0000,5503900,0
DLG.L,D,20150121,000000,306.9000,308.3000,305.2000,307.3000,4106800,0
DLG.L,D,20150122,000000,307.7000,310.9000,303.6000,307.2000,5891700,0
DLG.L,D,20150123,000000,308.2000,312.1130,307.9130,311.3000,3562700,0
DLG.L,D,20150126,000000,310.5000,313.5000,307.8350,313.2000,2466300,0
DLG.L,D,20150127,000000,312.1000,314.4000,309.7010,313.8000,4643100,0
DLG.L,D,20150128,000000,314.6000,315.2010,311.7000,315.2010,3705700,0
DLG.L,D,20150129,000000,313.4000,316.9000,313.4000,316.2000,3190800,0
DLG.L,D,20150130,000000,317.0000,318.0000,312.2000,312.5000,3741600,0
DLG.L,D,20150202,000000,312.9000,312.9000,309.5000,311.5000,3498700,0
DLG.L,D,20150203,000000,311.4000,317.3000,309.9000,316.8000,4825900,0
DLG.L,D,20150204,000000,316.5000,318.8000,315.6000,318.3000,3524700,0
DLG.L,D,20150205,000000,317.4010,319.4000,314.6000,316.2000,2919500,0
DLG.L,D,20150206,000000,315.7000,317.9000,314.1010,315.5000,2622700,0
DLG.L,D,20150209,000000,314.9000,314.9000,311.3000,313.0010,3384100,0
DLG.L,D,20150210,000000,312.9000,319.6010,312.9000,317.0000,4836300,0
DLG.L,D,20150211,000000,318.0000,319.8000,315.6000,316.8000,2818600,0
DLG.L,D,20150212,000000,316.5000,318.4000,316.3010,317.0000,2670200,0
DLG.L,D,20150213,000000,318.0000,319.4000,314.6000,317.0000,4246700,0
DLG.L,D,20150216,000000,317.0000,317.6250,314.3000,315.7000,3110800,0
DLG.L,D,20150217,000000,318.0000,318.7400,314.6000,318.0000,2841600,0
DLG.L,D,20150218,000000,316.8000,323.6000,316.2000,323.0000,4650100,0
DLG.L,D,20150219,000000,322.9010,324.5000,320.8000,323.7000,3413000,0
DLG.L,D,20150220,000000,322.1000,327.9000,322.0000,327.5000,4561300,0
DLG.L,D,20150223,000000,328.0000,331.5910,327.9000,331.1000,3806400,0
DLG.L,D,20150224,000000,330.6010,332.2000,329.4000,330.9000,3145200,0
DLG.L,D,20150225,000000,330.7000,333.1000,329.7760,332.0000,2643600,0
DLG.L,D,20150226,000000,327.2000,328.9000,325.4790,326.0000,9048800,0
DLG.L,D,20150227,000000,325.8000,328.3000,324.6000,327.4000,3664500,0
DLG.L,D,20150302,000000,327.0000,330.5000,326.7750,330.5000,4250100,0
DLG.L,D,20150303,000000,330.8000,336.7000,327.6000,328.4010,5132900,0
DLG.L,D,20150304,000000,328.6000,332.6000,324.0010,332.6000,5208000,0
DLG.L,D,20150305,000000,332.2000,343.3000,332.2000,341.1000,6510100,0
DLG.L,D,20150306,000000,339.5000,343.3000,339.4010,341.7000,3183100,0
DLG.L,D,20150309,000000,339.9000,341.9000,338.3010,341.4000,6391000,0
DLG.L,D,20150310,000000,343.2000,343.2000,332.3000,332.3000,6313800,0
DLG.L,D,20150311,000000,332.6000,333.6000,329.2000,330.0000,5149300,0
DLG.L,D,20150312,000000,319.3000,322.4000,317.5490,321.0000,5731300,0
DLG.L,D,20150313,000000,320.9000,321.7000,317.2000,319.5000,5323200,0
DLG.L,D,20150316,000000,319.2000,323.1500,318.4790,321.7000,4127800,0
DLG.L,D,20150317,000000,322.7000,323.6000,320.7010,321.5000,3818100,0
DLG.L,D,20150318,000000,321.0000,326.5000,321.0000,325.1010,4772500,0
DLG.L,D,20150319,000000,326.3000,329.2000,324.7000,326.9000,4553200,0
DLG.L,D,20150320,000000,327.5000,328.9000,325.1010,328.8000,7327100,0
DLG.L,D,20150323,000000,328.9000,330.9000,324.6000,330.4000,4654400,0
DLG.L,D,20150324,000000,329.0000,332.6000,328.0000,331.0000,3635800,0
DLG.L,D,20150325,000000,330.1000,333.9010,330.0000,330.0000,4295900,0
DLG.L,D,20150326,000000,327.7000,327.7000,305.1000,320.3000,8040100,0
DLG.L,D,20150327,000000,321.5000,323.2000,318.8000,320.2000,4250300,0
DLG.L,D,20150330,000000,323.4000,324.1000,320.6000,323.3000,3058900,0
DLG.L,D,20150331,000000,322.9010,324.4000,318.4000,319.0000,7496800,0
DLG.L,D,20150401,000000,317.7000,321.5000,316.8000,317.5000,5237000,0
DLG.L,D,20150402,000000,317.5000,320.1000,316.5000,319.6010,3190300,0
DLG.L,D,20150403,000000,319.6010,319.6010,319.6010,319.6010,0,0
DLG.L,D,20150406,000000,319.6010,319.6010,319.6010,319.6010,0,0
DLG.L,D,20150407,000000,320.2000,320.9000,318.0000,318.8000,4231700,0
DLG.L,D,20150408,000000,319.1000,323.5000,318.1000,322.7000,9200400,0
DLG.L,D,20150409,000000,324.7000,325.1010,322.6000,324.9000,5104100,0
DLG.L,D,20150410,000000,326.1000,331.1000,325.0000,330.2000,4500700,0
DLG.L,D,20150413,000000,330.0000,330.5000,327.4000,328.2000,3557500,0
DLG.L,D,20150414,000000,326.6000,330.2000,326.6000,329.5010,3371700,0
DLG.L,D,20150415,000000,330.0000,330.0000,327.8000,329.5010,5032200,0
DLG.L,D,20150416,000000,330.8000,330.8000,326.5000,328.8000,3533100,0
DLG.L,D,20150417,000000,327.7000,329.4000,323.2000,324.5000,5853900,0
DLG.L,D,20150420,000000,324.9000,327.7000,323.1000,324.8000,2080200,0
DLG.L,D,20150421,000000,326.4000,328.3000,324.5000,326.1000,4465700,0
DLG.L,D,20150422,000000,327.7000,327.8000,322.9010,325.8000,3776200,0
DLG.L,D,20150423,000000,325.9000,327.5000,322.7000,325.5000,8577400,0
DLG.L,D,20150424,000000,324.7000,327.9000,323.1000,326.1000,4315100,0
DLG.L,D,20150427,000000,326.1000,327.3010,322.8000,326.2010,3026200,0
DLG.L,D,20150428,000000,325.7000,326.0020,320.0490,323.5000,4985300,0
DLG.L,D,20150429,000000,323.6000,327.0000,317.7000,318.3000,4947900,0
DLG.L,D,20150430,000000,318.1000,319.2000,314.5600,319.1000,4815000,0
DLG.L,D,20150501,000000,318.6000,320.4960,314.7000,318.0000,2059700,0
DLG.L,D,20150504,000000,318.0000,318.0000,318.0000,318.0000,0,0
DLG.L,D,20150505,000000,323.1000,324.0010,313.0010,314.0000,7667200,0
DLG.L,D,20150506,000000,312.8000,318.4000,312.8000,316.5000,4239700,0
DLG.L,D,20150507,000000,315.6000,319.3000,312.2000,317.4010,6659500,0
DLG.L,D,20150508,000000,322.5000,328.3000,318.3000,322.0000,5877100,0
DLG.L,D,20150511,000000,322.9010,325.3000,320.8000,323.2000,3412200,0
DLG.L,D,20150512,000000,322.4000,322.4000,318.6000,319.0000,5576600,0
DLG.L,D,20150513,000000,319.4000,320.9000,318.7000,320.0000,3392000,0
DLG.L,D,20150514,000000,320.0000,322.0000,318.2000,321.0000,3175300,0
DLG.L,D,20150515,000000,321.7000,324.8600,321.3000,323.2000,2329900,0
DLG.L,D,20150518,000000,324.4000,325.8000,321.5000,323.9000,2235900,0
DLG.L,D,20150519,000000,325.9000,327.5000,325.1010,326.5000,3384400,0
DLG.L,D,20150520,000000,327.5000,329.2000,326.3000,326.9000,2912600,0
DLG.L,D,20150521,000000,326.2010,329.2600,326.2010,328.5000,2843900,0
DLG.L,D,20150522,000000,329.2000,331.8300,327.9000,330.1000,3083900,0
DLG.L,D,20150525,000000,330.1000,330.1000,330.1000,330.1000,0,0
DLG.L,D,20150526,000000,330.1000,332.9000,327.7000,330.6010,3364200,0
DLG.L,D,20150527,000000,329.6000,333.9010,329.6000,331.0000,4786200,0
DLG.L,D,20150528,000000,335.0010,337.7000,333.5000,337.0000,6343900,0
DLG.L,D,20150529,000000,337.4000,341.3000,334.5000,337.2010,6679600,0
DLG.L,D,20150601,000000,338.7000,341.0000,337.0400,338.3010,3793000,0
DLG.L,D,20150602,000000,339.4010,339.9000,335.4000,339.0000,6542100,0
DLG.L,D,20150603,000000,339.3000,347.0000,339.3000,346.4000,9863300,0
DLG.L,D,20150604,000000,345.8000,347.1010,342.3000,345.4000,3841500,0
DLG.L,D,20150605,000000,344.7000,345.2130,341.7000,344.0000,3073100,0
DLG.L,D,20150608,000000,344.3000,344.6000,342.0000,342.4000,2552800,0
DLG.L,D,20150609,000000,342.6000,345.3500,342.2000,344.2000,5199400,0
DLG.L,D,20150610,000000,344.0000,345.8000,342.7010,345.1000,4888600,0
DLG.L,D,20150611,000000,344.8000,347.6000,344.4000,345.3000,4735700,0
DLG.L,D,20150612,000000,344.7000,346.2000,342.2000,343.0000,4642300,0
DLG.L,D,20150615,000000,341.1000,341.3000,339.0000,340.0000,4177200,0
DLG.L,D,20150616,000000,339.8000,341.0000,336.3000,338.9000,4868200,0
DLG.L,D,20150617,000000,339.2000,342.0000,335.8000,337.9000,3376000,0
DLG.L,D,20150618,000000,337.3000,338.3010,334.5000,338.2000,2926900,0
DLG.L,D,20150619,000000,338.3010,339.3750,336.9000,337.6000,3523500,0
DLG.L,D,20150622,000000,341.7000,342.8000,339.7000,340.1000,3871400,0
DLG.L,D,20150623,000000,341.5000,344.7000,340.7250,342.5000,3339700,0
DLG.L,D,20150624,000000,343.7000,343.7000,339.3000,339.3000,4933700,0
DLG.L,D,20150625,000000,339.4010,342.3000,338.2000,341.2000,4773300,0
DLG.L,D,20150626,000000,341.2000,344.2500,340.4000,341.8000,3422900,0
DLG.L,D,20150629,000000,334.0000,341.5000,334.0000,338.2000,6129300,0
DLG.L,D,20150630,000000,336.9000,339.8000,332.6000,335.8000,8068700,0
DLG.L,D,20150701,000000,337.6000,340.7000,336.2000,337.4000,5685000,0
DLG.L,D,20150702,000000,338.2000,340.9000,336.5000,340.2000,5258500,0
DLG.L,D,20150703,000000,339.3000,341.9000,338.2000,339.3000,2943100,0
DLG.L,D,20150706,000000,336.4000,341.2000,336.2000,338.8000,2996300,0
DLG.L,D,20150707,000000,339.3000,339.5000,332.0000,333.1000,4722900,0
DLG.L,D,20150708,000000,333.1000,337.0000,332.0000,335.5000,3372600,0
DLG.L,D,20150709,000000,337.3000,338.1000,335.6000,336.2000,4111800,0
DLG.L,D,20150710,000000,339.5000,341.3000,336.0000,339.6000,4248600,0
DLG.L,D,20150713,000000,343.0000,347.7000,342.1200,346.0000,4856000,0
DLG.L,D,20150714,000000,346.5000,351.0000,345.3000,350.3000,7036500,0
DLG.L,D,20150715,000000,350.5000,357.1000,350.4000,355.0000,5754300,0
DLG.L,D,20150716,000000,356.6000,357.6000,355.0000,356.9000,4963300,0
DLG.L,D,20150717,000000,357.4000,359.8000,356.0000,359.3000,2610100,0
DLG.L,D,20150720,000000,356.0000,359.7000,355.7000,356.7000,2609600,0
DLG.L,D,20150721,000000,356.5000,362.9000,356.5000,359.1000,4818900,0
DLG.L,D,20150722,000000,357.6000,363.3000,357.2000,361.5000,2930600,0
DLG.L,D,20150723,000000,363.7000,363.7000,359.4000,362.5000,4271200,0
DLG.L,D,20150724,000000,361.1000,363.9000,358.9000,359.9000,3808800,0
DLG.L,D,20150727,000000,358.6000,361.1320,354.8000,356.0000,2502800,0
DLG.L,D,20150728,000000,357.5000,366.9000,357.1000,364.9000,6512500,0
DLG.L,D,20150729,000000,367.0000,367.8440,364.6920,367.7000,5386700,0
DLG.L,D,20150730,000000,367.5000,369.3000,363.0000,364.6000,3690100,0
DLG.L,D,20150731,000000,365.4000,366.2000,359.1000,365.9000,4558200,0
DLG.L,D,20150803,000000,364.3000,366.7000,361.9000,366.0000,4605000,0
DLG.L,D,20150804,000000,374.2000,375.8000,369.4000,375.8000,6376700,0
DLG.L,D,20150805,000000,377.0000,384.6000,376.9920,384.6000,6058700,0
DLG.L,D,20150806,000000,384.6000,387.1000,382.1000,385.9000,5087800,0
DLG.L,D,20150807,000000,385.4000,386.6000,383.0000,384.1000,3994900,0
DLG.L,D,20150810,000000,386.7000,388.7000,383.2000,387.8000,5200600,0
DLG.L,D,20150811,000000,386.8000,386.8000,380.8000,382.7000,4970400,0
DLG.L,D,20150812,000000,381.6000,382.5950,374.4000,375.5000,5660300,0
DLG.L,D,20150813,000000,375.3000,376.3000,372.5050,373.1000,4599800,0
DLG.L,D,20150814,000000,374.5000,374.5000,371.9000,371.9000,3987800,0
DLG.L,D,20150817,000000,374.5000,374.5000,369.4000,370.0000,3766500,0
DLG.L,D,20150818,000000,371.0000,372.6400,367.9000,368.9000,4706100,0
DLG.L,D,20150819,000000,367.4000,367.8000,363.4000,363.6000,6470400,0
DLG.L,D,20150820,000000,360.8000,365.8000,360.2000,361.1000,4306900,0
DLG.L,D,20150821,000000,357.6000,360.6000,356.5000,357.2000,6275500,0
DLG.L,D,20150824,000000,349.4000,352.9280,340.9000,346.0000,8852600,0
DLG.L,D,20150825,000000,350.2000,353.7000,348.7880,351.9000,6184700,0
DLG.L,D,20150826,000000,349.7000,350.7000,345.4000,346.9000,6743000,0
DLG.L,D,20150827,000000,352.5000,354.7000,347.4000,351.2000,7447600,0
DLG.L,D,20150828,000000,352.4000,353.1000,349.8000,353.1000,4445400,0
DLG.L,D,20150831,000000,353.1000,353.1000,353.1000,353.1000,0,0
DLG.L,D,20150901,000000,349.9000,354.2000,345.7000,348.1000,5877800,0
DLG.L,D,20150902,000000,350.1000,352.8000,347.6000,351.2000,3957300,0
DLG.L,D,20150903,000000,355.0000,356.4000,353.5000,354.0000,4647900,0
DLG.L,D,20150904,000000,352.1000,354.9000,350.1000,351.1000,3666900,0
DLG.L,D,20150907,000000,353.0000,353.9100,349.8000,352.4000,1609000,0
DLG.L,D,20150908,000000,353.7000,357.9000,352.5300,355.8000,3281200,0
DLG.L,D,20150909,000000,360.8000,362.8000,359.2000,361.0000,3978446,0
DLG.L,D,20150910,000000,358.8000,366.1000,357.0500,364.2000,6002368,0
DLG.L,D,20150911,000000,364.7000,366.6000,361.0300,362.3000,2588494,0
DLG.L,D,20150914,000000,364.0000,365.0000,360.7000,361.1000,4242894,0
DLG.L,D,20150915,000000,361.4000,365.9000,358.2000,365.2000,3868841,0
DLG.L,D,20150916,000000,367.2000,367.4000,362.5000,364.1000,4616379,0
DLG.L,D,20150917,000000,365.1000,367.2000,363.9000,364.3000,3506516,0
DLG.L,D,20150918,000000,364.0000,367.9000,363.2000,364.2000,6463932,0
DLG.L,D,20150921,000000,361.8000,369.1000,361.8000,365.0000,3743942,0
DLG.L,D,20150922,000000,364.9000,366.2000,360.9100,361.7000,4902101,0
DLG.L,D,20150923,000000,361.2000,367.5000,360.4000,365.0000,3917005,0
DLG.L,D,20150924,000000,364.1000,366.9000,363.9000,365.6000,4922439,0
DLG.L,D,20150925,000000,370.9000,372.0000,368.2000,371.0000,3753091,0
