<TICKER>,<PER>,<DTYYYYMMDD>,<TIME>,<OPEN>,<HIGH>,<LOW>,<CLOSE>,<VOL>,<OPENINT>
POLY.L,D,20111028,000000,920.0000,975.0000,915.0000,920.0000,9864600,0
POLY.L,D,20111031,000000,920.0000,923.5000,918.0000,920.0000,5002700,0
POLY.L,D,20111101,000000,917.0000,919.0000,875.0000,877.0000,1697900,0
POLY.L,D,20111102,000000,900.0000,930.0000,885.0000,930.0000,3411100,0
POLY.L,D,20111103,000000,923.0000,925.0000,916.5000,917.0000,2976000,0
POLY.L,D,20111104,000000,920.0000,930.0000,915.0000,924.0000,570900,0
POLY.L,D,20111107,000000,925.0000,925.0000,914.0000,915.0000,1113500,0
POLY.L,D,20111108,000000,920.0000,925.5000,919.0000,925.0000,1085000,0
POLY.L,D,20111109,000000,940.0000,940.0000,916.0830,916.5000,819300,0
POLY.L,D,20111110,000000,929.5000,929.5000,910.0000,925.0000,1061900,0
POLY.L,D,20111111,000000,920.5000,958.0000,920.0790,958.0000,3297900,0
POLY.L,D,20111114,000000,960.5000,997.0000,948.0000,995.0000,1971100,0
POLY.L,D,20111115,000000,1020.0000,1020.0000,970.5000,989.0000,922700,0
POLY.L,D,20111116,000000,995.0000,1008.0000,983.0000,1005.0000,947000,0
POLY.L,D,20111117,000000,1000.0000,1022.0000,971.0000,978.0000,517500,0
POLY.L,D,20111118,000000,1025.0000,980.5350,960.5000,971.0000,816200,0
POLY.L,D,20111121,000000,975.0000,985.0000,922.0000,922.0000,1078600,0
POLY.L,D,20111122,000000,922.0000,958.5000,922.0000,934.5000,443000,0
POLY.L,D,20111123,000000,925.0000,945.5000,925.0000,939.0000,662900,0
POLY.L,D,20111124,000000,943.5000,943.5000,937.0000,939.5000,270000,0
POLY.L,D,20111125,000000,954.0000,960.0000,920.0000,945.0000,444700,0
POLY.L,D,20111128,000000,945.0000,970.0000,945.0000,970.0000,99100,0
POLY.L,D,20111129,000000,980.0000,980.0000,960.0000,968.0000,591400,0
POLY.L,D,20111130,000000,960.0000,980.0000,960.0000,975.0000,670800,0
POLY.L,D,20111201,000000,970.0000,999.0000,970.0000,994.5000,353500,0
POLY.L,D,20111202,000000,991.0000,1020.0000,991.0000,1000.0000,504700,0
POLY.L,D,20111205,000000,1011.0000,1013.0000,1001.0000,1010.0000,769300,0
POLY.L,D,20111206,000000,1007.0000,1015.0000,986.0000,1015.0000,974800,0
POLY.L,D,20111207,000000,1032.0000,1040.0000,995.0000,1015.0000,1083400,0
POLY.L,D,20111208,000000,1022.0000,1024.0000,997.5000,1015.0000,1221900,0
POLY.L,D,20111209,000000,1000.0000,1025.0000,994.0000,1020.0000,831800,0
POLY.L,D,20111212,000000,1030.0000,1030.0000,998.5000,1024.0000,1398800,0
POLY.L,D,20111213,000000,1040.0000,1040.0000,1008.0000,1026.0000,1262700,0
POLY.L,D,20111214,000000,1020.0000,1026.0000,985.0000,997.5000,1948500,0
POLY.L,D,20111215,000000,995.0000,1030.0000,992.0000,1017.0000,2431500,0
POLY.L,D,20111216,000000,1019.0000,1040.0000,996.0000,1040.0000,20463800,0
POLY.L,D,20111219,000000,1038.0000,1045.0000,1024.0000,1035.0000,1177800,0
POLY.L,D,20111220,000000,1038.0000,1060.0000,1035.0000,1056.0000,1311300,0
POLY.L,D,20111221,000000,1055.0000,1080.0000,1050.0000,1078.0000,1357300,0
POLY.L,D,20111222,000000,1077.0000,1117.0000,1071.0000,1109.0000,1400800,0
POLY.L,D,20111223,000000,1122.0000,1130.0000,1107.0000,1130.0000,478800,0
POLY.L,D,20111226,000000,1130.0000,1130.0000,1130.0000,1130.0000,0,0
POLY.L,D,20111227,000000,1130.0000,1130.0000,1130.0000,1130.0000,0,0
POLY.L,D,20111228,000000,1130.0000,1130.0000,1097.0000,1109.0000,434500,0
POLY.L,D,20111229,000000,1107.0000,1120.0000,1086.0000,1092.0000,142300,0
POLY.L,D,20111230,000000,1101.0000,1128.0000,1093.0000,1094.0000,265100,0
POLY.L,D,20120102,000000,1094.0000,1094.0000,1094.0000,1094.0000,0,0
POLY.L,D,20120103,000000,1130.0000,1130.0000,1116.0000,1130.0000,298800,0
POLY.L,D,20120104,000000,1130.0000,1130.0000,1122.0000,1124.0000,187300,0
POLY.L,D,20120105,000000,1120.0000,1130.0000,1110.0000,1116.0000,248600,0
POLY.L,D,20120106,000000,1122.0000,1130.0000,1116.0000,1126.0000,119400,0
POLY.L,D,20120109,000000,1122.0000,1130.0000,1117.0000,1118.0000,115700,0
POLY.L,D,20120110,000000,1138.0000,1140.0000,1126.0000,1138.0000,371100,0
POLY.L,D,20120111,000000,1130.0000,1158.0000,1130.0000,1154.0000,464400,0
POLY.L,D,20120112,000000,1149.0000,1150.0000,1101.0000,1105.0000,657500,0
POLY.L,D,20120113,000000,1112.0000,1112.0000,1089.0000,1100.0000,719100,0
POLY.L,D,20120116,000000,1105.0000,1105.0000,1084.0000,1091.0000,273200,0
POLY.L,D,20120117,000000,1111.0000,1129.0000,1091.0000,1129.0000,297900,0
POLY.L,D,20120118,000000,1130.0000,1150.0000,1109.0000,1140.0000,713300,0
POLY.L,D,20120119,000000,1132.0000,1145.5000,1095.0000,1102.0000,958800,0
POLY.L,D,20120120,000000,1080.0000,1107.0000,1080.0000,1096.0000,547000,0
POLY.L,D,20120123,000000,1104.0000,1109.0000,1092.6400,1098.0000,232500,0
POLY.L,D,20120124,000000,1098.0000,1103.0000,1078.0000,1083.0000,682300,0
POLY.L,D,20120125,000000,1093.0000,1093.0000,1062.0000,1069.0000,228000,0
POLY.L,D,20120126,000000,1074.0000,1176.0000,1074.0000,1152.0000,1649900,0
POLY.L,D,20120127,000000,1148.0000,1166.5000,1118.3300,1125.0000,812000,0
POLY.L,D,20120130,000000,1120.0000,1132.0000,1115.0000,1131.0000,473400,0
POLY.L,D,20120131,000000,1115.0000,1146.0000,1115.0000,1137.0000,452700,0
POLY.L,D,20120201,000000,1135.0000,1160.0000,1135.0000,1155.0000,377300,0
POLY.L,D,20120202,000000,1167.0000,1173.0000,1145.0000,1170.0000,241100,0
POLY.L,D,20120203,000000,1161.0000,1189.0000,1156.9000,1165.0000,224800,0
POLY.L,D,20120206,000000,1146.0000,1195.1200,1146.0000,1175.0000,380300,0
POLY.L,D,20120207,000000,1171.0000,1179.0000,1144.0000,1156.0000,303700,0
POLY.L,D,20120208,000000,1150.0000,1172.0000,1137.0000,1140.0000,164200,0
POLY.L,D,20120209,000000,1155.0000,1169.0000,1142.0000,1145.0000,139900,0
POLY.L,D,20120210,000000,1152.0000,1152.0000,1118.0000,1124.0000,146000,0
POLY.L,D,20120213,000000,1139.0000,1139.0000,1094.0000,1100.0000,212200,0
POLY.L,D,20120214,000000,1109.0000,1115.0000,1100.0000,1103.0000,166900,0
POLY.L,D,20120215,000000,1115.0000,1125.0000,1100.0000,1112.0000,154000,0
POLY.L,D,20120216,000000,1097.0000,1103.0000,1063.0000,1075.0000,369700,0
POLY.L,D,20120217,000000,1084.0000,1102.7500,1069.0000,1069.0000,390600,0
POLY.L,D,20120220,000000,1071.0000,1096.0000,1071.0000,1084.0000,302500,0
POLY.L,D,20120221,000000,1088.0000,1112.0000,1034.0000,1045.0000,303300,0
POLY.L,D,20120222,000000,1040.0000,1056.0000,1031.0000,1045.0000,372100,0
POLY.L,D,20120223,000000,1049.0000,1067.0000,1044.0000,1049.0000,532300,0
POLY.L,D,20120224,000000,1058.0000,1058.0000,1030.0000,1049.0000,320100,0
POLY.L,D,20120227,000000,1047.0000,1053.0000,1036.7000,1053.0000,140600,0
POLY.L,D,20120228,000000,1059.0000,1092.0000,1039.0000,1069.0000,624600,0
POLY.L,D,20120229,000000,1063.0000,1112.0000,1063.0000,1084.0000,827900,0
POLY.L,D,20120301,000000,1090.0000,1090.0000,1058.0000,1060.0000,329300,0
POLY.L,D,20120302,000000,1055.0000,1066.0000,1045.0000,1049.0000,253800,0
POLY.L,D,20120305,000000,1038.0000,1049.0000,1014.0000,1016.0000,234400,0
POLY.L,D,20120306,000000,1020.0000,1020.0000,928.0000,951.5000,1142500,0
POLY.L,D,20120307,000000,945.0000,971.0000,945.0000,967.5000,271700,0
POLY.L,D,20120308,000000,973.5000,998.5000,971.5000,998.5000,671300,0
POLY.L,D,20120309,000000,994.5000,1017.0000,994.5000,1006.0000,677100,0
POLY.L,D,20120312,000000,1013.0000,1013.0000,1003.0000,1008.0000,274900,0
POLY.L,D,20120313,000000,1020.0000,1020.0000,1001.0000,1010.0000,221200,0
POLY.L,D,20120314,000000,1022.0000,1022.0000,992.7820,994.0000,416000,0
POLY.L,D,20120315,000000,1000.0000,1015.0000,980.8750,995.0000,641200,0
POLY.L,D,20120316,000000,1000.0000,1002.0000,947.5000,961.5000,2591500,0
POLY.L,D,20120319,000000,967.0000,970.9770,946.0000,962.0000,781400,0
POLY.L,D,20120320,000000,954.5000,963.0000,947.5000,950.5000,609000,0
POLY.L,D,20120321,000000,958.5000,976.0000,953.0000,968.0000,824700,0
POLY.L,D,20120322,000000,972.0000,973.5000,935.0000,941.0000,1575900,0
POLY.L,D,20120323,000000,940.5000,962.0000,932.1120,960.5000,564800,0
POLY.L,D,20120326,000000,957.5000,957.5000,935.0000,935.0000,675800,0
POLY.L,D,20120327,000000,936.5000,950.0000,935.0000,936.5000,562200,0
POLY.L,D,20120328,000000,928.0000,938.0000,923.0000,925.0000,646700,0
POLY.L,D,20120329,000000,921.0000,948.5000,906.3000,914.5000,708200,0
POLY.L,D,20120330,000000,912.0000,935.5000,911.8000,923.5000,802400,0
POLY.L,D,20120402,000000,921.0000,941.5000,917.0000,938.0000,878700,0
POLY.L,D,20120403,000000,946.0000,951.5000,933.0000,936.5000,512200,0
POLY.L,D,20120404,000000,927.5000,940.0000,895.0000,895.0000,1018300,0
POLY.L,D,20120405,000000,900.5000,932.0000,888.0000,932.0000,969900,0
POLY.L,D,20120406,000000,932.0000,932.0000,932.0000,932.0000,0,0
POLY.L,D,20120409,000000,932.0000,932.0000,932.0000,932.0000,0,0
POLY.L,D,20120410,000000,920.0000,953.0000,920.0000,930.5000,700900,0
POLY.L,D,20120411,000000,917.0000,944.5000,917.0000,935.0000,479200,0
POLY.L,D,20120412,000000,927.0000,962.0000,927.0000,959.5000,843300,0
POLY.L,D,20120413,000000,968.0000,989.0000,955.8460,967.5000,1257400,0
POLY.L,D,20120416,000000,958.0000,990.6510,957.5000,985.5000,686000,0
POLY.L,D,20120417,000000,981.5000,990.0000,961.5000,988.0000,415000,0
POLY.L,D,20120418,000000,982.0000,995.0000,979.0000,991.0000,334100,0
POLY.L,D,20120419,000000,1000.0000,1005.0000,986.0000,1002.0000,1243800,0
POLY.L,D,20120420,000000,1013.0000,1013.0000,986.4380,988.0000,359000,0
POLY.L,D,20120423,000000,990.0000,990.0000,950.5000,956.5000,306700,0
POLY.L,D,20120424,000000,956.5000,964.5000,946.0000,950.0000,284000,0
POLY.L,D,20120425,000000,960.0000,960.6190,925.5000,939.0000,545500,0
POLY.L,D,20120426,000000,948.0000,948.0000,915.0000,915.0000,691500,0
POLY.L,D,20120427,000000,918.5000,918.5000,894.0000,894.0000,1055200,0
POLY.L,D,20120430,000000,905.0000,930.5000,896.0000,915.0000,1098900,0
POLY.L,D,20120501,000000,912.5000,994.9300,910.0000,918.0000,117600,0
POLY.L,D,20120502,000000,922.0000,927.5000,903.5000,913.0000,569100,0
POLY.L,D,20120503,000000,919.0000,919.0000,898.5000,905.0000,421100,0
POLY.L,D,20120504,000000,893.0000,898.5000,875.0000,883.0000,892300,0
POLY.L,D,20120507,000000,883.0000,883.0000,883.0000,883.0000,0,0
POLY.L,D,20120508,000000,865.5000,867.0000,805.0000,806.5000,976300,0
POLY.L,D,20120509,000000,808.0000,808.0000,747.5000,767.5000,806500,0
POLY.L,D,20120510,000000,800.0000,875.0000,800.0000,816.5000,826900,0
POLY.L,D,20120511,000000,827.0000,827.0000,792.5000,805.5000,225200,0
POLY.L,D,20120514,000000,817.5000,817.5000,787.5000,794.5000,403300,0
POLY.L,D,20120515,000000,790.5000,817.5000,790.5000,808.5000,470400,0
POLY.L,D,20120516,000000,769.5000,805.0000,751.0000,797.5000,478800,0
POLY.L,D,20120517,000000,800.0000,812.0000,768.5000,777.0000,562600,0
POLY.L,D,20120518,000000,761.5000,802.0000,751.0000,799.0000,716300,0
POLY.L,D,20120521,000000,759.5000,834.0000,759.5000,828.0000,713100,0
POLY.L,D,20120522,000000,832.0000,856.5000,829.0000,839.5000,584300,0
POLY.L,D,20120523,000000,827.0000,827.0000,791.5000,794.0000,743500,0
POLY.L,D,20120524,000000,795.0000,811.5000,783.5000,805.5000,342300,0
POLY.L,D,20120525,000000,798.0000,811.5000,796.0000,801.0000,350800,0
POLY.L,D,20120528,000000,801.5000,832.0000,801.5000,813.0000,283000,0
POLY.L,D,20120529,000000,818.0000,828.5000,811.5000,817.0000,425700,0
POLY.L,D,20120530,000000,817.0000,817.0000,789.5000,792.0000,405900,0
POLY.L,D,20120531,000000,790.5000,820.0000,765.5000,771.5000,534100,0
POLY.L,D,20120601,000000,765.0000,778.5000,765.0000,765.0000,1090000,0
POLY.L,D,20120604,000000,765.0000,765.0000,765.0000,765.0000,0,0
POLY.L,D,20120605,000000,765.0000,765.0000,765.0000,765.0000,0,0
POLY.L,D,20120606,000000,751.5000,807.0000,751.5000,803.0000,1322200,0
POLY.L,D,20120607,000000,814.0000,845.5000,799.5000,815.0000,755600,0
POLY.L,D,20120608,000000,815.0000,821.0000,801.0000,814.5000,1171600,0
POLY.L,D,20120611,000000,841.0000,841.0000,802.0000,809.5000,1026900,0
POLY.L,D,20120612,000000,808.5000,811.0000,783.0000,790.0000,1355100,0
POLY.L,D,20120613,000000,800.5000,802.0000,787.0000,795.5000,715600,0
POLY.L,D,20120614,000000,788.5000,838.5000,788.5000,827.0000,1283600,0
POLY.L,D,20120615,000000,826.5000,888.0330,801.5000,887.5000,7252500,0
POLY.L,D,20120618,000000,900.0000,912.0000,882.0000,909.5000,944000,0
POLY.L,D,20120619,000000,906.0000,920.0000,902.5000,906.5000,782800,0
POLY.L,D,20120620,000000,915.5000,941.0000,900.5000,940.0000,864900,0
POLY.L,D,20120621,000000,919.5000,940.0000,916.0000,919.5000,763800,0
POLY.L,D,20120622,000000,905.0000,929.0000,900.0000,913.5000,632400,0
POLY.L,D,20120625,000000,918.0000,933.0000,915.0000,925.0000,419700,0
POLY.L,D,20120626,000000,932.0000,944.0000,929.5000,931.0000,458700,0
POLY.L,D,20120627,000000,927.5000,930.5000,895.0000,907.5000,428000,0
POLY.L,D,20120628,000000,900.0000,906.0000,871.0000,880.0000,517800,0
POLY.L,D,20120629,000000,908.5000,919.5000,889.0000,909.0000,281300,0
POLY.L,D,20120702,000000,919.0000,931.5000,906.0000,919.5000,378800,0
POLY.L,D,20120703,000000,916.0000,931.5000,916.0000,928.0000,269200,0
POLY.L,D,20120704,000000,929.0000,934.5000,920.0000,922.0000,152500,0
POLY.L,D,20120705,000000,926.5000,932.0000,890.0000,894.0000,547500,0
POLY.L,D,20120706,000000,899.5000,899.5000,858.5000,864.5000,394300,0
POLY.L,D,20120709,000000,876.0000,885.0000,856.5000,883.0000,308600,0
POLY.L,D,20120710,000000,891.0000,902.5000,876.5000,877.0000,223200,0
POLY.L,D,20120711,000000,865.5000,868.5000,830.0000,834.0000,494300,0
POLY.L,D,20120712,000000,822.5000,828.0000,811.0000,821.0000,686900,0
POLY.L,D,20120713,000000,828.5000,877.0000,826.0000,877.0000,569200,0
POLY.L,D,20120716,000000,873.0000,878.5000,858.0000,858.0000,228600,0
POLY.L,D,20120717,000000,852.5000,865.0000,847.0000,847.0000,616800,0
POLY.L,D,20120718,000000,845.5000,854.5000,835.0000,849.0000,308200,0
POLY.L,D,20120719,000000,844.5000,857.5000,837.5000,847.5000,199300,0
POLY.L,D,20120720,000000,856.0000,857.5000,821.0000,826.0000,540700,0
POLY.L,D,20120723,000000,811.0000,814.0000,795.0000,802.5000,372700,0
POLY.L,D,20120724,000000,799.0000,808.5000,792.5000,795.0000,294200,0
POLY.L,D,20120725,000000,792.0000,821.5000,782.0000,811.5000,338100,0
POLY.L,D,20120726,000000,822.0000,903.0000,814.5000,873.5000,703700,0
POLY.L,D,20120727,000000,881.5000,881.5000,852.5000,875.5000,427700,0
POLY.L,D,20120730,000000,871.5000,897.0000,869.0000,886.5000,256500,0
POLY.L,D,20120731,000000,885.0000,906.0000,871.5000,871.5000,355100,0
POLY.L,D,20120801,000000,882.0000,883.5000,867.0000,883.5000,206700,0
POLY.L,D,20120802,000000,876.5000,899.5000,849.5000,852.0000,171700,0
POLY.L,D,20120803,000000,844.0000,885.5000,844.0000,884.0000,196100,0
POLY.L,D,20120806,000000,876.0000,905.0000,875.0000,890.0000,368000,0
POLY.L,D,20120807,000000,886.5000,932.0000,886.5000,932.0000,564600,0
POLY.L,D,20120808,000000,925.0000,937.0000,916.5000,935.0000,292100,0
POLY.L,D,20120809,000000,946.5000,950.0000,927.0000,932.5000,212300,0
POLY.L,D,20120810,000000,931.0000,936.0000,911.5000,927.5000,275200,0
POLY.L,D,20120813,000000,949.5000,949.5000,909.5000,915.5000,219000,0
POLY.L,D,20120814,000000,909.0000,926.5000,909.0000,926.0000,84800,0
POLY.L,D,20120815,000000,928.0000,937.5000,901.5000,906.0000,165700,0
POLY.L,D,20120816,000000,915.0000,928.0000,906.0000,919.5000,446900,0
POLY.L,D,20120817,000000,934.5000,934.5000,911.5000,934.0000,143500,0
POLY.L,D,20120820,000000,939.5000,939.5000,923.5000,927.0000,147100,0
POLY.L,D,20120821,000000,940.0000,970.0000,936.5000,967.0000,773200,0
POLY.L,D,20120822,000000,967.0000,974.5000,958.0000,958.5000,272100,0
POLY.L,D,20120823,000000,977.5000,988.0000,967.0000,976.5000,459600,0
POLY.L,D,20120824,000000,985.0000,985.0000,963.5000,979.0000,401900,0
POLY.L,D,20120827,000000,979.0000,979.0000,979.0000,979.0000,0,0
POLY.L,D,20120828,000000,998.5000,998.5000,965.5000,970.5000,315700,0
POLY.L,D,20120829,000000,970.5000,984.5000,969.0000,976.5000,560900,0
POLY.L,D,20120830,000000,985.0000,992.0000,969.5000,977.5000,410400,0
POLY.L,D,20120831,000000,997.0000,1000.0000,968.0000,968.0000,818100,0
POLY.L,D,20120903,000000,961.5000,982.0000,961.5000,971.0000,1217800,0
POLY.L,D,20120904,000000,972.5000,973.5000,948.5000,955.0000,921000,0
POLY.L,D,20120905,000000,958.0000,966.0000,947.0000,957.0000,875100,0
POLY.L,D,20120906,000000,965.5000,1020.0000,958.0000,1020.0000,924900,0
POLY.L,D,20120907,000000,1014.0000,1055.3900,1013.0000,1044.0000,672400,0
POLY.L,D,20120910,000000,1033.0000,1058.0000,1033.0000,1035.0000,364600,0
POLY.L,D,20120911,000000,1039.0000,1040.0000,1014.0000,1019.0000,1390400,0
POLY.L,D,20120912,000000,1027.0000,1046.0000,1008.0000,1015.0000,443200,0
POLY.L,D,20120913,000000,1022.0000,1023.0000,996.0000,1010.0000,759300,0
POLY.L,D,20120914,000000,1033.0000,1094.0000,1033.0000,1081.0000,1626900,0
POLY.L,D,20120917,000000,1072.0000,1100.0000,1071.0000,1089.0000,489900,0
POLY.L,D,20120918,000000,1079.0000,1095.0000,1070.0000,1091.0000,270400,0
POLY.L,D,20120919,000000,1100.0000,1110.0000,1080.0000,1085.0000,427300,0
POLY.L,D,20120920,000000,1067.0000,1089.0000,1044.0000,1087.0000,246000,0
POLY.L,D,20120921,000000,1097.0000,1103.0000,1075.0000,1082.0000,522500,0
POLY.L,D,20120924,000000,1067.0000,1086.0000,1062.0000,1079.0000,348700,0
POLY.L,D,20120925,000000,1084.0000,1084.0000,1066.0000,1068.0000,395400,0
POLY.L,D,20120926,000000,1060.0000,1078.0000,1037.0000,1054.0000,487100,0
POLY.L,D,20120927,000000,1059.0000,1066.0000,1049.1500,1060.0000,418200,0
POLY.L,D,20120928,000000,1074.0000,1089.0000,1067.0000,1085.0000,449300,0
POLY.L,D,20121001,000000,1082.0000,1134.0000,1080.0000,1125.0000,674800,0
POLY.L,D,20121002,000000,1115.0000,1140.0000,1115.0000,1127.0000,426500,0
POLY.L,D,20121003,000000,1118.0000,1141.0000,1116.0000,1128.0000,313100,0
POLY.L,D,20121004,000000,1130.0000,1150.0000,1130.0000,1135.0000,391200,0
POLY.L,D,20121005,000000,1135.0000,1152.0000,1132.0000,1149.0000,329000,0
POLY.L,D,20121008,000000,1137.0000,1154.0000,1123.0000,1150.0000,139800,0
POLY.L,D,20121009,000000,1143.0000,1185.0000,1142.0000,1156.0000,684000,0
POLY.L,D,20121010,000000,1150.0000,1152.4800,1122.0000,1130.0000,330600,0
POLY.L,D,20121011,000000,1124.0000,1162.0000,1067.5699,1152.0000,356300,0
POLY.L,D,20121012,000000,1151.0000,1153.7000,1126.0000,1127.0000,284300,0
POLY.L,D,20121015,000000,1118.0000,1135.3000,1118.0000,1126.0000,369900,0
POLY.L,D,20121016,000000,1158.0000,1166.0000,1133.0000,1160.0000,443400,0
POLY.L,D,20121017,000000,1172.0000,1178.0000,1138.0000,1155.0000,493200,0
POLY.L,D,20121018,000000,1161.0000,1166.0000,1139.0000,1155.0000,602600,0
POLY.L,D,20121019,000000,1151.0000,1175.0000,1148.2700,1166.0000,359300,0
POLY.L,D,20121022,000000,1159.0000,1178.0000,1149.0000,1151.0000,159100,0
POLY.L,D,20121023,000000,1154.0000,1157.0000,1106.0000,1109.0000,666500,0
POLY.L,D,20121024,000000,1109.0000,1125.0000,1096.0000,1098.0000,378000,0
POLY.L,D,20121025,000000,1097.0000,1117.0000,1087.0000,1108.0000,1290800,0
POLY.L,D,20121026,000000,1092.0000,1117.0000,1089.0000,1114.0000,611000,0
POLY.L,D,20121029,000000,1113.0000,1124.0000,1099.0000,1119.0000,232300,0
POLY.L,D,20121030,000000,1116.0000,1130.2500,1108.0000,1116.0000,275100,0
POLY.L,D,20121031,000000,1120.0000,1124.0000,1110.0000,1114.0000,328800,0
POLY.L,D,20121101,000000,1119.0000,1126.0000,1115.0000,1123.0000,1211800,0
POLY.L,D,20121102,000000,1116.0000,1138.0000,1109.0000,1129.0000,450000,0
POLY.L,D,20121105,000000,1118.0000,1131.0000,1109.0000,1110.0000,572300,0
POLY.L,D,20121106,000000,1120.0000,1120.0000,1095.0000,1111.0000,391800,0
POLY.L,D,20121107,000000,1121.0000,1156.3000,1109.0000,1115.0000,495300,0
POLY.L,D,20121108,000000,1120.0000,1129.0000,1110.0000,1118.0000,328600,0
POLY.L,D,20121109,000000,1122.0000,1122.0000,1098.0000,1114.0000,314000,0
POLY.L,D,20121112,000000,1116.0000,1154.0000,1109.0000,1149.0000,363700,0
POLY.L,D,20121113,000000,1147.0000,1148.0000,1110.0000,1125.0000,426300,0
POLY.L,D,20121114,000000,1122.0000,1131.0000,1111.0000,1117.0000,247200,0
POLY.L,D,20121115,000000,1109.0000,1112.0000,1082.0000,1104.0000,543300,0
POLY.L,D,20121116,000000,1104.0000,1128.0000,1100.0000,1111.0000,546800,0
POLY.L,D,20121119,000000,1118.0000,1141.0000,1118.0000,1135.0000,282600,0
POLY.L,D,20121120,000000,1135.0000,1139.6200,1123.0000,1135.0000,212100,0
POLY.L,D,20121121,000000,1135.0000,1135.0000,1115.0000,1120.0000,229200,0
POLY.L,D,20121122,000000,1122.0000,1124.0000,1107.0000,1108.0000,307000,0
POLY.L,D,20121123,000000,1105.0000,1116.0000,1085.0000,1099.0000,560100,0
POLY.L,D,20121126,000000,1102.0000,1102.0000,1073.0000,1074.0000,348700,0
POLY.L,D,20121127,000000,1091.0000,1098.0000,1075.0000,1079.0000,254400,0
POLY.L,D,20121128,000000,1068.0000,1074.0000,1042.0000,1042.0000,390900,0
POLY.L,D,20121129,000000,1053.0000,1070.0000,1045.0000,1048.0000,435800,0
POLY.L,D,20121130,000000,1053.0000,1070.0000,1050.0000,1062.0000,284500,0
POLY.L,D,20121203,000000,1074.0000,1080.3400,1057.0000,1061.0000,201300,0
POLY.L,D,20121204,000000,1058.0000,1062.0000,1046.0000,1050.0000,497000,0
POLY.L,D,20121205,000000,1060.0000,1077.0000,1053.0000,1064.0000,471000,0
POLY.L,D,20121206,000000,1060.0000,1072.0000,1060.0000,1066.0000,299000,0
POLY.L,D,20121207,000000,1062.0000,1098.0000,1062.0000,1088.0000,325400,0
POLY.L,D,20121210,000000,1092.0000,1093.0000,1077.0000,1087.0000,202000,0
POLY.L,D,20121211,000000,1088.0000,1117.4000,1088.0000,1116.0000,550700,0
POLY.L,D,20121212,000000,1110.0000,1147.0000,1098.0000,1143.0000,488500,0
POLY.L,D,20121213,000000,1144.0000,1159.0000,1128.0000,1149.0000,476600,0
POLY.L,D,20121214,000000,1149.0000,1183.0000,1144.0000,1175.0000,418100,0
POLY.L,D,20121217,000000,1189.0000,1197.0000,1150.0800,1181.0000,481400,0
POLY.L,D,20121218,000000,1183.0000,1194.0000,1160.1300,1185.0000,985700,0
POLY.L,D,20121219,000000,1185.0000,1185.0000,1169.0000,1180.0000,570800,0
POLY.L,D,20121220,000000,1168.0000,1179.0000,1153.0000,1159.0000,224500,0
POLY.L,D,20121221,000000,1159.0000,1183.0000,1143.0000,1176.0000,416700,0
POLY.L,D,20121224,000000,1180.0000,1180.0000,1159.0000,1165.0000,71200,0
POLY.L,D,20121225,000000,1165.0000,1165.0000,1165.0000,1165.0000,0,0
POLY.L,D,20121227,000000,1170.0000,1194.0000,1165.0000,1189.0000,200900,0
POLY.L,D,20121228,000000,1192.0000,1197.0000,1159.3000,1169.0000,106700,0
POLY.L,D,20121231,000000,1150.0000,1177.0000,1148.0000,1175.0000,65400,0
POLY.L,D,20130101,000000,1175.0000,1175.0000,1175.0000,1175.0000,0,0
POLY.L,D,20130102,000000,1177.0000,1231.0000,1177.0000,1218.0000,260000,0
POLY.L,D,20130103,000000,1220.0000,1228.0000,1202.0000,1219.0000,183200,0
POLY.L,D,20130104,000000,1210.0000,1210.0000,1171.0000,1174.0000,462200,0
POLY.L,D,20130107,000000,1174.0000,1179.2500,1149.0000,1151.0000,270600,0
POLY.L,D,20130108,000000,1144.0000,1160.5000,1138.0000,1147.0000,615700,0
POLY.L,D,20130109,000000,1149.0000,1160.0000,1130.0000,1135.0000,508100,0
POLY.L,D,20130110,000000,1142.0000,1152.0000,1121.0000,1147.0000,433100,0
POLY.L,D,20130111,000000,1148.0000,1161.0000,1139.0000,1158.0000,398800,0
POLY.L,D,20130114,000000,1154.0000,1158.7900,1136.0000,1136.0000,282400,0
POLY.L,D,20130115,000000,1130.0000,1130.0000,1095.0000,1104.0000,543100,0
POLY.L,D,20130116,000000,1107.0000,1112.0000,1094.0000,1097.0000,319600,0
POLY.L,D,20130117,000000,1091.0000,1094.0000,1076.0000,1084.0000,272500,0
POLY.L,D,20130118,000000,1082.0000,1099.0000,1077.0000,1081.0000,251500,0
POLY.L,D,20130121,000000,1089.0000,1090.0000,1060.0000,1075.0000,273000,0
POLY.L,D,20130122,000000,1072.0000,1075.3500,1032.0000,1055.0000,507500,0
POLY.L,D,20130123,000000,1059.0000,1086.0000,1055.0000,1059.0000,354400,0
POLY.L,D,20130124,000000,1055.0000,1111.0000,1052.0000,1090.0000,1152900,0
POLY.L,D,20130125,000000,1108.0000,1119.0000,1101.0000,1116.0000,1005600,0
POLY.L,D,20130128,000000,1104.0000,1137.0000,1102.5000,1109.0000,573700,0
POLY.L,D,20130129,000000,1112.0000,1116.0000,1101.0000,1110.0000,637900,0
POLY.L,D,20130130,000000,1100.0000,1114.0000,1070.0000,1088.0000,1135400,0
POLY.L,D,20130131,000000,1083.0000,1090.0000,1063.0000,1072.0000,402800,0
POLY.L,D,20130201,000000,1076.0000,1098.0000,1072.0000,1093.0000,306500,0
POLY.L,D,20130204,000000,1094.0000,1107.0000,1072.3400,1075.0000,513800,0
POLY.L,D,20130205,000000,1075.0000,1090.0000,1066.0000,1067.0000,271100,0
POLY.L,D,20130206,000000,1072.0000,1095.0000,1065.0000,1078.0000,255500,0
POLY.L,D,20130207,000000,1080.0000,1083.2100,1049.0000,1054.0000,429900,0
POLY.L,D,20130208,000000,1059.0000,1073.0000,1048.0000,1050.0000,293900,0
POLY.L,D,20130211,000000,1048.0000,1066.0000,1045.0000,1049.0000,264700,0
POLY.L,D,20130212,000000,1049.0000,1055.0000,1031.0000,1054.0000,288200,0
POLY.L,D,20130213,000000,1050.0000,1077.0000,1050.0000,1062.0000,467000,0
POLY.L,D,20130214,000000,1061.0000,1067.0000,1019.0000,1022.0000,369200,0
POLY.L,D,20130215,000000,1032.0000,1032.0000,997.5000,997.5000,581900,0
POLY.L,D,20130218,000000,1002.0000,1012.0000,995.5000,999.0000,351400,0
POLY.L,D,20130219,000000,997.5000,1013.0000,995.0000,1007.0000,239300,0
POLY.L,D,20130220,000000,1010.0000,1030.0000,965.0000,967.5000,583200,0
POLY.L,D,20130221,000000,968.0000,970.0000,939.3050,946.0000,1426700,0
POLY.L,D,20130222,000000,955.0000,983.0000,955.0000,982.5000,770400,0
POLY.L,D,20130225,000000,977.0000,1015.0000,976.5000,1004.0000,753900,0
POLY.L,D,20130226,000000,981.5000,1000.0000,977.0000,998.5000,706300,0
POLY.L,D,20130227,000000,999.0000,1016.0000,988.5000,1013.0000,411500,0
POLY.L,D,20130228,000000,1019.0000,1022.0000,991.5000,999.0000,435200,0
POLY.L,D,20130301,000000,988.5000,1010.0000,961.0000,1002.0000,666400,0
POLY.L,D,20130304,000000,986.5000,993.0000,969.0000,985.0000,578200,0
POLY.L,D,20130305,000000,990.0000,1007.0000,972.0000,989.0000,427100,0
POLY.L,D,20130306,000000,992.0000,993.5000,973.5000,975.5000,229400,0
POLY.L,D,20130307,000000,955.5000,981.5000,950.0000,951.5000,810900,0
POLY.L,D,20130308,000000,957.0000,962.0000,940.5000,944.0000,846700,0
POLY.L,D,20130311,000000,940.0000,946.0000,935.0000,936.5000,728900,0
POLY.L,D,20130312,000000,935.0000,944.0000,930.0000,938.5000,990000,0
POLY.L,D,20130313,000000,935.0000,941.5000,925.0000,930.5000,1113000,0
POLY.L,D,20130314,000000,925.5000,940.0000,920.5000,937.0000,587800,0
POLY.L,D,20130315,000000,946.0000,946.0000,915.0000,916.0000,2858700,0
POLY.L,D,20130318,000000,901.5000,913.5000,878.0000,880.5000,1148400,0
POLY.L,D,20130319,000000,870.5000,875.5000,839.5000,857.5000,1503100,0
POLY.L,D,20130320,000000,862.0000,879.5000,859.5000,870.0000,621800,0
POLY.L,D,20130321,000000,872.5000,880.5000,855.5000,876.0000,993100,0
POLY.L,D,20130322,000000,871.5000,879.5000,868.5000,872.5000,828600,0
POLY.L,D,20130325,000000,874.0000,891.0000,855.5000,857.5000,665400,0
POLY.L,D,20130326,000000,865.5000,883.0000,857.0000,881.0000,921700,0
POLY.L,D,20130327,000000,879.0000,884.0000,858.0000,867.5000,987900,0
POLY.L,D,20130328,000000,873.0000,879.5000,863.5000,866.5000,595000,0
POLY.L,D,20130329,000000,866.5000,866.5000,866.5000,866.5000,0,0
POLY.L,D,20130401,000000,866.5000,866.5000,866.5000,866.5000,0,0
POLY.L,D,20130402,000000,860.5000,883.5000,857.5000,876.5000,717700,0
POLY.L,D,20130403,000000,863.5000,873.0000,853.0000,857.5000,700800,0
POLY.L,D,20130404,000000,850.0000,871.5000,844.5000,845.5000,926100,0
POLY.L,D,20130405,000000,847.5000,859.5000,829.5000,838.0000,698100,0
POLY.L,D,20130408,000000,840.0000,890.5000,840.0000,882.0000,1186000,0
POLY.L,D,20130409,000000,880.0000,894.0000,875.0000,886.0000,782700,0
POLY.L,D,20130410,000000,885.0000,912.5000,885.0000,893.0000,992400,0
POLY.L,D,20130411,000000,884.0000,892.3400,875.0000,877.0000,435500,0
POLY.L,D,20130412,000000,877.0000,883.5000,850.1550,859.0000,403200,0
POLY.L,D,20130415,000000,838.5000,840.5000,744.0000,746.0000,2001100,0
POLY.L,D,20130416,000000,738.0000,758.0920,728.5000,744.0000,1033800,0
POLY.L,D,20130417,000000,749.0000,749.0000,700.0000,706.0000,1068700,0
POLY.L,D,20130418,000000,701.5000,728.5000,690.5000,716.5000,892000,0
POLY.L,D,20130419,000000,729.5000,739.0000,700.0000,714.0000,966100,0
POLY.L,D,20130422,000000,723.5000,727.0000,712.0000,720.0000,1044400,0
POLY.L,D,20130423,000000,723.0000,741.7100,712.5000,740.5000,502500,0
POLY.L,D,20130424,000000,741.0000,785.0000,741.0000,760.5000,909000,0
POLY.L,D,20130425,000000,761.0000,789.0000,755.0000,787.0000,1006600,0
POLY.L,D,20130426,000000,788.0000,789.5000,754.5000,757.0000,739300,0
POLY.L,D,20130429,000000,758.0000,761.5000,738.0000,739.5000,1009400,0
POLY.L,D,20130430,000000,736.0000,743.0600,692.0000,695.5000,2038700,0
POLY.L,D,20130501,000000,705.0000,710.5000,676.5000,680.0000,860300,0
POLY.L,D,20130502,000000,681.5000,709.0000,663.5000,704.0000,788100,0
POLY.L,D,20130503,000000,705.0000,741.0000,704.5000,733.5000,639200,0
POLY.L,D,20130506,000000,733.5000,733.5000,733.5000,733.5000,0,0
POLY.L,D,20130507,000000,734.5000,748.0000,729.0000,732.5000,492200,0
POLY.L,D,20130508,000000,740.0000,747.0000,727.5000,729.5000,493900,0
POLY.L,D,20130509,000000,726.5000,741.5000,725.0000,730.0000,542300,0
POLY.L,D,20130510,000000,727.5000,738.0000,693.5000,698.0000,758700,0
POLY.L,D,20130513,000000,690.5000,707.5000,690.0000,701.0000,1116900,0
POLY.L,D,20130514,000000,700.0000,721.0000,692.5000,712.0000,910100,0
POLY.L,D,20130515,000000,697.5000,698.0000,652.5000,654.5000,1396200,0
POLY.L,D,20130516,000000,659.5000,663.0000,628.5000,633.5000,987000,0
POLY.L,D,20130517,000000,633.5000,653.5000,627.1880,633.5000,805800,0
POLY.L,D,20130520,000000,640.5000,640.5000,600.0000,617.0000,947700,0
POLY.L,D,20130521,000000,625.0000,681.5000,621.0000,669.0000,1528800,0
POLY.L,D,20130522,000000,665.0000,691.5000,648.5000,674.0000,1199200,0
POLY.L,D,20130523,000000,665.0000,675.0020,652.0000,665.0000,607000,0
POLY.L,D,20130524,000000,671.0000,672.5180,646.2500,648.5000,506700,0
POLY.L,D,20130527,000000,648.5000,648.5000,648.5000,648.5000,0,0
POLY.L,D,20130528,000000,655.0000,667.0000,646.8420,665.5000,499600,0
POLY.L,D,20130529,000000,665.0000,665.0000,641.0000,658.0000,571200,0
POLY.L,D,20130530,000000,661.5000,695.5000,661.5000,690.0000,1167000,0
POLY.L,D,20130531,000000,687.5000,700.0000,679.0000,690.5000,1109700,0
POLY.L,D,20130603,000000,703.5000,718.1340,696.5000,703.5000,874700,0
POLY.L,D,20130604,000000,702.5000,708.7080,695.0000,702.0000,546000,0
POLY.L,D,20130605,000000,694.0000,709.0000,674.5000,675.5000,1619700,0
POLY.L,D,20130606,000000,681.0000,686.0000,672.5000,675.5000,827600,0
POLY.L,D,20130607,000000,675.0000,685.5000,664.5000,675.5000,996100,0
POLY.L,D,20130610,000000,682.0000,682.0000,633.0000,644.0000,1218800,0
POLY.L,D,20130611,000000,644.0000,648.5000,608.0000,617.0000,1207900,0
POLY.L,D,20130612,000000,622.0000,631.0000,611.0000,628.0000,677100,0
POLY.L,D,20130613,000000,615.0000,642.0000,615.0000,639.0000,781700,0
POLY.L,D,20130614,000000,636.5000,650.5000,632.5000,649.5000,965600,0
POLY.L,D,20130617,000000,662.0000,662.0000,644.0000,650.5000,577900,0
POLY.L,D,20130618,000000,650.0000,655.5000,636.0000,638.0000,528400,0
POLY.L,D,20130619,000000,641.0000,643.0000,611.5000,614.5000,1008000,0
POLY.L,D,20130620,000000,606.0000,606.0000,539.0000,541.0000,2120900,0
POLY.L,D,20130621,000000,540.0000,588.0000,514.0000,525.5000,6412900,0
POLY.L,D,20130624,000000,525.0000,525.0000,493.3000,493.3000,1353900,0
POLY.L,D,20130625,000000,500.5000,506.5000,482.4000,492.0000,1187200,0
POLY.L,D,20130626,000000,491.3000,492.1000,462.4000,464.0000,1536500,0
POLY.L,D,20130627,000000,464.1000,469.8000,440.2000,455.8000,1133400,0
POLY.L,D,20130628,000000,455.9000,467.1180,439.5000,453.4000,1794900,0
POLY.L,D,20130701,000000,460.0000,486.4000,460.0000,485.2000,1221100,0
POLY.L,D,20130702,000000,481.4000,513.5000,479.8000,494.2000,1463600,0
POLY.L,D,20130703,000000,487.5000,496.6000,464.5000,481.5000,1481000,0
POLY.L,D,20130704,000000,489.7000,511.0000,481.8000,503.5000,1258000,0
POLY.L,D,20130705,000000,507.0000,513.0000,470.1000,472.4000,1362500,0
POLY.L,D,20130708,000000,470.6000,479.8000,461.8000,474.4000,1374200,0
POLY.L,D,20130709,000000,481.4000,510.0000,478.1000,506.0000,1507000,0
POLY.L,D,20130710,000000,505.0000,505.0000,475.0000,479.1000,684600,0
POLY.L,D,20130711,000000,497.0000,531.0000,497.0000,519.0000,1371000,0
POLY.L,D,20130712,000000,513.5000,520.0000,500.5000,506.0000,1490300,0
POLY.L,D,20130715,000000,509.0000,523.0000,504.5000,515.5000,971800,0
POLY.L,D,20130716,000000,510.5000,555.5000,510.5000,552.5000,756300,0
POLY.L,D,20130717,000000,550.5000,578.0000,550.5000,571.5000,1286000,0
POLY.L,D,20130718,000000,568.0000,585.8140,552.0000,583.0000,669500,0
POLY.L,D,20130719,000000,580.0000,610.0000,552.5000,597.0000,1509300,0
POLY.L,D,20130722,000000,604.5000,634.0540,602.0000,624.5000,819900,0
POLY.L,D,20130723,000000,621.5000,645.0000,621.5000,640.5000,770400,0
POLY.L,D,20130724,000000,628.5000,646.0600,619.0000,628.5000,1002600,0
POLY.L,D,20130725,000000,625.0000,628.0000,606.0000,621.5000,816700,0
POLY.L,D,20130726,000000,630.0000,645.0000,615.5000,625.5000,732300,0
POLY.L,D,20130729,000000,630.0000,642.5000,614.5000,636.5000,670100,0
POLY.L,D,20130730,000000,636.0000,646.0000,619.5000,645.0000,1563200,0
POLY.L,D,20130731,000000,639.0000,650.0000,636.0000,646.5000,978500,0
POLY.L,D,20130801,000000,655.0000,691.5000,643.0000,675.5000,1066300,0
POLY.L,D,20130802,000000,670.0000,672.5000,641.5000,670.5000,1464000,0
POLY.L,D,20130805,000000,659.0000,669.5000,654.0000,667.5000,775500,0
POLY.L,D,20130806,000000,665.0000,668.0000,631.0000,637.0000,1515700,0
POLY.L,D,20130807,000000,640.0000,656.0000,621.5000,652.5000,1520400,0
POLY.L,D,20130808,000000,662.0000,695.5000,655.5000,693.0000,933500,0
POLY.L,D,20130809,000000,691.5000,723.5000,687.0000,716.5000,1236400,0
POLY.L,D,20130812,000000,721.0000,744.0000,721.0000,727.0000,2616600,0
POLY.L,D,20130813,000000,724.5000,761.0000,724.5000,755.5000,1129100,0
POLY.L,D,20130814,000000,749.5000,755.5000,731.3700,747.0000,725900,0
POLY.L,D,20130815,000000,752.0000,752.5000,714.6800,718.5000,884600,0
POLY.L,D,20130816,000000,740.5000,786.0450,740.5000,783.5000,996100,0
POLY.L,D,20130819,000000,791.0000,791.0000,767.0000,784.5000,1003600,0
POLY.L,D,20130820,000000,785.0000,797.0000,755.5000,793.5000,1291500,0
POLY.L,D,20130821,000000,798.5000,798.5000,765.0000,787.0000,560100,0
POLY.L,D,20130822,000000,787.0000,811.5000,786.5000,802.5000,934200,0
POLY.L,D,20130823,000000,789.5000,812.0000,782.0000,809.5000,816100,0
POLY.L,D,20130826,000000,809.5000,809.5000,809.5000,809.5000,0,0
POLY.L,D,20130827,000000,711.0000,792.5000,711.0000,741.0000,1831700,0
POLY.L,D,20130828,000000,732.5000,732.5000,668.0000,698.0000,3307500,0
POLY.L,D,20130829,000000,689.0000,736.0000,681.0000,730.5000,2848700,0
POLY.L,D,20130830,000000,710.0000,768.3350,704.5000,755.5000,2316400,0
POLY.L,D,20130902,000000,754.5000,767.0000,727.0000,736.0000,771900,0
POLY.L,D,20130903,000000,725.0000,746.5000,724.4800,743.0000,653400,0
POLY.L,D,20130904,000000,747.5000,759.0000,731.5000,749.0000,626800,0
POLY.L,D,20130905,000000,760.0000,761.5000,739.0000,746.5000,750000,0
POLY.L,D,20130906,000000,743.0000,774.0000,725.0000,769.0000,1476800,0
POLY.L,D,20130909,000000,772.0000,781.0000,764.5000,767.5000,526100,0
POLY.L,D,20130910,000000,769.0000,777.0000,744.0000,756.0000,927900,0
POLY.L,D,20130911,000000,763.0000,764.0000,727.0000,736.5000,1691600,0
POLY.L,D,20130912,000000,735.0000,751.5000,721.0000,735.0000,2136500,0
POLY.L,D,20130913,000000,728.0000,728.0000,698.0000,709.5000,2738300,0
POLY.L,D,20130916,000000,688.5000,697.0000,632.0000,659.5000,3968700,0
POLY.L,D,20130917,000000,651.0000,681.5200,643.5000,655.5000,2360400,0
POLY.L,D,20130918,000000,649.5000,676.0000,649.5000,654.0000,2545400,0
POLY.L,D,20130919,000000,749.0000,784.0000,704.5000,705.5000,1380200,0
POLY.L,D,20130920,000000,710.0000,711.0000,665.0000,669.0000,1783800,0
POLY.L,D,20130923,000000,681.0000,681.0000,645.0000,658.0000,1090200,0
POLY.L,D,20130924,000000,661.0000,702.5000,651.5000,677.0000,2502200,0
POLY.L,D,20130925,000000,669.5000,681.0000,656.0000,662.0000,2595800,0
POLY.L,D,20130926,000000,666.5000,689.5000,659.5000,689.5000,2183200,0
POLY.L,D,20130927,000000,679.0000,681.5000,661.0000,670.0000,1468000,0
POLY.L,D,20130930,000000,654.5000,662.5000,646.0000,654.0000,950700,0
POLY.L,D,20131001,000000,654.0000,656.0000,617.0000,626.5000,1327900,0
POLY.L,D,20131002,000000,621.5000,653.5000,616.0000,648.0000,829800,0
POLY.L,D,20131003,000000,642.5000,651.0000,622.5000,626.0000,928300,0
POLY.L,D,20131004,000000,621.0000,627.0000,612.0000,624.0000,781800,0
POLY.L,D,20131007,000000,616.0000,625.5000,605.0000,610.5000,805200,0
POLY.L,D,20131008,000000,606.0000,611.0000,588.3000,603.5000,1228300,0
POLY.L,D,20131009,000000,611.5000,611.5000,588.5000,594.0000,1414200,0
POLY.L,D,20131010,000000,595.0000,613.5000,586.5000,590.0000,1109900,0
POLY.L,D,20131011,000000,595.5000,600.5000,551.5000,559.0000,966300,0
POLY.L,D,20131014,000000,563.5000,567.0000,550.4430,559.5000,809200,0
POLY.L,D,20131015,000000,563.5000,570.5000,542.5000,548.5000,1001200,0
POLY.L,D,20131016,000000,541.0000,547.5000,518.0000,525.0000,1323400,0
POLY.L,D,20131017,000000,530.0000,573.5000,520.5000,570.0000,1346900,0
POLY.L,D,20131018,000000,583.0000,605.5000,535.0580,601.0000,1571100,0
POLY.L,D,20131021,000000,606.0000,622.0000,595.0000,596.0000,628500,0
POLY.L,D,20131022,000000,588.0000,618.5000,584.5000,614.0000,742700,0
POLY.L,D,20131023,000000,605.0000,615.0000,594.0000,597.5000,923900,0
POLY.L,D,20131024,000000,610.0000,612.5000,598.8560,606.5000,361400,0
POLY.L,D,20131025,000000,618.0000,629.5000,610.0000,612.5000,631000,0
POLY.L,D,20131028,000000,619.5000,621.0000,601.5000,618.5000,448700,0
POLY.L,D,20131029,000000,608.5000,623.5000,608.5000,616.0000,768200,0
POLY.L,D,20131030,000000,609.0000,622.0000,609.0000,622.0000,387000,0
POLY.L,D,20131031,000000,613.0000,615.5000,594.5000,599.5000,641800,0
POLY.L,D,20131101,000000,598.0000,599.5400,560.0000,566.5000,656300,0
POLY.L,D,20131104,000000,562.5000,582.5000,562.5000,571.5000,578600,0
POLY.L,D,20131105,000000,576.5000,602.0000,575.5000,595.5000,693200,0
POLY.L,D,20131106,000000,591.5000,601.0000,573.0000,577.5000,715600,0
POLY.L,D,20131107,000000,569.0000,610.5000,569.0000,587.0000,962500,0
POLY.L,D,20131108,000000,577.0000,590.5000,559.0000,567.5000,828000,0
POLY.L,D,20131111,000000,568.5000,572.2500,559.5000,567.5000,415000,0
POLY.L,D,20131112,000000,558.0000,559.5000,530.0000,536.5000,886200,0
POLY.L,D,20131113,000000,541.0000,552.0000,525.0000,545.0000,1170700,0
POLY.L,D,20131114,000000,545.0000,561.5000,543.0000,557.0000,989700,0
POLY.L,D,20131115,000000,551.5000,573.5000,551.0000,558.0000,690100,0
POLY.L,D,20131118,000000,550.0000,567.0000,543.5000,556.0000,317300,0
POLY.L,D,20131119,000000,552.0000,567.0000,540.0000,556.0000,409700,0
POLY.L,D,20131120,000000,549.5000,560.5000,535.5000,541.0000,500400,0
POLY.L,D,20131121,000000,543.0000,543.0000,513.0000,520.0000,602800,0
POLY.L,D,20131122,000000,521.5000,528.8700,500.0000,524.0000,1120000,0
POLY.L,D,20131125,000000,521.0000,531.0000,508.5000,511.0000,467700,0
POLY.L,D,20131126,000000,517.5000,519.0000,500.0000,507.0000,472700,0
POLY.L,D,20131127,000000,503.5000,533.1090,503.5000,527.0000,1285600,0
POLY.L,D,20131128,000000,532.0000,546.5000,526.5000,543.5000,553400,0
POLY.L,D,20131129,000000,540.0000,550.5000,528.5000,533.5000,428100,0
POLY.L,D,20131202,000000,531.5000,541.0000,509.0000,510.0000,595900,0
POLY.L,D,20131203,000000,504.0000,509.0000,473.8000,498.0000,2851000,0
POLY.L,D,20131204,000000,503.0000,515.0000,482.2000,500.5000,1116000,0
POLY.L,D,20131205,000000,489.0000,513.5000,470.0000,477.3000,1244800,0
POLY.L,D,20131206,000000,484.1000,504.0000,477.7000,498.2000,1507700,0
POLY.L,D,20131209,000000,503.5000,514.5000,481.4000,507.0000,1255000,0
POLY.L,D,20131210,000000,507.5000,526.3700,499.5000,514.0000,1037800,0
POLY.L,D,20131211,000000,518.0000,518.0000,494.3000,496.9000,6112400,0
POLY.L,D,20131212,000000,494.3000,503.5000,481.0000,498.2000,1398900,0
POLY.L,D,20131213,000000,494.2000,503.4000,486.6000,496.3000,633700,0
POLY.L,D,20131216,000000,498.1000,518.1800,491.3380,512.5000,758200,0
POLY.L,D,20131217,000000,508.0000,510.5000,495.3000,506.0000,921200,0
POLY.L,D,20131218,000000,498.8000,526.5000,498.8000,517.5000,1582200,0
POLY.L,D,20131219,000000,525.0000,526.5000,500.0000,516.0000,1242800,0
POLY.L,D,20131220,000000,512.0000,512.0000,470.4000,493.1000,4474900,0
POLY.L,D,20131223,000000,489.1000,516.0000,475.9000,511.5000,1807100,0
POLY.L,D,20131224,000000,498.0000,546.0000,498.0000,530.0000,387600,0
POLY.L,D,20131225,000000,530.0000,530.0000,530.0000,530.0000,0,0
POLY.L,D,20131226,000000,530.0000,530.0000,530.0000,530.0000,0,0
POLY.L,D,20131227,000000,531.0000,576.0000,520.0000,565.0000,1126300,0
POLY.L,D,20131230,000000,562.0000,583.5000,558.6620,577.5000,783300,0
POLY.L,D,20131231,000000,573.0000,587.0000,572.0120,575.0000,211100,0
POLY.L,D,20140101,000000,575.0000,575.0000,575.0000,575.0000,0,0
POLY.L,D,20140102,000000,573.5000,594.0000,566.0000,584.5000,946000,0
POLY.L,D,20140103,000000,586.0000,602.0000,573.5000,591.0000,666500,0
POLY.L,D,20140106,000000,588.0000,588.0000,560.9130,564.5000,1056100,0
POLY.L,D,20140107,000000,569.0000,582.5000,551.5000,569.0000,1134100,0
POLY.L,D,20140108,000000,569.0000,579.2320,552.0000,572.0000,973400,0
POLY.L,D,20140109,000000,566.5000,567.5000,527.0000,528.0000,1273600,0
POLY.L,D,20140110,000000,530.5000,547.0000,527.5000,530.0000,996300,0
POLY.L,D,20140113,000000,529.5000,545.0000,525.5000,535.5000,793900,0
POLY.L,D,20140114,000000,529.0000,542.5000,522.0000,530.0000,1173100,0
POLY.L,D,20140115,000000,534.5000,537.5000,501.0000,514.0000,1480200,0
POLY.L,D,20140116,000000,525.0000,554.0000,513.0000,543.5000,1870300,0
POLY.L,D,20140117,000000,545.5000,558.0000,528.0000,539.0000,2403000,0
POLY.L,D,20140120,000000,543.5000,570.5000,540.3000,570.0000,1234000,0
POLY.L,D,20140121,000000,577.0000,599.0000,565.5000,569.5000,1122300,0
POLY.L,D,20140122,000000,575.0000,581.2400,557.0000,558.5000,645500,0
POLY.L,D,20140123,000000,556.0000,587.0000,546.8000,586.0000,999300,0
POLY.L,D,20140124,000000,582.5000,603.5000,565.5000,596.0000,1572200,0
POLY.L,D,20140127,000000,594.0000,610.0000,586.5000,601.5000,1324100,0
POLY.L,D,20140128,000000,601.0000,607.5000,585.5000,590.0000,621800,0
POLY.L,D,20140129,000000,600.5000,609.0000,588.5000,600.5000,993100,0
POLY.L,D,20140130,000000,601.0000,601.0000,575.0000,579.5000,940300,0
POLY.L,D,20140131,000000,583.0000,593.3000,568.5000,577.5000,815200,0
POLY.L,D,20140203,000000,578.0000,592.0000,575.5000,582.0000,950300,0
POLY.L,D,20140204,000000,577.0000,589.0000,569.5000,584.0000,578000,0
POLY.L,D,20140205,000000,582.0000,596.0000,570.0000,592.0000,598600,0
POLY.L,D,20140206,000000,597.0000,600.0000,582.5000,585.5000,588600,0
POLY.L,D,20140207,000000,592.0000,596.0000,583.0000,593.5000,438300,0
POLY.L,D,20140210,000000,600.5000,605.0000,598.0000,604.0000,562500,0
POLY.L,D,20140211,000000,617.5000,631.0000,612.0000,630.0000,1597800,0
POLY.L,D,20140212,000000,637.0000,645.0000,627.0000,642.0000,4466500,0
POLY.L,D,20140213,000000,638.0000,639.5000,617.0000,636.5000,837000,0
POLY.L,D,20140214,000000,639.0000,661.5000,639.0000,657.5000,726600,0
POLY.L,D,20140217,000000,666.5000,690.0000,666.5000,684.0000,1248300,0
POLY.L,D,20140218,000000,681.5000,681.5000,655.5000,671.0000,1553900,0
POLY.L,D,20140219,000000,672.5000,677.5000,654.0000,660.0000,880300,0
POLY.L,D,20140220,000000,650.5000,650.5000,630.5000,641.0000,658900,0
POLY.L,D,20140221,000000,638.5000,664.0000,638.5000,660.0000,535100,0
POLY.L,D,20140224,000000,661.5000,662.1450,645.5000,660.5000,428900,0
POLY.L,D,20140225,000000,663.0000,663.0000,640.0000,656.0000,955000,0
POLY.L,D,20140226,000000,649.0000,660.0000,640.0000,640.0000,336600,0
POLY.L,D,20140227,000000,635.5000,650.0000,629.2000,650.0000,484700,0
POLY.L,D,20140228,000000,657.0000,657.0000,629.5000,633.5000,419800,0
POLY.L,D,20140303,000000,618.0000,629.0000,556.5000,560.5000,2075400,0
POLY.L,D,20140304,000000,580.0000,589.2000,565.0000,579.0000,1500500,0
POLY.L,D,20140305,000000,568.0000,572.0000,550.5000,568.5000,608700,0
POLY.L,D,20140306,000000,564.5000,601.5000,564.5000,591.0000,613600,0
POLY.L,D,20140307,000000,597.0000,601.5000,562.0000,565.0000,622300,0
POLY.L,D,20140310,000000,565.0000,568.7400,543.5000,550.5000,602500,0
POLY.L,D,20140311,000000,556.5000,562.5000,545.0000,553.5000,727900,0
POLY.L,D,20140312,000000,562.0000,567.5000,544.5000,559.0000,455500,0
POLY.L,D,20140313,000000,561.0000,566.5000,551.5000,557.5000,607000,0
POLY.L,D,20140314,000000,549.5000,572.5000,540.0000,569.5000,494400,0
POLY.L,D,20140317,000000,573.5000,627.5000,568.1000,622.0000,1226300,0
POLY.L,D,20140318,000000,625.5000,639.5000,607.5000,636.0000,585900,0
POLY.L,D,20140319,000000,629.5000,636.5000,606.5000,612.0000,645700,0
POLY.L,D,20140320,000000,611.0000,620.0000,599.5000,614.0000,474500,0
POLY.L,D,20140321,000000,616.5000,637.5000,616.0000,626.5000,660900,0
POLY.L,D,20140324,000000,629.5000,630.5000,608.5000,610.0000,317700,0
POLY.L,D,20140325,000000,605.5000,612.0000,580.0000,595.0000,675900,0
POLY.L,D,20140326,000000,593.5000,615.3500,593.5000,603.0000,518000,0
POLY.L,D,20140327,000000,598.5000,608.0240,585.0000,601.0000,505700,0
POLY.L,D,20140328,000000,609.5000,617.5000,588.0000,615.5000,337900,0
POLY.L,D,20140331,000000,605.0000,633.5000,596.0000,620.5000,446400,0
POLY.L,D,20140401,000000,619.0000,642.0000,619.0000,641.5000,261800,0
POLY.L,D,20140402,000000,635.0000,645.0000,609.5000,638.0000,494700,0
POLY.L,D,20140403,000000,634.5000,642.0000,601.5000,605.0000,872000,0
POLY.L,D,20140404,000000,596.5000,632.6200,596.5000,626.0000,630400,0
POLY.L,D,20140407,000000,617.5000,632.5000,613.0000,624.5000,361900,0
POLY.L,D,20140408,000000,632.0000,642.0000,623.5000,634.0000,927800,0
POLY.L,D,20140409,000000,635.5000,640.5000,601.2920,609.5000,753700,0
POLY.L,D,20140410,000000,617.5000,622.5000,612.0000,620.0000,371600,0
POLY.L,D,20140411,000000,612.5000,622.0000,603.5000,612.5000,209800,0
POLY.L,D,20140414,000000,616.0000,641.5000,609.0000,641.0000,340100,0
POLY.L,D,20140415,000000,639.0000,639.0000,607.0000,615.0000,411600,0
POLY.L,D,20140416,000000,625.0000,628.0000,605.0000,614.5000,282900,0
POLY.L,D,20140417,000000,609.0000,617.9000,595.5000,613.5000,258700,0
POLY.L,D,20140418,000000,613.5000,613.5000,613.5000,613.5000,0,0
POLY.L,D,20140421,000000,613.5000,613.5000,613.5000,613.5000,0,0
POLY.L,D,20140422,000000,617.5000,617.5000,601.0000,608.0000,274400,0
POLY.L,D,20140423,000000,602.5000,617.0000,601.0000,605.0000,281600,0
POLY.L,D,20140424,000000,605.0000,619.5000,597.0000,610.5000,457200,0
POLY.L,D,20140425,000000,600.0000,608.5000,586.5000,591.5000,284400,0
POLY.L,D,20140428,000000,592.5000,592.5000,580.0000,585.0000,2132700,0
POLY.L,D,20140429,000000,586.5000,593.5000,578.0000,588.0000,160200,0
POLY.L,D,20140430,000000,599.5000,599.5000,550.0000,566.0000,500700,0
POLY.L,D,20140501,000000,554.0000,561.2000,540.5000,548.0000,192300,0
POLY.L,D,20140502,000000,540.0000,562.0000,540.0000,562.0000,311100,0
POLY.L,D,20140505,000000,562.0000,562.0000,562.0000,562.0000,0,0
POLY.L,D,20140506,000000,554.5000,560.5000,543.0000,558.0000,279400,0
POLY.L,D,20140507,000000,557.5000,564.0000,547.0000,560.0000,206700,0
POLY.L,D,20140508,000000,564.5000,577.0000,561.0000,562.0000,175000,0
POLY.L,D,20140509,000000,559.0000,568.5000,548.0000,552.5000,152500,0
POLY.L,D,20140512,000000,560.0000,583.5000,560.0000,567.0000,307800,0
POLY.L,D,20140513,000000,569.0000,589.5000,560.5000,566.5000,259900,0
POLY.L,D,20140514,000000,570.0000,580.0000,561.5300,569.5000,260500,0
POLY.L,D,20140515,000000,570.0000,589.5000,557.0000,557.0000,286800,0
POLY.L,D,20140516,000000,561.0000,564.0000,539.0000,560.0000,276600,0
POLY.L,D,20140519,000000,565.0000,575.0000,551.0000,556.0000,272800,0
POLY.L,D,20140520,000000,561.0000,576.5000,549.0000,553.0000,179900,0
POLY.L,D,20140521,000000,557.5000,557.5000,538.0280,543.0000,293100,0
POLY.L,D,20140522,000000,545.0000,550.0000,507.0000,510.5000,1736300,0
POLY.L,D,20140523,000000,502.0000,511.5000,492.3000,508.5000,2406000,0
POLY.L,D,20140526,000000,508.5000,508.5000,508.5000,508.5000,0,0
POLY.L,D,20140527,000000,510.5000,536.0000,506.5000,519.5000,1670700,0
POLY.L,D,20140528,000000,517.5000,533.5000,514.0000,522.5000,415900,0
POLY.L,D,20140529,000000,519.0000,533.0000,518.0000,531.5000,193700,0
POLY.L,D,20140530,000000,527.5000,537.0000,521.5000,523.0000,271700,0
POLY.L,D,20140602,000000,528.0000,538.5700,526.0000,530.5000,257700,0
POLY.L,D,20140603,000000,528.5000,531.7000,517.5000,523.5000,325400,0
POLY.L,D,20140604,000000,524.5000,534.0000,519.0000,524.5000,248500,0
POLY.L,D,20140605,000000,524.5000,532.5000,513.5200,526.5000,327100,0
POLY.L,D,20140606,000000,529.5000,549.5000,520.0000,548.5000,502600,0
POLY.L,D,20140609,000000,548.5000,555.5000,542.0000,545.5000,226400,0
POLY.L,D,20140610,000000,540.5000,551.0000,534.0000,536.5000,267800,0
POLY.L,D,20140611,000000,549.5000,560.0000,537.5000,555.0000,541300,0
POLY.L,D,20140612,000000,552.5000,554.0000,535.5000,537.5000,397200,0
POLY.L,D,20140613,000000,531.0000,541.5000,529.0000,538.0000,339900,0
POLY.L,D,20140616,000000,538.0000,568.5000,536.5000,543.5000,1591700,0
POLY.L,D,20140617,000000,548.5000,548.5000,516.5000,526.5000,567000,0
POLY.L,D,20140618,000000,531.0000,546.0000,521.5000,537.0000,452900,0
POLY.L,D,20140619,000000,543.5000,569.2770,540.5000,559.5000,1165500,0
POLY.L,D,20140620,000000,561.0000,575.0000,559.5000,563.5000,850500,0
POLY.L,D,20140623,000000,569.5000,573.5000,567.0000,568.5000,272700,0
POLY.L,D,20140624,000000,575.5000,575.5000,563.0000,563.5000,413300,0
POLY.L,D,20140625,000000,564.0000,564.0000,549.5000,552.5000,258800,0
POLY.L,D,20140626,000000,558.0000,577.0000,547.5000,574.0000,318000,0
POLY.L,D,20140627,000000,574.0000,584.0000,563.5000,568.5000,268900,0
POLY.L,D,20140630,000000,564.5000,585.5000,562.0000,578.5000,233000,0
POLY.L,D,20140701,000000,583.0000,603.5000,574.0000,592.0000,643300,0
POLY.L,D,20140702,000000,589.5000,601.5000,583.5000,593.0000,427200,0
POLY.L,D,20140703,000000,587.5000,601.5000,580.5000,586.5000,538500,0
POLY.L,D,20140704,000000,582.0000,593.0000,579.5000,586.0000,301200,0
POLY.L,D,20140707,000000,579.5000,583.2800,569.5000,579.0000,252700,0
POLY.L,D,20140708,000000,582.0000,587.0000,567.5000,568.5000,504600,0
POLY.L,D,20140709,000000,572.5000,579.0580,564.5000,575.5000,193000,0
POLY.L,D,20140710,000000,577.5000,584.0000,572.5000,581.0000,340200,0
POLY.L,D,20140711,000000,585.0000,585.0000,559.5000,564.5000,359700,0
POLY.L,D,20140714,000000,565.0000,576.5000,557.5000,560.5000,379200,0
POLY.L,D,20140715,000000,554.5000,570.5180,544.5000,550.0000,320700,0
POLY.L,D,20140716,000000,554.0000,558.6660,540.5000,558.0000,411100,0
POLY.L,D,20140717,000000,552.5000,556.8200,536.3800,538.0000,286200,0
POLY.L,D,20140718,000000,531.5000,544.5000,519.0000,532.0000,669000,0
POLY.L,D,20140721,000000,523.5000,538.0000,520.2590,537.0000,198700,0
POLY.L,D,20140722,000000,546.5000,552.0000,537.2500,547.0000,185200,0
POLY.L,D,20140723,000000,550.0000,553.5000,541.5000,549.5000,229400,0
POLY.L,D,20140724,000000,548.5000,548.5000,531.0000,533.0000,264800,0
POLY.L,D,20140725,000000,536.0000,542.0000,530.0000,542.0000,201300,0
POLY.L,D,20140728,000000,535.5000,549.5000,526.0000,531.0000,209000,0
POLY.L,D,20140729,000000,538.0000,538.0000,525.5000,527.0000,293200,0
POLY.L,D,20140730,000000,530.5000,532.0000,514.5000,523.0000,199900,0
POLY.L,D,20140731,000000,527.5000,530.0000,502.0000,507.5000,491000,0
POLY.L,D,20140801,000000,505.5000,515.0360,494.2000,508.5000,541600,0
POLY.L,D,20140804,000000,513.5000,516.5000,504.5560,512.5000,155800,0
POLY.L,D,20140805,000000,508.5000,520.8300,503.0000,507.5000,209500,0
POLY.L,D,20140806,000000,502.0000,535.0000,501.0000,531.5000,380400,0
POLY.L,D,20140807,000000,534.0000,543.0000,515.0000,516.5000,408500,0
POLY.L,D,20140808,000000,518.0000,532.0000,511.5000,515.5000,6362800,0
POLY.L,D,20140811,000000,524.5000,538.5000,520.5000,532.0000,232800,0
POLY.L,D,20140812,000000,527.0000,539.5000,527.0000,533.5000,187900,0
POLY.L,D,20140813,000000,535.0000,538.0000,524.0000,535.0000,212000,0
POLY.L,D,20140814,000000,531.0000,553.0000,530.5000,545.5000,214900,0
POLY.L,D,20140815,000000,548.0000,556.3200,540.5000,542.0000,392400,0
POLY.L,D,20140818,000000,544.0000,546.2000,535.0000,535.5000,160600,0
POLY.L,D,20140819,000000,542.5000,550.5000,528.0000,530.5000,306200,0
POLY.L,D,20140820,000000,528.5000,534.0000,524.5000,528.0000,234100,0
POLY.L,D,20140821,000000,540.5000,546.0000,520.0000,521.0000,405200,0
POLY.L,D,20140822,000000,522.5000,526.0000,508.0000,516.5000,403900,0
POLY.L,D,20140825,000000,516.5000,516.5000,516.5000,516.5000,0,0
POLY.L,D,20140826,000000,519.0000,524.5000,502.0000,523.0000,556800,0
POLY.L,D,20140827,000000,521.5000,546.5000,519.0000,540.5000,591600,0
POLY.L,D,20140828,000000,538.5000,541.0000,527.0000,532.5000,329600,0
POLY.L,D,20140829,000000,539.0000,543.0000,529.0000,541.0000,343100,0
POLY.L,D,20140901,000000,542.5000,547.5000,534.5000,538.5000,302000,0
POLY.L,D,20140902,000000,537.5000,544.5000,529.5000,534.5000,276200,0
POLY.L,D,20140903,000000,518.0000,547.5000,518.0000,524.0000,557300,0
POLY.L,D,20140904,000000,529.5000,536.5000,524.0000,532.5000,268500,0
POLY.L,D,20140905,000000,526.5000,530.0000,516.5000,519.0000,278600,0
POLY.L,D,20140908,000000,524.0000,548.0000,505.5000,506.0000,571800,0
POLY.L,D,20140909,000000,505.5000,518.2000,505.5000,513.5000,284000,0
POLY.L,D,20140910,000000,515.0000,528.0000,315.1810,514.0000,367600,0
POLY.L,D,20140911,000000,520.5000,520.5000,499.7000,503.5000,336000,0
POLY.L,D,20140912,000000,498.8000,511.5000,498.8000,505.0000,230300,0
POLY.L,D,20140915,000000,501.0000,509.5000,490.6000,505.0000,481500,0
POLY.L,D,20140916,000000,506.5000,509.0000,498.4000,502.5000,270700,0
POLY.L,D,20140917,000000,508.5000,510.0000,496.9000,501.5000,379500,0
POLY.L,D,20140918,000000,502.0000,502.5000,472.2000,481.3000,660800,0
POLY.L,D,20140919,000000,483.2000,490.8000,471.5000,475.8000,1802800,0
POLY.L,D,20140922,000000,475.7000,479.5000,466.7000,473.1000,592600,0
POLY.L,D,20140923,000000,476.0000,490.2000,468.6000,483.3000,513400,0
POLY.L,D,20140924,000000,485.1000,498.5000,483.6000,497.6000,348300,0
POLY.L,D,20140925,000000,496.0000,496.0000,470.1700,475.7000,571500,0
POLY.L,D,20140926,000000,476.1000,497.0000,473.8000,477.5000,1101100,0
POLY.L,D,20140929,000000,476.1000,505.5000,470.5000,497.2000,1406300,0
POLY.L,D,20140930,000000,498.5000,520.5000,491.8000,516.0000,1314200,0
POLY.L,D,20141001,000000,512.0000,512.0000,486.3000,496.6000,870700,0
POLY.L,D,20141002,000000,498.6000,502.0000,480.0000,497.0000,517300,0
POLY.L,D,20141003,000000,498.4000,508.0000,470.6000,480.6000,863600,0
POLY.L,D,20141006,000000,483.6000,499.9000,478.2000,490.8000,411200,0
POLY.L,D,20141007,000000,493.2000,497.5000,484.7000,486.8000,268300,0
POLY.L,D,20141008,000000,483.9000,489.5000,468.5220,470.7000,323400,0
POLY.L,D,20141009,000000,481.0000,498.6000,478.0000,480.7000,715500,0
POLY.L,D,20141010,000000,479.3000,479.4000,468.1000,471.6000,301400,0
POLY.L,D,20141013,000000,474.8000,492.4000,474.8000,483.6000,335300,0
POLY.L,D,20141014,000000,480.0000,503.5000,479.9800,491.1000,560900,0
POLY.L,D,20141015,000000,496.0000,496.0000,475.9000,478.4000,310300,0
POLY.L,D,20141016,000000,475.1000,487.0000,463.7000,475.5000,461500,0
POLY.L,D,20141017,000000,475.2000,489.9000,470.0000,482.2000,306800,0
POLY.L,D,20141020,000000,479.6000,481.1000,470.4000,470.4000,628400,0
POLY.L,D,20141021,000000,470.0000,483.1000,470.0000,472.9000,482000,0
POLY.L,D,20141022,000000,470.8000,475.1000,459.4960,465.3000,307700,0
POLY.L,D,20141023,000000,460.6000,464.0000,450.0000,463.2000,643500,0
POLY.L,D,20141024,000000,457.4000,469.0000,457.4000,468.2000,415700,0
POLY.L,D,20141027,000000,469.0000,477.7000,468.3200,473.2000,2038700,0
POLY.L,D,20141028,000000,473.0000,487.0000,470.3000,485.1000,369800,0
POLY.L,D,20141029,000000,483.6000,501.0000,471.6000,490.6000,699200,0
POLY.L,D,20141030,000000,487.2000,512.0000,474.6000,510.0000,3640500,0
POLY.L,D,20141031,000000,509.5000,532.1700,509.0000,515.0000,3319000,0
POLY.L,D,20141103,000000,509.0000,533.0000,508.5000,530.5000,978100,0
POLY.L,D,20141104,000000,525.5000,542.0000,525.5000,540.0000,1113000,0
POLY.L,D,20141105,000000,539.0000,555.0000,535.0000,555.0000,1835000,0
POLY.L,D,20141106,000000,547.5000,552.0000,527.1000,530.0000,1175500,0
POLY.L,D,20141107,000000,530.0000,536.5000,519.5000,534.5000,558500,0
POLY.L,D,20141110,000000,532.5000,553.0000,532.5000,544.5000,871800,0
POLY.L,D,20141111,000000,541.0000,545.0000,522.5000,536.5000,643000,0
POLY.L,D,20141112,000000,532.0000,541.0000,530.5000,538.0000,328700,0
POLY.L,D,20141113,000000,536.5000,538.0000,525.5000,533.0000,479700,0
POLY.L,D,20141114,000000,531.0000,531.0000,513.5000,523.5000,624700,0
POLY.L,D,20141117,000000,521.5000,540.0000,517.0000,532.0000,701600,0
POLY.L,D,20141118,000000,530.5000,548.0000,530.0000,541.0000,709900,0
POLY.L,D,20141119,000000,543.0000,547.5000,531.5000,538.5000,634900,0
POLY.L,D,20141120,000000,534.0000,541.0000,530.0000,539.0000,456000,0
POLY.L,D,20141121,000000,546.0000,567.5000,544.0000,554.0000,955000,0
POLY.L,D,20141124,000000,559.5000,586.0000,537.0000,582.0000,2611900,0
POLY.L,D,20141125,000000,577.5000,598.0000,577.5000,595.0000,877200,0
POLY.L,D,20141126,000000,599.5000,606.5000,594.2330,600.0000,1576400,0
POLY.L,D,20141127,000000,604.0000,604.0000,593.5000,600.0000,1615100,0
POLY.L,D,20141128,000000,593.5000,600.0000,593.0000,599.0000,565200,0
POLY.L,D,20141201,000000,589.5000,600.0000,586.0000,595.5000,1263200,0
POLY.L,D,20141202,000000,595.0000,600.0000,595.0000,598.5000,2001500,0
POLY.L,D,20141203,000000,596.5000,605.0500,595.5000,598.0000,1333800,0
POLY.L,D,20141204,000000,607.5000,620.2400,597.5000,599.0000,1292700,0
POLY.L,D,20141205,000000,606.0000,606.0000,593.5000,597.0000,2510200,0
POLY.L,D,20141208,000000,598.0000,604.5000,595.0000,596.5000,339700,0
POLY.L,D,20141209,000000,597.0000,600.0000,594.5000,595.0000,950600,0
POLY.L,D,20141210,000000,602.5000,620.5000,595.0000,596.0000,4392700,0
POLY.L,D,20141211,000000,601.5000,607.5000,588.0000,602.5000,573200,0
POLY.L,D,20141212,000000,602.5000,602.5000,590.0000,595.0000,957200,0
POLY.L,D,20141215,000000,593.0000,598.5000,590.3490,593.0000,5715200,0
POLY.L,D,20141216,000000,591.5000,623.5000,568.0000,605.0000,3456500,0
POLY.L,D,20141217,000000,608.5000,619.5000,599.0000,604.0000,1495300,0
POLY.L,D,20141218,000000,600.0000,608.0000,582.0000,588.0000,781500,0
POLY.L,D,20141219,000000,586.0000,589.0000,550.0000,550.0000,1557500,0
POLY.L,D,20141222,000000,561.5000,590.5000,560.5000,573.0000,738700,0
POLY.L,D,20141223,000000,574.5000,574.8290,534.3120,555.5000,509500,0
POLY.L,D,20141224,000000,541.5000,557.0000,534.1500,544.0000,101700,0
POLY.L,D,20141225,000000,544.0000,544.0000,544.0000,544.0000,0,0
POLY.L,D,20141226,000000,544.0000,544.0000,544.0000,544.0000,0,0
POLY.L,D,20141229,000000,556.5000,564.0000,548.0000,552.5000,291300,0
POLY.L,D,20141230,000000,544.0000,575.0000,539.0000,570.5000,763400,0
POLY.L,D,20141231,000000,569.0000,578.5000,559.5000,576.0000,412500,0
POLY.L,D,20150101,000000,576.0000,576.0000,576.0000,576.0000,0,0
POLY.L,D,20150102,000000,562.5000,584.0000,558.0000,569.0000,355300,0
POLY.L,D,20150105,000000,565.0000,579.0000,550.5000,561.0000,332900,0
POLY.L,D,20150106,000000,566.5000,576.0000,558.0000,568.0000,471300,0
POLY.L,D,20150107,000000,566.0000,581.0000,566.0000,580.0000,312700,0
POLY.L,D,20150108,000000,582.5000,600.0000,581.5000,596.0000,297100,0
POLY.L,D,20150109,000000,596.0000,597.5000,579.5000,585.0000,477100,0
POLY.L,D,20150112,000000,582.5000,594.5000,567.0000,570.0000,482700,0
POLY.L,D,20150113,000000,569.5000,574.5000,563.0000,567.0000,258300,0
POLY.L,D,20150114,000000,568.5000,568.5000,538.5000,539.5000,409700,0
POLY.L,D,20150115,000000,547.0000,598.0000,547.0000,591.0000,545200,0
POLY.L,D,20150116,000000,591.0000,598.0000,580.5000,587.0000,772900,0
POLY.L,D,20150119,000000,594.5000,595.0000,586.0000,590.0000,410700,0
POLY.L,D,20150120,000000,596.0000,600.0000,583.5000,598.5000,775200,0
POLY.L,D,20150121,000000,599.5000,620.5000,593.2000,607.0000,1266300,0
POLY.L,D,20150122,000000,610.0000,620.0000,604.0000,613.0000,470300,0
POLY.L,D,20150123,000000,619.5000,629.5000,609.2400,612.5000,346800,0
POLY.L,D,20150126,000000,611.0000,617.5000,601.0000,614.0000,164000,0
POLY.L,D,20150127,000000,617.0000,617.5000,591.5000,597.0000,222600,0
POLY.L,D,20150128,000000,604.0000,604.0000,588.5000,590.0000,176300,0
POLY.L,D,20150129,000000,595.0000,608.5000,585.0000,598.5000,790500,0
POLY.L,D,20150130,000000,592.5000,600.0000,587.5000,597.5000,212500,0
POLY.L,D,20150202,000000,591.5000,602.5000,590.0000,597.0000,248200,0
POLY.L,D,20150203,000000,591.5000,602.5000,591.5000,600.0000,218600,0
POLY.L,D,20150204,000000,593.5000,604.2720,585.5000,600.0000,481400,0
POLY.L,D,20150205,000000,592.0000,600.0000,585.0000,598.5000,438600,0
POLY.L,D,20150206,000000,589.5000,609.0000,583.0000,585.0000,397000,0
POLY.L,D,20150209,000000,572.5000,634.0000,572.5000,605.5000,438900,0
POLY.L,D,20150210,000000,614.5000,625.6400,595.5000,598.5000,560900,0
POLY.L,D,20150211,000000,600.0000,603.5000,583.5000,589.5000,275800,0
POLY.L,D,20150212,000000,586.0000,602.0000,586.0000,594.0000,269100,0
POLY.L,D,20150213,000000,597.0000,602.5000,581.0970,600.0000,393800,0
POLY.L,D,20150216,000000,592.0000,605.5000,590.0000,595.5000,190200,0
POLY.L,D,20150217,000000,595.5000,602.0000,592.7400,597.0000,285000,0
POLY.L,D,20150218,000000,596.0000,599.5000,586.5000,588.5000,339200,0
POLY.L,D,20150219,000000,592.0000,592.0000,580.0000,586.5000,139500,0
POLY.L,D,20150220,000000,581.0000,600.0000,580.0000,597.0000,227600,0
POLY.L,D,20150223,000000,593.5000,594.0000,559.5000,562.5000,312500,0
POLY.L,D,20150224,000000,568.0000,586.5000,564.5000,579.5000,318600,0
POLY.L,D,20150225,000000,585.5000,587.0000,561.5000,562.0000,290100,0
POLY.L,D,20150226,000000,559.0000,572.0140,558.5000,561.0000,210700,0
POLY.L,D,20150227,000000,562.5000,570.5000,559.1380,569.0000,202600,0
POLY.L,D,20150302,000000,560.5000,574.5000,558.5000,564.0000,155000,0
POLY.L,D,20150303,000000,559.0000,571.0000,557.0000,560.5000,249500,0
POLY.L,D,20150304,000000,560.0000,565.0000,538.0000,544.5000,256000,0
POLY.L,D,20150305,000000,545.0000,558.5000,540.0000,557.0000,295600,0
POLY.L,D,20150306,000000,558.0000,564.0000,542.0000,545.0000,266800,0
POLY.L,D,20150309,000000,533.0000,543.5000,517.5000,522.5000,315100,0
POLY.L,D,20150310,000000,530.5000,530.5000,514.3700,514.5000,384400,0
POLY.L,D,20150311,000000,525.0000,525.5000,501.0000,517.5000,383700,0
POLY.L,D,20150312,000000,506.5000,537.5000,506.5000,532.0000,413000,0
POLY.L,D,20150313,000000,526.5000,535.9760,515.5000,521.5000,358500,0
POLY.L,D,20150316,000000,519.0000,520.5000,499.6000,502.5000,254400,0
POLY.L,D,20150317,000000,507.5000,515.0000,503.0000,512.5000,251200,0
POLY.L,D,20150318,000000,514.0000,522.0000,508.0290,516.5000,348700,0
POLY.L,D,20150319,000000,523.0000,538.5000,521.2720,531.5000,272900,0
POLY.L,D,20150320,000000,534.0000,540.0000,526.0000,538.0000,491900,0
POLY.L,D,20150323,000000,544.5000,550.0000,538.5000,550.0000,253500,0
POLY.L,D,20150324,000000,550.0000,564.5000,547.3200,554.0000,382100,0
POLY.L,D,20150325,000000,559.0000,579.0000,555.5000,569.0000,373900,0
POLY.L,D,20150326,000000,583.0000,587.0000,563.0000,567.0000,543300,0
POLY.L,D,20150327,000000,567.0000,577.3800,552.5000,564.0000,349000,0
POLY.L,D,20150330,000000,569.0000,574.0000,553.5000,569.0000,290200,0
POLY.L,D,20150331,000000,566.0000,580.0000,557.0000,576.0000,17096400,0
POLY.L,D,20150401,000000,577.5000,580.0000,564.0000,577.0000,355500,0
POLY.L,D,20150402,000000,579.5000,586.5000,566.5000,569.0000,367900,0
POLY.L,D,20150403,000000,569.0000,569.0000,569.0000,569.0000,0,0
POLY.L,D,20150406,000000,569.0000,569.0000,569.0000,569.0000,0,0
POLY.L,D,20150407,000000,580.0000,589.0000,570.0000,581.5000,288600,0
POLY.L,D,20150408,000000,584.0000,590.0000,577.5000,581.0000,333400,0
POLY.L,D,20150409,000000,586.0000,587.0000,576.5000,577.5000,277200,0
POLY.L,D,20150410,000000,582.0000,590.5000,572.0000,578.5000,253200,0
POLY.L,D,20150413,000000,576.5000,585.0000,571.0000,576.5000,344900,0
POLY.L,D,20150414,000000,574.5000,585.5000,573.5000,578.5000,462100,0
POLY.L,D,20150415,000000,584.5000,586.5000,576.0000,578.5000,357900,0
POLY.L,D,20150416,000000,575.5000,586.5000,572.0000,572.0000,520900,0
POLY.L,D,20150417,000000,571.0000,580.0000,554.0000,561.0000,572800,0
POLY.L,D,20150420,000000,565.0000,569.5000,537.0000,543.5000,1513500,0
POLY.L,D,20150421,000000,540.0000,547.8500,538.0000,545.5000,223500,0
POLY.L,D,20150422,000000,542.5000,548.9200,529.5000,539.5000,519200,0
POLY.L,D,20150423,000000,544.0000,552.0000,534.5000,550.5000,337400,0
POLY.L,D,20150424,000000,554.0000,558.0000,548.0000,551.5000,270100,0
POLY.L,D,20150427,000000,553.0000,555.0000,531.0000,541.0000,268900,0
POLY.L,D,20150428,000000,542.0000,552.5000,536.0000,551.5000,196400,0
POLY.L,D,20150429,000000,548.5000,552.0000,531.5000,538.0000,411300,0
POLY.L,D,20150430,000000,531.5000,532.7130,518.5000,529.5000,533500,0
POLY.L,D,20150501,000000,528.0000,547.2800,528.0000,536.0000,122600,0
POLY.L,D,20150504,000000,536.0000,536.0000,536.0000,536.0000,0,0
POLY.L,D,20150505,000000,540.0000,546.5000,527.0000,539.5000,433800,0
POLY.L,D,20150506,000000,544.5000,555.0000,535.5000,550.5000,452400,0
POLY.L,D,20150507,000000,548.0000,553.9000,532.0000,543.5000,305300,0
POLY.L,D,20150508,000000,552.5000,577.5000,541.5000,563.5000,647900,0
POLY.L,D,20150511,000000,557.0000,572.5000,557.0000,558.5000,138200,0
POLY.L,D,20150512,000000,561.0000,571.0000,544.0000,547.5000,286400,0
POLY.L,D,20150513,000000,551.5000,568.5000,550.5000,566.0000,193800,0
POLY.L,D,20150514,000000,561.5000,567.0000,553.0000,557.5000,177100,0
POLY.L,D,20150515,000000,558.5000,558.5000,542.5000,552.0000,246800,0
POLY.L,D,20150518,000000,550.0000,565.5000,550.0000,558.5000,188500,0
POLY.L,D,20150519,000000,552.5000,561.5000,545.0000,548.5000,259600,0
POLY.L,D,20150520,000000,549.0000,567.5000,545.5000,561.0000,213600,0
POLY.L,D,20150521,000000,560.0000,572.0000,554.0000,558.5000,155600,0
POLY.L,D,20150522,000000,561.0000,567.0000,554.5000,558.0000,201700,0
POLY.L,D,20150525,000000,558.0000,558.0000,558.0000,558.0000,0,0
POLY.L,D,20150526,000000,551.5000,555.0000,542.0000,552.0000,154200,0
POLY.L,D,20150527,000000,546.5000,557.0000,544.5000,552.5000,223000,0
POLY.L,D,20150528,000000,552.5000,567.0000,550.0000,563.0000,298000,0
POLY.L,D,20150529,000000,562.0000,564.0000,548.5000,557.0000,348900,0
POLY.L,D,20150601,000000,554.0000,563.0000,548.5000,557.5000,138500,0
POLY.L,D,20150602,000000,560.0000,573.0000,548.5000,569.0000,174700,0
POLY.L,D,20150603,000000,566.0000,570.0000,556.0000,559.0000,186600,0
POLY.L,D,20150604,000000,555.0000,558.0000,529.0000,533.0000,398300,0
POLY.L,D,20150605,000000,531.0000,540.5000,525.5000,533.0000,208000,0
POLY.L,D,20150608,000000,541.0000,541.0000,527.0000,533.0000,108800,0
POLY.L,D,20150609,000000,535.5000,537.5000,528.5000,533.5000,167000,0
POLY.L,D,20150610,000000,535.0000,545.0000,530.0000,538.5000,155500,0
POLY.L,D,20150611,000000,540.0000,541.0000,533.4000,540.0000,124000,0
POLY.L,D,20150612,000000,541.5000,546.0000,530.4600,539.0000,123900,0
POLY.L,D,20150615,000000,533.0000,549.0000,533.0000,545.0000,216400,0
POLY.L,D,20150616,000000,546.0000,550.0000,541.0000,543.5000,116700,0
POLY.L,D,20150617,000000,544.0000,549.0000,539.0000,545.0000,174900,0
POLY.L,D,20150618,000000,553.5000,572.0000,547.8980,566.0000,326600,0
POLY.L,D,20150619,000000,573.5000,573.5000,555.0000,555.0000,614600,0
POLY.L,D,20150622,000000,555.0000,557.5000,543.0000,550.0000,132800,0
POLY.L,D,20150623,000000,547.0000,550.2300,536.0000,541.5000,179000,0
POLY.L,D,20150624,000000,543.5000,553.5000,537.0000,538.0000,103700,0
POLY.L,D,20150625,000000,535.0000,541.5000,528.0000,531.5000,242800,0
POLY.L,D,20150626,000000,528.5000,538.0000,525.0000,536.5000,154600,0
POLY.L,D,20150629,000000,523.0000,534.5000,519.5000,527.0000,122000,0
POLY.L,D,20150630,000000,520.5000,526.5000,517.0000,518.5000,278300,0
POLY.L,D,20150701,000000,515.5000,522.5000,510.0000,513.0000,385300,0
POLY.L,D,20150702,000000,512.0000,519.0190,510.5000,513.5000,173800,0
POLY.L,D,20150703,000000,515.0000,518.5000,510.0000,517.0000,107300,0
POLY.L,D,20150706,000000,508.0000,515.5000,503.5000,513.0000,154700,0
POLY.L,D,20150707,000000,509.5000,510.2280,483.8000,483.8000,219900,0
POLY.L,D,20150708,000000,484.0000,492.6000,476.3000,487.5000,218400,0
POLY.L,D,20150709,000000,495.0000,501.0000,490.2000,498.4000,240800,0
POLY.L,D,20150710,000000,509.0000,509.0000,495.0000,496.7000,152600,0
POLY.L,D,20150713,000000,484.0000,506.5000,484.0000,498.3000,163800,0
POLY.L,D,20150714,000000,487.6000,505.5000,487.6000,505.5000,297900,0
POLY.L,D,20150715,000000,506.0000,512.5000,496.3000,497.1000,250700,0
POLY.L,D,20150716,000000,496.8000,502.5000,495.0000,499.0000,159800,0
POLY.L,D,20150717,000000,496.8000,498.8000,474.7000,475.7000,260800,0
POLY.L,D,20150720,000000,474.0000,483.9000,474.0000,478.4000,228200,0
POLY.L,D,20150721,000000,475.5000,485.1000,472.8000,478.0000,208300,0
POLY.L,D,20150722,000000,475.0000,480.0000,468.7000,473.1000,290700,0
POLY.L,D,20150723,000000,474.5000,479.2000,462.9000,462.9000,176400,0
POLY.L,D,20150724,000000,456.7000,464.3000,447.2000,448.7000,170400,0
POLY.L,D,20150727,000000,458.9000,458.9000,438.0000,442.0000,231400,0
POLY.L,D,20150728,000000,431.7000,468.4000,424.2000,457.7000,624400,0
POLY.L,D,20150729,000000,459.3000,462.2000,443.5000,447.9000,238800,0
POLY.L,D,20150730,000000,447.9000,456.4000,447.9000,451.4000,258800,0
POLY.L,D,20150731,000000,453.6000,456.7000,443.2000,453.0000,124000,0
POLY.L,D,20150803,000000,441.5000,447.7000,429.9000,434.3000,116500,0
POLY.L,D,20150804,000000,435.7000,439.1000,424.2000,427.1000,217100,0
POLY.L,D,20150805,000000,430.0000,437.6000,427.1000,435.0000,173300,0
POLY.L,D,20150806,000000,428.9000,436.8000,426.3000,433.7000,99300,0
POLY.L,D,20150807,000000,443.8000,445.6000,431.4000,434.6000,141200,0
POLY.L,D,20150810,000000,439.5000,460.7000,433.2000,459.7000,253800,0
POLY.L,D,20150811,000000,450.4000,463.6000,441.3000,442.7000,256700,0
POLY.L,D,20150812,000000,434.1000,448.7000,434.1000,448.7000,361200,0
POLY.L,D,20150813,000000,451.5000,455.5000,443.0000,453.1000,168300,0
POLY.L,D,20150814,000000,456.4000,462.5000,452.6000,455.6000,118700,0
POLY.L,D,20150817,000000,461.6000,464.3000,451.3000,459.4000,82500,0
POLY.L,D,20150818,000000,469.9000,473.8000,458.7000,467.0000,219200,0
POLY.L,D,20150819,000000,466.6000,468.3000,447.3000,447.3000,193800,0
POLY.L,D,20150820,000000,458.0000,467.0000,450.1000,466.5000,495900,0
POLY.L,D,20150821,000000,461.4000,487.0000,461.4000,485.3000,684900,0
POLY.L,D,20150824,000000,473.9000,476.5000,441.0000,472.0000,530600,0
POLY.L,D,20150825,000000,471.5000,475.3000,452.6000,460.3000,404100,0
POLY.L,D,20150826,000000,459.0000,464.0000,444.0000,460.8000,335300,0
POLY.L,D,20150827,000000,468.0000,478.8000,462.2000,474.3000,302900,0
POLY.L,D,20150828,000000,465.4000,485.5000,459.3000,482.5000,408600,0
POLY.L,D,20150831,000000,482.5000,482.5000,482.5000,482.5000,0,0
POLY.L,D,20150901,000000,477.5000,488.8000,474.8000,483.2000,206500,0
POLY.L,D,20150902,000000,485.6000,485.6000,467.9000,472.5000,161200,0
POLY.L,D,20150903,000000,461.2000,487.8000,461.2000,482.4000,154200,0
POLY.L,D,20150904,000000,478.7000,481.5000,465.4000,466.2000,96000,0
POLY.L,D,20150907,000000,477.7000,477.7000,462.3000,466.6000,43700,0
POLY.L,D,20150908,000000,457.1000,474.6000,457.1000,474.6000,140100,0
POLY.L,D,20150909,000000,484.0000,504.5000,473.4000,496.7000,214363,0
POLY.L,D,20150910,000000,496.8000,536.0000,484.5000,524.5000,472021,0
POLY.L,D,20150911,000000,523.5000,534.0000,518.0000,520.5000,251542,0
POLY.L,D,20150914,000000,530.0000,542.5000,521.5000,529.5000,383651,0
POLY.L,D,20150915,000000,533.0000,547.0000,520.0000,533.6500,301653,0
POLY.L,D,20150916,000000,550.0000,564.5000,541.0000,555.5900,648275,0
POLY.L,D,20150917,000000,566.5000,566.5000,551.0000,562.2000,463023,0
POLY.L,D,20150918,000000,550.5000,560.5000,538.0000,550.5000,1768662,0
POLY.L,D,20150921,000000,536.0000,541.0000,530.0000,535.5000,362223,0
POLY.L,D,20150922,000000,546.0000,546.0000,529.5000,529.5500,339230,0
POLY.L,D,20150923,000000,541.0000,556.0000,537.5000,553.5000,198673,0
POLY.L,D,20150924,000000,553.0000,558.5000,538.5000,554.5000,163788,0
POLY.L,D,20150925,000000,555.0000,565.0000,546.0000,549.0000,194973,0
